Visibility for camera _SAM1013.JPG
3071
917 932.064 2454.48
949 839.735 1290.49
3355 954.67 1366.41
4111 1662.1 1539.07
4603 2077.62 1656.68
8636 2521.95 1721.15
8990 1682.6 1752.44
9904 988.606 1283.43
10209 1697.86 1559.94
10822 3018.17 2153.08
10955 1691.59 2228.04
10979 1381.38 2288.08
11009 1162.21 2352.35
11049 2586.11 2086.2
11175 1455.09 1259.83
11187 2201.84 2042.49
11192 1331.86 2214.56
11229 844.667 2620.17
11274 1454.38 2210.93
11275 1636.27 2205.91
11322 1457.75 2275.36
11337 1631.42 2173.95
11369 2812.31 2104.73
11417 1846.13 2218.46
11503 1315.41 2300.28
11529 988.903 2392.91
11649 1196.41 2354.05
11696 759.695 2452.89
11697 889.689 2481.18
11710 1641.18 2245.19
11744 1841.29 2290.92
11754 796.205 2418.46
11822 1474.04 2223.83
11888 970.191 1162.96
11894 894.73 2458.25
11929 938.213 2611.08
11939 905.967 2553.25
11952 2437.42 2093.99
11956 1855.81 2196.35
11957 1833.56 2202
11961 1223.86 2262.87
11982 2967.04 2212.26
11988 2495.26 2118.44
12008 699.43 2417.82
12018 2640.03 2090.31
12022 1347.11 2191.69
12032 844.667 2620.17
12040 1142.03 2235
12060 906.218 2645.66
12064 1020.26 2579.31
12078 2095.16 2050.73
12080 2385.44 2073.83
12108 2515.93 1423.26
12124 2591.97 2031.53
12125 2127.41 2050.32
12129 722.725 2465.01
12150 767.109 2428.33
12167 2362.23 2061.47
12196 1258.06 2384.32
12256 2487.65 2029.38
12261 2779.78 2137.69
12280 1370.32 2280.86
12284 953.047 2524.98
12316 1497.32 2147.24
12332 1320.77 2363.67
12357 676.213 2420.28
12403 946.058 2486.12
12437 2984.38 2121.28
12449 2852.68 1641.75
12458 1168.61 2255.3
12469 1228.92 2282.66
12476 1336.78 2281.34
12504 1099.93 2336.04
12517 1826.67 2233.66
12530 3003.92 2075.88
12535 821.501 2427.26
12541 1189.87 1278.91
12556 1684.24 2136.04
12690 2351.17 2019.21
12693 1389.67 2112.31
12725 1140.45 2274.36
12736 2356.2 2049.82
12752 707.742 2516.08
12788 1644.47 1835.07
12801 894.992 2490.58
12857 1803.86 2170.49
13044 1323.02 2121.57
13102 597.092 994.611
13249 1843.98 2088.84
13265 3475.28 1871.78
13273 1651.77 2253.54
13280 4761.85 1765.36
13294 3031.57 2024.03
13300 810.186 2500.58
13301 1257.56 2173.1
13310 2456.64 2081.48
13317 1833.78 2247.98
13342 2385.44 2073.83
13437 2436.12 2010.49
13438 1370.08 2140.84
13478 1683.85 2088.49
13538 3315.94 1841.4
13552 1862.04 2132.97
13566 3333.57 1924.74
13571 1916.82 2080.41
13616 1752.57 2079.51
13649 2475.93 2013.75
13661 1190.87 2261.09
13702 1874.79 2126.99
13707 1615.83 2083.08
13726 1922.3 1942.32
13729 1207.69 2216.49
13822 2785.32 1984.85
13848 649.458 2382.62
13853 1456.05 2223.52
13974 2358.62 1907.29
13979 1747.43 2194.29
13984 638.17 2355.09
14011 1060.76 2170.63
14028 1250.62 1813.04
14098 3501.71 1877.65
14109 1295.32 2212.51
14153 1312.49 2259.7
14163 1466.07 1829.45
14171 1322.72 1970.52
14265 1092.33 2176.37
14603 1865.37 1912.42
14650 855.268 2526.81
14696 3052.18 2062.53
14734 2457.51 1865.98
14735 1509.4 2027.24
14740 1420.62 2205.97
14747 1718.16 1998.12
14750 1068.16 2203.25
14752 4832.33 1723.78
14760 868.377 2019.85
14761 1845.39 1982.62
14768 2076.45 2029.45
14769 2510.82 1961.17
14771 1132.94 1927.8
14776 1251.5 1994.79
14784 747.656 2173.88
14803 2955.15 1745.15
14829 726.353 1789.02
14834 1412.41 1879.31
14839 987.277 2305.4
14854 1350.66 2224.7
14870 687.204 2342.01
14875 2254.05 1934.92
14876 2254.05 1934.92
14879 1150.57 2319.02
14883 1359.78 1997.11
14912 1433.26 1846.01
14914 1563.09 2273.4
14929 683.922 2620.38
14931 2235.2 1954.52
14949 3406 1820.99
14985 784.998 2311.75
14987 1569.59 1829.97
14998 1532.15 2070.51
15002 617.542 2130.7
15004 3014.3 2054.12
15005 2672.3 1938.2
15009 799.509 2234.42
15017 2480.22 1956.88
15046 2626.1 1908.7
15053 3511.28 1841.45
15064 1082.25 2229.02
15066 1555.03 1980.83
15067 2949.66 1756.4
15079 3496.1 1852.62
15083 2750.2 1952.2
15084 3455.17 1800.83
15103 1221.51 1732.35
15106 2067.16 1987.6
15107 649.244 2020.52
15116 3603.81 1808.02
15117 1422.36 2106.95
15123 2095.39 1617.71
15158 1866.19 2223.88
15159 1142.66 1998.07
15160 1140.97 1968.01
15165 2568.11 1905.02
15174 2426.34 2042.06
15176 1138.12 2049.05
15186 1559.86 2148.47
15192 2478.94 1896.14
15214 1155.58 2077.06
15220 672.227 2140.2
15225 2869.1 1903.55
15239 747.239 2259.42
15241 785.428 2047.28
15253 4063.61 1805.77
15259 1516.04 2196.15
15272 1785.12 2059.86
15280 1359.41 1806.77
15283 2127.72 1908.04
15287 1322.72 1970.52
15292 2402.8 1940.99
15302 919.59 2187.84
15314 586.34 1813.41
15317 1331.02 2231.82
15326 3727.07 1801.29
15328 2717.13 1809.86
15329 3425.63 1866.87
15335 1621.58 2070.28
15340 1381.81 1924.42
15347 3502.43 1800.81
15373 1575.02 2071.86
15374 3921.51 1796.81
15382 3481.19 1874.55
15396 2199.13 1962.31
15397 2199.13 1962.31
15398 3519.3 1860.63
15414 1495.6 2040.71
15415 575.295 2141.14
15433 807.493 1906.46
15452 646.244 1801.95
15453 3380.82 1918.99
15457 1528.22 1813.56
15460 1097.81 2368.7
15469 701.443 1961.26
15484 2359.64 1955.87
15497 664.199 1957.45
15504 633.305 1886.04
15508 2176.46 1989.31
15509 1153.79 2107.22
15512 1322.36 2031.81
15519 862.512 2222.45
15524 3461.33 1811.85
15529 2269.92 1861.78
15534 1397.46 1824.02
15556 1165.72 2046.56
15557 1736.25 1816.14
15560 3986.3 1791.58
15567 1100.01 1714.04
15586 3406.63 1869.32
15608 2862.83 1888.91
15609 2836.01 1885.56
15630 1130.59 1798.77
15640 2275.36 1977.51
15650 2429.23 1838.04
15651 1346.2 1947.44
15685 1457.69 1818.75
15689 1823.44 2121.78
15696 1100.32 1960.78
15711 4298.48 1577.42
15725 1192.97 1897.6
15727 1489.07 1773.54
15743 603.577 1819.35
15764 622.717 2061.62
15766 990.42 2166.37
15799 1787.15 2021.19
15801 742.871 2209.81
15802 933.02 1932.7
15804 2702.92 1816.24
15811 1244.95 2126.9
15828 950.482 1919.41
15833 2884.26 1856.75
15840 2497.43 1859.47
15847 1272.97 1701.7
15849 1772.68 2019.76
15850 778.737 2364.34
15859 868.025 1943.83
15863 874.69 2156.12
15864 2306.66 2007.78
15865 1314.39 2207.72
15866 3089.55 1948.42
15868 3092.69 1908.39
15874 1996 2007.76
15876 3047.32 1744.45
15878 2650.97 2074.39
15879 1502.77 1759.4
15882 3065.51 1923.89
15884 1972.85 2020.73
15888 2897.34 1816.58
15897 1750.98 1846.2
15903 1093.84 2112.6
15904 1093.84 2112.6
15905 1863.36 2110.89
15906 1535.94 1772.45
15911 2524.38 1801.95
15912 2524.38 1801.95
15914 2338.98 1798.55
15918 2915.62 1501.24
15925 1077.69 1900.08
15928 1415.36 1394.79
15931 1605.73 1747.43
15933 1338.62 1949.09
15938 575.622 1811.64
15944 1571.22 2064.54
15951 3484.58 1840.23
15955 692.49 1921.5
15959 1557.46 1857.5
15963 710.063 2084.07
15964 799.509 2234.42
15970 783.303 1762.1
15973 947.802 2167.68
15974 3758.28 1843.55
15975 1724.71 1838.36
15977 1204.14 1872.89
15978 3332.12 1827.66
15983 997.136 2036.82
15984 716.448 2148.17
15985 939.545 2269.82
15987 1434.13 2048.94
15988 2461.23 1911.72
15993 1004.37 2548.73
16000 1569.59 1829.97
16003 1432.52 1686.13
16010 687.904 1783.58
16014 582.773 1767.25
16015 3517.36 1955.88
16019 4496.8 1868.15
16023 1175.88 2095.43
16024 588.778 1869.85
16025 2032.94 1573.84
16027 1620.27 1926.07
16031 1504.57 1784.21
16033 670.592 1801.96
16034 652.051 1780.96
16035 1215.74 1903.04
16036 1863.97 1999.48
16040 917.693 1775.42
16046 668.429 2003.06
16047 668.429 2003.06
16050 958.858 2191.25
16054 2051.46 1757.28
16057 1682.6 1752.44
16062 2275.45 1784.37
16063 1219.47 1747.34
16066 2865.21 1767.57
16067 1754.29 1768.27
16068 877.56 1740.92
16069 877.56 1740.92
16070 2400 1887.07
16071 697.56 2229.46
16072 763.386 2294.72
16080 586.638 2210.94
16082 1236.68 1906.62
16087 2500.94 1935.99
16088 1577.63 1866.34
16090 1714.55 1994.12
16092 4110.21 1763.74
16096 1010.71 1925.84
16097 2609.62 1866.31
16108 1496.48 1841.33
16113 551.74 1711.64
16126 1366.88 2210.96
16127 4717.36 1690.02
16140 3562.34 1872.43
16144 3587.15 1797.17
16145 2756.84 1791.86
16146 1378.36 2092.76
16152 2177.24 1786.83
16153 3268.42 1783.04
16155 1183.11 1809.07
16160 2674.34 1834.17
16163 2372.33 1759.28
16166 2660.87 1796.95
16172 1109.32 1794.88
16173 836.134 2265.91
16176 846.401 2124.09
16177 1679.17 1798.28
16185 4272.32 1610.23
16186 2689.19 1804.13
16189 1168.91 1882.83
16200 1730.11 1729.14
16208 563.209 1572.21
16211 712.02 1703.46
16216 716.952 1818.04
16220 1153.01 1833.75
16221 744.48 1998.9
16223 4301.35 1897.33
16225 2667.38 1816.57
16229 1175.08 1703.03
16233 917.77 1746.52
16235 2194.7 1918.11
16245 1507.08 1734.48
16249 953.633 1868.09
16252 907.884 2299.05
16257 984.827 2077.62
16260 979.4 1878.8
16262 2508.92 1983.43
16265 4060.61 1572.81
16267 1217.45 2018
16268 1103.16 2146.35
16274 3025.84 1856.23
16275 1717.7 1913.55
16276 589.582 2082.44
16278 696.63 1777.74
16279 4128.37 1783.41
16280 1421.29 1857.84
16281 1419.21 1838.33
16282 1384.16 1742.48
16288 989.454 2222.42
16290 898.865 1895.48
16291 898.865 1895.48
16293 610.009 2189.21
16294 1172.87 1793.95
16295 1172.87 1793.95
16299 666.731 2260.95
16300 779.523 1738.21
16303 1616.44 1816.19
16307 2626.35 1966.44
16310 3498.6 1867.38
16313 771.522 1997.33
16317 624.178 1827.37
16322 1236.63 1742.94
16327 1285.23 1758.17
16328 2388.77 1755.39
16332 1753.42 1970.08
16335 898.212 2096.55
16337 746.961 1962.61
16338 778.594 1838.75
16340 1764.38 2040.89
16344 2868.17 1799.56
16347 638.415 1926
16349 778.724 1908.48
16354 762.981 2209.62
16355 1138.55 1811.93
16356 1138.55 1811.93
16367 2820.64 1826.48
16368 2084.26 1732.99
16369 1322.04 1933.46
16373 2154.04 1943.01
16374 1775.24 1744.78
16375 2866.41 1820.44
16385 1604.8 1841.14
16392 3211.8 1775.86
16393 2053.13 1877.82
16399 816.237 2005.4
16400 816.237 2005.4
16401 1249.26 1706.85
16405 1215.98 1962.44
16406 1215.98 1962.44
16408 2637.56 1827.54
16410 1481.44 1851.37
16416 627.896 2245.46
16417 951.369 1813.07
16419 1552.86 1902.74
16423 2172.74 1913.3
16427 2789.47 1900.53
16429 665.974 1768.72
16431 952.501 1833.42
16433 1580.44 1889.17
16434 1580.44 1889.17
16437 2201.32 1795.04
16444 1192.86 2119.35
16446 1678.24 1934.07
16452 1205.13 2042.35
16453 610.551 2065.49
16454 610.551 2065.49
16455 851.022 2184.16
16456 1226.6 2008.11
16457 980.479 1917.85
16462 1701.88 1970.07
16464 762.706 2107.52
16465 2235.76 1817.91
16466 2503.12 1902.56
16468 1761.63 1946.88
16471 1591.22 1789.14
16472 2171.19 1962.92
16473 550.065 1895.09
16474 841.242 1877
16475 800.813 2011.09
16478 3198.24 1909.44
16479 1494.43 1953.38
16481 1458.86 2062.92
16484 2335.16 1761.38
16485 1231.2 1781.04
16487 659.362 1973.96
16493 703.964 1797.9
16494 703.964 1797.9
16495 2405.58 1958.9
16496 882.394 1779.63
16497 1745.24 2044.69
16499 2506.65 1982.03
16504 925.678 2084.21
16509 3411.27 1887.98
16514 911.833 1857.41
16516 643.722 2054.21
16521 3547.64 1890.3
16522 3850.43 1840.48
16523 1541.47 1842.83
16526 2245.73 1988.27
16527 2860.74 2163.89
16528 1394.87 1922.64
16539 1609.32 1889.51
16546 627.929 1903.69
16549 798.391 1915.74
16556 2842.42 1789.07
16559 3186.85 1851.5
16566 1126.78 1903.86
16576 2076.96 2044.7
16582 651.155 1721.14
16583 690.316 1823.44
16585 1230.21 2085.97
16586 2623.96 1800.27
16587 3154.8 1913.83
16600 2723.02 1960.04
16602 1595.27 1827.37
16603 1595.27 1827.37
16606 1501.38 1884.33
16609 2377.94 1810.08
16612 620.72 1696.47
16613 620.72 1696.47
16614 611.1 1891.55
16622 625.624 2286.37
16627 888.932 2023.61
16628 1786.76 1695.67
16634 617.82 1840.7
16638 703.577 1813.47
16639 631.047 2144.16
16640 1578.95 1967.25
16641 716.152 1966.27
16645 766.4 2157.61
16646 2837.66 1976.37
16652 2887.17 1876.38
16654 612.803 2009.2
16659 1419.43 1747.4
16666 1193 1991.33
16675 715.434 2329.61
16676 2183.67 1798.67
16678 1683.25 1777.04
16679 3784.22 1775.6
16680 3090.99 1760.3
16686 969.615 1948.35
16688 1458.63 1866.06
16691 2861.67 1920.3
16692 880.244 1992.19
16693 2890.09 1747.09
16704 925.201 1889.74
16705 1106.41 1700
16706 1538.41 1866.8
16707 769.998 1709.48
16717 865.317 1761.68
16721 1760.76 1983.93
16722 734.112 2234.74
16723 734.112 2234.74
16725 2110.21 1805.8
16727 2366.97 1930.29
16728 984.084 2047.03
16729 801.475 1694.74
16736 1669.21 2021.9
16740 645.046 1958.68
16741 881.119 2254.54
16744 967.836 1923.73
16747 955.191 2053.54
16748 1195.62 1778.8
16749 1195.62 1778.8
16750 3071.35 1970.79
16757 2630.25 1953.53
16758 2811.93 1979.69
16759 2211.24 1941.5
16770 609.303 1962.74
16774 1489.37 1885.51
16783 795.038 2110.46
16784 795.038 2110.46
16786 699.449 2298.07
16787 1563.6 2057.12
16792 1136.92 2018.78
16794 1530.46 1878.27
16799 3584.22 1786.07
16805 1218.1 1999.37
16808 3082.01 1800.55
16809 1067.33 2100.9
16811 3067.65 2039.32
16812 2818.66 1813.78
16821 615.789 2110.8
16822 1196.89 1748.38
16830 1113.28 1929.66
16831 593.72 2277.21
16832 816.753 1932.75
16837 1547.16 2031.49
16839 1120.04 2046.57
16842 750.061 1890.26
16845 1053.23 1929.92
16846 1538.84 2055.94
16849 716.072 1781.65
16855 2355.63 1753.29
16856 2838.91 1960.05
16861 1093.95 1661.78
16866 2518.27 1781.66
16870 969.922 2062.41
16873 2224.65 1834.54
16875 582.395 2191.54
16876 2557.57 1778.06
16877 1719.51 1868.94
16878 3157.38 2030.56
16879 2584.45 1814.69
16880 644.304 1735.06
16881 749.145 2218.69
16884 2402.27 1916.19
16887 2225.01 1798.1
16889 3724.15 1931.21
16892 2602.3 1783.42
16893 2137.73 1742.63
16894 3652.03 1997.15
16898 761.46 1960.27
16899 2691.46 1743.64
16900 1179.66 2040.72
16901 1179.66 2040.72
16902 623.614 1913.62
16903 3278.37 1924.17
16905 834.999 1816.37
16907 1238.99 1865.92
16909 2158.27 1878.19
16910 1477.94 1825
16915 1039.17 2097.86
16916 2084.55 1904.43
16917 1972.85 2020.73
16922 3699.79 1807.97
16924 717.503 2189.9
16925 718.394 2189.72
16927 923.945 1735.5
16931 2251.99 1770.98
16936 1152.33 1767.79
16939 2746.34 1763.82
16940 1231.49 2167.39
16941 2804.78 1839.66
16942 1724.27 1897.54
16943 634.73 1944.24
16945 1034.01 1879.93
16948 639.474 1701.83
16950 836.127 2162.45
16951 2432.02 1638.56
16952 4797.25 1698.32
16956 1845.58 1946.53
16957 2167.3 1818.48
16958 1501.62 1976.62
16959 2436.48 1781.2
16960 970.904 1791.4
16962 1998.64 1752.01
16966 1432.58 1944.14
16970 2491.63 1736.49
16971 1559.43 2015.91
16972 1409.8 1728.44
16975 1337.46 1680.6
16976 796.268 2202.88
16979 3045.64 1861.9
16980 900.142 2275.1
16981 1867.43 1711.69
16982 1083.05 2146.3
16985 2117.36 1762.09
16986 1204.67 1822.47
16987 2794.05 1740.09
16989 2817.82 1921.59
16990 597.265 1657.43
16991 1905.68 2039.64
16992 969.031 1658.54
16998 2523.35 1933.26
17000 912.928 2095.72
17002 1252.07 1837.73
17007 740.702 2311.57
17009 2888.88 2001.83
17011 4198.66 1769.73
17014 1864.41 1962.87
17015 1702.77 1922.87
17018 869.088 1633.65
17019 1558.22 1936.17
17020 2910.82 1982.31
17024 874.468 2047.48
17025 699.997 1683.93
17030 2034.74 1867.92
17036 384.558 3135.49
17039 792.264 2174.64
17041 4339.14 1608.47
17042 2457.03 1953.5
17045 4164.15 1749.27
17046 2291.83 1837.21
17047 1648.06 1792.54
17049 2813.01 1894.31
17050 1146.5 2117.15
17051 757.865 1793.45
17052 757.865 1793.45
17054 2831.47 1738.08
17055 1348.45 1414.12
17057 2173.88 1753.87
17058 2173.88 1753.87
17059 1183.11 1809.07
17060 1254.68 2099.28
17065 952.073 2312.45
17068 588.778 1869.85
17069 1054.24 1893.31
17070 2269.16 1912.03
17071 1748.36 1790.03
17073 854.257 1700.28
17075 3621.4 1795.01
17076 861.955 1801.06
17077 697.997 2022.25
17078 1591.86 2032.34
17079 4226.29 1777.68
17081 2675.17 1894.15
17082 560.495 2164.01
17083 366.816 3289.96
17084 2314.84 1842.47
17085 606.597 2290.95
17086 2654.78 1734.56
17087 1361.32 1705.77
17088 2275.45 1784.37
17089 928.7 2027.74
17090 293.916 2724.83
17094 2128.21 1720.11
17096 3466.44 1785
17097 1703.68 1761.82
17101 1130.64 1986.94
17102 1195.6 2057.89
17104 646.7 1848.59
17105 3582.23 1818.32
17108 1377.35 1886.12
17109 1904.01 2002.37
17113 1133.26 1725.08
17115 1004 1797.21
17119 1581.72 1902.26
17120 1581.72 1902.26
17121 1616.1 1720.26
17122 612.533 1742.71
17123 1540.86 1723.35
17124 704.586 1765.88
17126 2461.63 1988.05
17129 836.989 2215.3
17130 734.35 1982.89
17132 2319.48 1952.35
17133 1585.99 1700.59
17142 2380.08 1838.86
17145 1164.89 2118.9
17150 2723.34 1755.13
17152 2109.92 1518.18
17154 1628.09 1835.36
17157 484.855 1429.33
17158 584.325 1933.71
17161 631.388 1659.79
17166 805.949 1659.61
17167 2559.69 1838.58
17168 2400.23 1539.94
17170 905.911 2016.47
17172 4540.88 1869.9
17173 586.34 1813.41
17176 987.29 1674.58
17177 1746.99 1551.51
17179 580.054 1646.46
17180 3327.82 1849.93
17181 2819.85 1796.62
17182 918.758 1966.52
17183 650.322 1888.2
17187 907.735 2500.19
17188 999.266 2116.42
17189 1189.16 1962.91
17192 3823.82 1778.25
17194 981.83 2028.39
17195 739.124 1684.49
17200 3613.9 1815.7
17205 1492.8 2082.35
17207 1691.08 1980.9
17209 693.456 1659.9
17211 2219.92 1601.8
17213 1634.86 1913.95
17215 2537.5 1745.29
17216 2537.5 1745.29
17217 2537.5 1745.29
17218 1754.51 1568.73
17224 1099.47 1872.87
17226 4303.72 1754.8
17229 539.811 1697.21
17233 576.306 1646.64
17234 634.713 2321.71
17237 729.353 1038.2
17238 2925.26 1788.4
17240 951.687 1712.23
17241 951.687 1712.23
17242 858.3 1732.76
17244 4012.29 1836.8
17247 4075.37 1757.92
17248 3803.75 1583.22
17249 991.142 2262.86
17250 366.706 3516.29
17252 1448.73 2095.08
17257 688.689 1809.38
17259 828.95 2036.72
17260 1131.02 2078.95
17261 2845.18 1768.05
17264 1332.97 1783.38
17265 546.749 1530.32
17269 2779.96 1913.12
17271 968.868 1471.41
17272 1128.91 2154.29
17278 3384.74 1818.27
17279 712.112 2166.99
17282 1584.23 1739.25
17283 1922.3 1942.32
17285 2385.9 1822.08
17286 2385.9 1822.08
17290 3943.31 1913.44
17291 1732.23 2048.28
17293 810.187 2062.82
17296 1738.5 1915.74
17298 1116.83 2099.56
17299 1007.13 1916.63
17304 2564.32 1720.16
17305 2357.59 1716.35
17308 4362.37 1687.53
17309 1299.66 2034.05
17310 1629.99 2021.28
17312 1093.66 2198.2
17313 866.229 2256.57
17314 1959.4 1718.37
17317 638.401 1763.84
17318 1696.05 1809.27
17319 2507.41 1507.36
17321 694.282 1912.54
17322 654.951 2064.48
17324 2882.38 1906.03
17325 2357.28 1889.32
17327 1193.15 2119.29
17329 1489.14 1706.96
17331 980.441 1898.18
17332 2143.55 1769.02
17337 858.608 2196.82
17338 858.608 2196.82
17340 684.133 2578.92
17344 785.29 1669.11
17347 633.159 2017.45
17348 603.924 1998.96
17351 749.554 2183.19
17352 775.491 1879.24
17353 1522.73 1727.93
17356 2626.27 1696.87
17357 2111.69 1910.08
17358 984.635 1792.09
17360 2978.75 1737.41
17362 1334.27 1933.78
17364 1236.63 1742.94
17365 1761.63 1946.88
17366 4282.95 1519.24
17368 2549.9 1819.01
17369 2337.85 1984.83
17375 1649.99 1888.58
17376 2512.95 1460.41
17378 1512.59 1684.52
17386 702.122 2036.38
17387 2514.46 1866.9
17390 3183.69 1923.84
17391 2874.07 1588.63
17392 2874.07 1588.63
17393 1216.21 2096.51
17394 840.191 2320.27
17395 1078.25 1832.8
17396 3658.56 1794.47
17397 1169.3 2002.91
17399 3801.41 1942.48
17400 1167.25 2021.75
17404 698.452 1645.8
17405 739.274 2010.14
17406 1243.27 1481.85
17407 3904.48 1920.74
17410 1228.64 1972.89
17413 953.655 1756.02
17415 601.887 1972.21
17416 1333.76 2092.2
17417 929.216 2060.73
17418 2727.52 1854.59
17420 4340 1589.12
17422 1063.18 1414.69
17424 1966.09 1857.27
17425 3865.04 1759.57
17426 880.244 1992.19
17427 897.019 2083.09
17428 4560.39 1873.33
17429 648.863 1872.96
17432 4764.59 1649.03
17433 2048.34 1960.42
17438 2387.05 1860.65
17439 761.881 1671.29
17443 1000.31 1152.86
17444 1294.52 1366.46
17445 4366.64 1613.43
17446 826.596 1766.02
17449 2847.88 2070.45
17451 2942.27 1789.35
17453 665.518 2281.71
17454 666.51 2281.48
17455 2996.55 1850.92
17457 991.401 2243.14
17458 2733.55 1812.89
17459 2733.55 1812.89
17463 772.593 1804.34
17467 626.678 2286.12
17469 1372.61 1802.74
17471 2757.59 1869.41
17472 4330.02 1762.4
17473 2274.4 1720.48
17474 785.108 1991.78
17475 565.187 1911.32
17478 929.059 1758.87
17479 1226.19 2102.84
17481 1102.08 2075.2
17482 951.002 2136.82
17483 951.002 2136.82
17486 2745.56 1960.24
17487 1508.95 2042.73
17489 1492.92 1735.21
17490 993.616 2318.48
17491 3414.61 1774.43
17492 789.095 2055.17
17493 2402.11 1977.23
17494 2402.11 1977.23
17496 1404.39 1540.84
17497 1157.42 1904.51
17498 754.847 1878.84
17501 551.191 1818.41
17502 4067.94 1770.47
17504 2037.33 1775.3
17506 4170.72 1772.82
17507 967.836 1923.73
17508 1319.93 2333.14
17509 4344.24 1634.66
17510 3711.21 1992.14
17517 2673.78 1732.63
17518 1545.02 1753.15
17522 966.702 2165.68
17523 3597.76 1878.04
17525 1722.21 2016.41
17526 2377.94 1810.08
17529 2145.31 1757.62
17531 769.447 2271.57
17532 1883.07 2165.69
17537 681.425 2239.71
17538 1354.96 2017.97
17539 741.597 2081.84
17540 4365.07 1663.89
17544 2117.79 1790.31
17545 2607.09 1942.39
17547 1938.87 1835.13
17548 955.191 2053.54
17549 1557.16 1714.04
17551 1100.32 1960.78
17552 1130.46 2008.3
17555 3480.12 1765.64
17556 644.873 2272.57
17558 663.537 1987.23
17561 1497.7 1318.57
17562 1241.35 2053.63
17564 4305.31 1774.66
17565 625.208 2082.16
17566 1769.61 1920.44
17573 1148.36 1810.41
17574 1700.88 2038.41
17577 1287.67 2027.62
17578 2778.36 1934.61
17580 1582.63 1951.05
17581 698.57 1739.57
17583 2180.35 1541.75
17585 2493.56 1847.59
17586 3741.99 1532.46
17589 1296.89 1694.28
17592 1289.63 2088.98
17593 2146.44 1784.31
17594 2869.51 1781.98
17598 2101.78 1917.82
17604 1394.69 1460.27
17605 1420.94 1766.02
17606 582.614 1910.36
17607 3958.7 1532.49
17609 659.951 1939.5
17610 659.951 1939.5
17612 3071.64 1817.22
17613 787.735 2224.02
17614 611.501 1980.03
17616 1200.14 1720.45
17617 1573.76 1347.12
17618 627.923 2225.64
17619 627.923 2225.64
17620 628.949 1937.37
17624 214.902 2693.44
17626 2549.53 1855.97
17628 1510.1 1875.59
17629 2415.36 1809.39
17633 669.686 1824.32
17638 1210.43 1683.55
17644 3190.02 1832.8
17645 2574.83 1818.31
17647 652.521 2193.5
17648 714.142 1850.96
17649 237.318 2914.86
17650 236.236 3076.78
17651 659.103 2224.9
17652 659.103 2224.9
17654 4297.18 1534.29
17655 692.919 2173.26
17656 1511.49 1830.91
17657 1486.89 1400.65
17659 923.834 1374.38
17660 1222.74 1716.64
17661 3447.94 1860.21
17662 1218.1 1999.37
17663 1510.45 1984.78
17664 1093.71 1600.5
17668 2751.63 1526.51
17670 679.201 2034.66
17671 2320.64 1909.93
17672 1321.04 1679.16
17673 1321.04 1679.16
17674 605.278 2119.7
17675 696.623 1876.62
17676 1522.33 1391.93
17677 693.919 2192.82
17678 2242.95 1748.54
17681 2498.34 1958.73
17683 2849.93 1824.91
17684 3993.93 1561.81
17685 682.004 1743.5
17686 2046.73 1721.34
17689 3084.82 1770.98
17691 915.62 1654.6
17693 562.148 2131.65
17694 1509.94 1939.35
17698 1551.57 1832.93
17699 1756.05 1883.41
17701 1102.08 1848.64
17704 827.946 1886.86
17705 832.287 1819.43
17706 832.287 1819.43
17708 661.074 2074.99
17709 809.281 2081.48
17710 911.624 1082.06
17711 2848.9 1812.84
17713 1389.83 1677.88
17715 1781.96 1492.99
17716 2280.54 1823.02
17719 718.216 1678.09
17720 2556.41 1780.88
17722 769.158 1934.93
17723 1320.71 1769.16
17724 216.216 2608.7
17727 1128.77 1302.09
17730 1797.06 1790.35
17733 783.356 2151.35
17734 1240.22 1894.28
17736 740.325 1667.54
17739 3898.47 1801.32
17741 2861.61 1942.34
17744 1599.09 1765.65
17748 788.954 1977.43
17749 2941.4 2219.08
17751 904.479 2046.56
17754 2906.56 1933.83
17755 820.747 1834.4
17757 1610.39 2031.92
17758 2856.5 1899.33
17759 2856.5 1899.33
17765 712.897 2189.54
17766 768.403 2142
17767 1535.51 1888.88
17769 3904.75 1933.18
17770 950.255 1688.26
17772 1221.87 2057.07
17773 1221.61 2057.12
17777 2063.98 1895.35
17778 1624.62 1937.77
17779 1928.37 1878.34
17783 568.799 1479.12
17785 585.002 1882.09
17789 2415.89 1892.17
17792 823.973 1387.6
17793 823.973 1387.6
17796 2093.01 1740.59
17797 923.163 1848.26
17798 1714.2 1797.71
17801 934.561 1872.25
17803 672.27 1720.69
17804 1547.94 1763.51
17805 1547.94 1763.51
17806 1519.31 1979.55
17807 1519.31 1979.55
17808 2988.33 1727.34
17809 1422.4 1489.88
17812 3926.68 1566.27
17813 1458.79 2023.45
17817 2646.48 1915.83
17819 628.799 1676.05
17832 1495.09 1420.2
17836 3573.66 1891.71
17838 2887.76 1530.69
17842 964.333 1893.5
17843 2531.54 1743.24
17844 3595.51 1827.38
17846 812.271 2510.74
17848 1662.29 2093.51
17849 727.879 2840.92
17850 2247.46 1537.72
17854 2899.25 1951.15
17855 2590.72 1714.77
17858 4084.08 1645.43
17859 3136.43 1759.95
17860 558.003 1862.76
17862 4063.02 1607.76
17866 967.022 1741.7
17868 1380.57 1712.31
17869 1301.38 2372.34
17870 965.133 1660.52
17871 1504.61 1911.22
17876 597.533 1331.42
17877 3097.15 1852.89
17878 2588.6 1632.79
17879 576.011 1399.38
17880 868.377 2019.85
17882 1133.27 1927.77
17885 229.011 1173.33
17886 387.13 3325.49
17892 1590.17 1668.12
17893 2529.42 1600.74
17895 3203.26 1813.67
17896 1286.88 1315.51
17897 305.608 637.14
17898 3056.87 2004.15
17899 1276.18 1601.12
17900 1510.91 1487.73
17901 1506.04 1779.75
17904 665.294 1729.76
17905 1150.65 2364.78
17907 4033.95 1801.25
17909 663.524 2448
17910 4045.91 1571.87
17914 1057.08 2278.08
17915 2955.15 1745.15
17916 2372.12 1594.27
17919 1539.38 2086.72
17920 1620.75 1838.51
17922 3195.43 1883.13
17923 1305.98 1554.42
17924 4314.66 1559.99
17925 792.313 1541.05
17926 890.737 1670.91
17928 2138.89 1563.36
17930 4109.91 1786.66
17939 692.764 1556.18
17940 1313.4 1411.81
17942 1842.51 1520.9
17943 4221.37 1667.03
17944 3048.73 1686.29
17945 1580.22 1600.96
17947 1078.96 1566.18
17950 3604.97 1777.76
17951 862.986 2554.2
17952 3369.36 1798.72
17953 711.167 1097.75
17960 795.305 2402.25
17961 892.955 70.8896
17965 2347.23 1639.36
17967 3037.09 1604.43
17968 627.865 1299.85
17969 2165.45 2022.73
17971 1239.32 1326.65
17975 1411.01 1481.66
17976 4749.28 1652.73
17977 4749.28 1652.73
17978 2842.47 1912.21
17980 4317.65 1600.41
17981 763.078 1862.84
17982 3769.4 1574
17984 843.022 341.196
17985 843.092 370.751
17986 2313.45 1715.69
17987 848.847 2665.51
17988 3405.09 1852.09
17989 1647.14 1876.46
17991 738.26 1717.32
17992 659.475 2509.36
17993 1557.11 1736.77
17995 1518.78 2101.75
17996 1779.33 1631.24
17997 602.136 1471.23
17998 603.2 1471.41
17999 2915.62 1501.24
18001 1681.95 1524.05
18004 1228.65 1715.99
18006 2599.92 2043.88
18007 2766.24 1556.7
18008 1998.47 1702.61
18010 1372.29 1415.31
18011 1268.9 2260.71
18013 1651.45 1647.66
18014 1651.45 1647.66
18016 1976.58 2181.8
18018 4130.34 1660.7
18019 2036.01 1436.18
18022 1606.38 1589.33
18024 729.353 1038.2
18025 428.189 2026.08
18027 756.45 2509.29
18029 1262.8 1375.41
18030 3440.91 1787.87
18031 770.883 1094.57
18032 875.845 1993.1
18033 1411.48 1575.92
18035 738.359 1682.57
18036 1864.98 1749.44
18037 2909.49 1601.72
18039 1146.34 2270.76
18040 717.275 3161.27
18042 699.997 1683.93
18044 2874.3 2011.66
18047 1386.83 1533.17
18048 972.98 1760.89
18049 691.74 2209.9
18050 1203.85 1678.35
18051 2630.09 1593.44
18052 625.894 2379.92
18056 1289.38 2400.95
18058 1630.58 1361.29
18060 1484.25 1401.22
18061 2463.76 1609.35
18062 1265.25 1339.05
18063 1259.31 1443.7
18065 2632.79 1559.04
18068 150.912 1280.97
18069 2954.74 1477.74
18070 1540.3 1407.84
18071 3369.49 1768.69
18072 3369.49 1768.69
18074 874.468 2047.48
18075 4049.76 1778.46
18076 3568.32 1746.64
18077 1661.43 1705.35
18082 332.473 2280.52
18083 1432.7 1874.82
18085 2687.98 1639.66
18086 2586.96 2124.68
18087 2586.96 2124.68
18088 543.789 2153.03
18089 1542.75 1447.62
18092 1146.38 1579.39
18093 782.996 2349.38
18094 3990.59 1759.8
18097 845.115 1410.92
18098 845.115 1410.92
18100 2443.5 1621.16
18105 1209.43 1572.05
18106 3573.55 2020.67
18111 2854.35 1949.2
18112 667.201 1743.19
18113 1434.54 2090.44
18114 2447.98 1469.5
18116 699.385 1271.26
18118 750.771 1469.61
18120 741.587 2311.33
18121 3407.36 1586.48
18122 715.374 2353.05
18125 3893.09 1787.91
18126 2817.48 1828.4
18127 4109.48 1743.81
18132 2633.69 1945.13
18134 2746.91 1693.2
18135 2746.91 1693.2
18136 2224.5 1663.63
18140 461.64 3005.8
18141 2799.36 1916.13
18143 1218.35 1596.22
18144 2275.43 1784.37
18146 3329.14 1770.07
18147 2667.5 1979.06
18148 747.6 1230.36
18151 855.999 1596.54
18154 2727.19 2031.01
18155 2366.18 1576.27
18156 2104.83 1635.92
18157 1633.66 1890.38
18159 642.371 3336.31
18164 857.656 1675.93
18165 839.735 1290.49
18166 2299.73 1552.64
18167 1168.91 1882.83
18169 2160.41 2105.47
18172 918.261 1775.43
18173 917.693 1775.42
18175 2742.25 1760.59
18176 660.776 2588.68
18178 924.721 1803.1
18181 2811.07 1556.16
18183 1685.89 2166.11
18184 3841.54 1936.57
18186 2591.97 2031.53
18187 2942.56 1726.09
18189 1559.93 2148.44
18190 1182.75 1922.29
18191 668.73 1840.07
18193 2157.28 2008.27
18194 705.46 1765.9
18195 1452.74 1400.99
18197 803.415 2534.47
18203 1095.94 1281.41
18204 2319.48 1952.35
18206 1257.01 2068.41
18207 1004.97 2548.46
18208 1722.1 1493.2
18209 1722.1 1493.2
18211 2547.91 1660.38
18212 974.211 999.957
18214 898.215 1569.29
18215 3670.84 1736.62
18219 2614.82 1577.8
18221 1418.6 1543.79
18223 1219.72 1747.35
18224 1310.06 1813.41
18225 1105.74 1887.45
18227 3542.18 1585.48
18228 801.775 1626.05
18229 721.7 2627.78
18230 702.168 1588.82
18231 1694.15 1789.47
18236 2432.33 1451.01
18238 3373.94 1856.14
18240 928.467 1565.06
18241 791.152 1937.8
18242 791.152 1937.8
18243 1527.42 1522.72
18244 993.698 1258.63
18245 1499.96 1864.24
18246 573.328 2397.54
18247 2119.67 1665.26
18248 2119.67 1665.26
18251 2500.94 1935.99
18252 775.944 1627.83
18254 2549.55 2077.21
18255 1245.16 1443.43
18256 879.881 1351.75
18257 3557.76 1760.83
18258 1710.4 1514.19
18261 489.367 3280.11
18263 717.148 1475.73
18264 933.02 1932.7
18266 1144.71 2256.32
18268 2388.88 1466.04
18271 3829.93 1537.74
18272 2272.38 1592.34
18273 603.061 769.05
18275 1730.94 2065.17
18277 914.639 2595.64
18278 1174.53 1955.23
18280 2429.19 1609.23
18281 2549.88 1696.28
18283 2951.05 1657.19
18284 259.465 2745.2
18285 585.306 1320.75
18287 2422.78 1469.85
18288 906.93 2437.18
18292 982.524 1458.68
18295 2544.7 1624.23
18296 645.357 1063.73
18298 734.925 1159.69
18299 734.925 1159.69
18300 766.244 2643.96
18302 1907.3 1691
18303 804.766 2241.58
18304 804.766 2241.58
18305 1447.47 1788.66
18306 772.247 1220.86
18311 819.343 1147.74
18314 2965.91 1409.16
18317 1165.97 1588.92
18318 1065.41 1283.28
18320 3180.7 1806.89
18321 1309.41 1679.31
18322 2290.27 1460.23
18324 2726.91 1470.81
18325 736.156 961.604
18326 735.144 961.147
18327 2250.43 1719.6
18329 1223.24 1690.6
18330 994.898 1300.28
18335 2343.58 1581.72
18336 631.951 2262.92
18340 1324.68 2277
18342 2028.65 1469.21
18343 574.941 2026.58
18344 995.342 1219.89
18345 1623.53 1774.81
18347 1421.11 1509.8
18348 892.214 1640.3
18353 3738.89 1736.95
18354 794.798 2665.86
18355 4443.92 1764.25
18358 4295.78 1783.98
18359 1469.34 1797.63
18360 683.604 1854.92
18361 683.604 1854.92
18364 1184.92 1612.28
18365 771.775 2511.48
18367 3048.43 1835.71
18370 772.087 1033.19
18371 771.155 1032.8
18372 1335.75 2062.88
18373 548.788 1161.83
18376 1697.27 1599.77
18377 1374.76 2011.47
18378 1195.79 2192.66
18381 3214.03 1576.8
18382 2620.51 1488.87
18383 1446.04 1698.2
18384 3230.47 1623.47
18385 3130.91 2068.23
18389 2910.81 1982.31
18392 688.689 1809.38
18393 801.561 3031.4
18394 2493.05 1620.39
18396 2622.68 1981.07
18397 1610.18 2141.13
18399 1738 2250.24
18401 788.817 1141.62
18404 3385.11 1733.9
18405 3474.43 2016.84
18406 3474.43 2016.84
18407 2162.69 1995.7
18414 1334.29 1893.06
18415 4241.73 1694.22
18416 3376.98 1807.21
18418 2992.07 1886.23
18419 2941.69 1812.7
18426 886.697 1389.22
18427 3619.75 1750.18
18428 3619.75 1750.18
18429 3492.47 1683.79
18430 2794.98 2052.88
18432 540.604 1465.99
18434 1092.59 2097.07
18437 704.8 1214.58
18438 398.928 2986.69
18439 2854.6 1423.28
18447 4764.59 1649.03
18448 848.643 2074.12
18449 1370.47 2054.34
18451 3021.47 1930.99
18453 1985.13 1643.58
18454 1309.35 2341.27
18455 1114.73 2011.09
18458 828.898 1889.28
18462 2377.44 1956.77
18463 836.257 1628.12
18465 1938.99 2184.31
18468 2870.32 1723.83
18469 2066.81 1506.81
18472 372.679 3367.07
18477 1062.38 1774.34
18479 1198.89 1630.08
18483 2730.58 1646.8
18485 1356.1 1675.21
18486 1667.24 1509.08
18487 1299.98 1455.51
18488 1124.57 1283.41
18493 570.207 1881.88
18495 3366.83 1829.94
18497 2680.98 1720.69
18504 2639.89 1984.48
18505 3709.13 1738.89
18507 3519.3 1860.63
18508 2798.9 1843.66
18509 289.451 3617.22
18510 2140.69 1637.15
18512 2062.23 1485.14
18513 2062.23 1485.14
18520 4240.03 1774.85
18523 248.782 3110.5
18528 3555.64 1797.77
18529 1182.4 2224.93
18531 1504.41 1640.21
18534 27.1012 532.061
18535 782.794 1702.89
18537 2548.38 1965.97
18540 2274.98 1665.55
18541 646.877 1083.9
18545 4467.31 1864.2
18547 1943.66 2144.94
18548 2620.11 1632.41
18549 1697.88 1559.95
18550 1168.95 2255.19
18553 1011.84 1391.45
18554 1140.24 1379.55
18555 2336.69 1460.76
18556 2336.69 1460.76
18559 667.966 980.672
18562 1699.86 1457.43
18563 1607.14 1543.36
18564 4207.34 1462.13
18566 2053.13 1877.82
18567 2483.5 1520.86
18568 1618.47 1694.49
18569 1618.43 1694.48
18570 2872.52 1563.99
18571 794.664 1385.75
18572 2807.05 1989.94
18573 983.467 1432.87
18574 664.444 1528.25
18579 954.143 1635.39
18581 1369.46 1666.91
18582 3522.16 1761.31
18583 1922.07 1673.04
18585 314.872 2444.92
18587 3776.08 1970.6
18589 3586.87 1750.96
18592 3553.17 1745.72
18594 619.816 2450.46
18596 894.807 1370.02
18598 830.845 1573.84
18602 629.264 2112.99
18604 1144.76 2192.63
18606 1514.06 1451
18607 849.105 1238.06
18608 676.239 1213.1
18612 3023.69 1631.61
18613 3023.69 1631.61
18614 2143.79 1671.16
18615 2245.73 1502.02
18616 2245.73 1502.02
18617 2552.14 1577.77
18620 1425.47 1364.35
18621 3621.16 2016.51
18625 873.879 3019.17
18629 1700.33 2148.88
18630 1253.62 2083.73
18633 1008.83 1036.91
18636 3190.38 1520.04
18638 2607.73 1431.3
18640 1285.91 1938.39
18641 599.37 2421.29
18644 334.044 2977.59
18647 557.593 1432.36
18650 3342.78 1875.76
18652 1951 2059.36
18653 2229.09 1479.86
18656 763.515 2107.39
18658 485.232 3124.68
18662 1231.46 1219.8
18664 2512.51 1564.6
18671 2294.63 1961.9
18672 2962.63 1467.35
18677 274.34 1406.73
18678 2343 1779.3
18679 2564.78 1637.55
18680 2564.78 1637.55
18684 3807.89 1652.93
18686 1323.25 1600.54
18687 1323.43 1600.58
18690 1199.4 1544.08
18694 836.096 2165.79
18695 2028.22 1697.38
18696 859.57 1351.93
18697 1141.43 1418.12
18698 3226.86 1604.17
18699 2858.78 1469.2
18700 2858.78 1469.2
18701 2372.41 1647.85
18703 2211.61 1830.18
18704 2916.93 1418.99
18706 3976.66 1735.99
18707 387.872 2983.54
18711 3663.62 1618.04
18713 4366.83 1636.97
18714 1385.32 1597.8
18715 559.688 1728.92
18718 1496.51 1459.88
18720 898.541 1498.87
18721 2090.6 1655.85
18722 4660.09 1676.54
18724 746.51 1461.9
18726 2706.67 1898.43
18727 4590.65 1881.87
18732 3711.31 1866.7
18733 690.361 1172.04
18734 732.339 1517.32
18735 3077.35 1754.07
18736 4257.14 1520.89
18738 3166.55 1774.2
18742 491.459 1107.42
18746 3243.44 1910.21
18749 3988.88 1646.43
18750 287.979 3515.37
18755 608.766 2155.76
18756 875.71 1323
18757 729.17 27.0774
18758 2697.95 1721.38
18759 1779.6 1381.4
18763 247.516 3206.82
18765 1352.34 1324.39
18766 2499.02 1571.39
18767 1706.58 1474.05
18769 4281.42 1686.79
18771 618.258 1308.63
18772 2102.41 1607.61
18773 2102.41 1607.61
18775 2796.92 1862.9
18776 884.543 1714.3
18777 243.904 3052.21
18778 703.475 1328.33
18784 1120.04 2046.57
18788 981.44 1481.28
18789 930.155 1918.19
18791 2800.64 1964.46
18792 3201.11 1559.94
18793 1424.63 1461.38
18795 1245.51 2207.29
18797 362.034 2845.25
18798 846.69 1742.17
18799 790.641 1726.5
18800 736.582 1654.72
18802 2196.8 1535.82
18804 2133.72 1466.07
18805 1423.42 1998.08
18806 1560.86 1433.12
18807 1072.97 2172.91
18809 766.067 1203.09
18814 4596.58 1699.23
18816 1491.78 1558.31
18820 866.35 954.295
18821 4650.25 1649.24
18824 1518.98 1697.25
18825 1518.98 1697.25
18827 306.369 1842.26
18828 1891.4 1638.95
18829 1304.81 2308.49
18830 3273.1 1759.39
18831 3654.92 1804.92
18832 3454.94 1755.16
18833 2970.18 1356.42
18835 824.715 963.116
18837 3439.88 1593.34
18841 764.687 1392.46
18845 696.217 1855.09
18848 3013.33 1716.25
18849 1297.45 2247.42
18850 2730.35 1615.63
18851 2139.48 1481
18852 2139.48 1481
18854 691.3 977.42
18862 801.294 1440.09
18863 800.526 1439.93
18864 851.607 1963.37
18865 851.607 1963.37
18866 3579.6 1590.68
18868 624.809 1444.66
18871 529.233 1561.1
18875 955.157 2163.72
18877 1762.12 1523.27
18878 1762.12 1523.27
18879 1557.09 1296.11
18881 645.811 1237.26
18883 4072.91 1926.58
18885 343.945 2859.07
18886 3912.84 1953
18889 2868.2 1399.39
18894 670.793 1862.68
18896 2828.52 1397.98
18897 977.407 1363.36
18898 263.817 3299.05
18905 1099.78 2024.41
18906 1218.72 1484.91
18908 2803.36 1653.07
18910 4258.04 1562.56
18912 3480.2 1752.53
18913 1147.32 1873.83
18915 1617.37 1305.11
18919 1673.77 1769.35
18920 4215.59 1472.86
18921 989.77 1357.16
18923 1582.63 1951.05
18924 1120.67 1478.45
18926 1116.28 1940.34
18927 1779.41 1325.74
18928 2297.9 1785.91
18930 743.559 1536.52
18931 744.394 1536.64
18932 1177.43 1512.05
18933 1332.2 1996.04
18936 1220.37 1383.42
18937 228.969 2924.93
18938 767.444 1051.59
18939 1404.3 1279.86
18942 796.805 1201.78
18943 1321.03 1753.92
18944 1321.03 1753.92
18947 4171.71 1668.4
18950 1290.02 1441.72
18951 2711.85 1826.06
18952 787.075 1451.9
18955 1143.94 1207.75
18956 1926.76 1632.01
18957 1647.93 1398.65
18958 1096.64 1488.41
18959 2989.62 1405.93
18960 2989.62 1405.93
18963 2745.56 1960.24
18967 1622.44 1558.9
18968 1354.29 2052.06
18969 4182.74 1654.73
18971 4312.15 1905.59
18975 3185.31 1502.97
18977 711.394 1159.3
18978 951.839 1849.22
18979 951.839 1849.22
18983 1324.24 1567.26
18984 4514.3 1641.85
18985 1788.25 1757.41
18986 1076.19 1394.37
18987 3629.98 1734.99
18991 3205.88 1504.44
18993 369.137 3433.32
18994 369.137 3433.32
18997 625.242 1877.7
19000 2254.01 1638.02
19001 1593.13 1870.36
19006 1759.61 1355.33
19008 734.967 1253.99
19010 3957.55 1644
19011 1767.77 1571.04
19014 2590.21 1923.9
19018 1134.03 1738.98
19019 748.752 1184.23
19022 671.431 1225.38
19023 817.462 1932.7
19025 1105.06 1682.72
19026 2869.36 1696.45
19027 633.352 1644.39
19031 1526.38 1382.08
19033 2230.33 1764.96
19034 2230.34 1764.96
19036 1607.97 1497.76
19037 490.305 1850.58
19039 1357.75 1644.33
19041 3974.4 1560.93
19042 1483.73 1543.07
19046 1782.66 1429.58
19050 2313.61 1846.57
19051 2936.03 1833.39
19052 1767.73 1385.22
19054 4080.55 1787.22
19055 2865.7 1479.5
19058 987.626 1139.29
19061 973.361 1493.66
19062 1547.61 2015.96
19063 710.211 1426.21
19064 1837.81 1656.02
19066 615.55 1773.51
19067 2944.28 1382.91
19070 916.201 1318.82
19071 1315.47 1515.87
19073 853.656 1317.21
19075 4061.63 1584.97
19077 603.126 1053.52
19078 1692.38 1341.93
19080 1989.52 1734.13
19081 1544.41 1480.86
19083 649.093 1017.58
19086 879.042 1704.79
19087 1389.79 1660.32
19088 1518.93 1370.96
19090 2575.08 1656.95
19091 2532.18 1412.47
19092 1052.84 1585.7
19093 1134.51 1561
19096 1680.4 1472.27
19097 2289.6 1739.32
19098 1185.77 1689.01
19100 2167.89 1478.62
19101 1074.47 1546.58
19102 1378.26 1354.67
19103 1092.15 1857.79
19104 1347 1594.25
19105 4324.11 1551.64
19106 1282 1579.69
19107 2255.66 1561.73
19108 367.642 2954
19109 4310.48 1644.76
19110 3083.69 1672.22
19113 621.096 1644.92
19116 1625.82 1504.15
19117 2844 2052.26
19118 1768.62 1721.72
19119 4273.62 1661.52
19120 1784.43 1534.81
19121 2998.99 1459.65
19123 1397.91 1412.05
19126 4295.24 1550.13
19128 4438.91 1750
19129 1890.23 2077.04
19130 2351.77 1664.1
19136 891.024 977.16
19140 752.161 1802.19
19141 1540.27 1404
19142 3797.07 1754.58
19143 3931.86 1532.16
19145 2394.5 1809.66
19149 2315.98 1648.62
19150 665.451 1015.38
19151 665.451 1015.38
19152 1251.65 1334.77
19154 2994.17 1358.53
19158 1078.07 1595.74
19164 2057.43 1460.75
19172 2134.32 1558.03
19173 3706.15 1982.77
19174 1111.47 1913.52
19175 922.016 1164.91
19185 864.01 989.127
19186 1342.31 2343.06
19187 1342.31 2343.06
19191 942.19 1250.95
19194 3163.22 1659.65
19195 2414.71 1680.59
19198 2322.11 1817.79
19200 1232.97 1205.58
19203 1102.03 1469.91
19206 2923.4 1516.95
19209 4479.26 1680.81
19211 1367.01 1476.59
19213 584.835 2001.72
19214 611.432 1329.9
19215 2887.97 1397.6
19218 899.189 1465.99
19219 1230.42 1703.31
19220 1230.42 1703.31
19221 935.164 1114.18
19225 551.978 1451.97
19230 2934.75 1536.3
19232 625.75 1812.33
19233 4426.88 1544.91
19239 1790.48 1390.7
19240 714.891 1654.33
19242 2424.83 1672.01
19243 2689.14 1683.6
19245 1313.91 2277.07
19247 552.864 2009.75
19249 2928.12 1940.87
19251 4078.64 1688.65
19253 568.078 1462.89
19257 663.096 967.403
19258 665.243 1330.53
19261 1429.22 1301.45
19262 881.427 2053.84
19264 4217.26 1574.04
19268 2837.5 1443.32
19270 1130.07 1234.19
19271 1628.31 1652.31
19273 978.653 1539.01
19276 2198.24 1438.55
19277 1585.49 1384.57
19278 1562.78 1591.45
19280 1791.43 1438.45
19283 1205.81 1616.94
19284 1657.94 1435.36
19287 1808.17 2097.16
19290 1099.44 1522.1
19293 4396.36 1683.95
19294 1916.28 1519.72
19308 1226.77 1244.61
19310 1199.86 1907.8
19314 1083.88 1198.55
19315 1748.02 1404.87
19323 1494.59 1595.23
19328 689.976 933.107
19335 800.095 1217.48
19338 3984.91 1508.74
19341 1518.01 1576.46
19343 729.782 1016.25
19348 1007.4 1105.19
19349 1475.52 1390.63
19350 1091.38 1258.48
19351 563.205 1809.12
19352 2247.7 1667.32
19353 2478.41 1441.46
19354 809.293 2227.95
19355 3164.97 1655.82
19356 2214.07 1564.99
19357 1770.12 1459.57
19358 900.604 1487.35
19359 2226.79 1439.13
19360 564.669 1564.44
19361 1586.92 1518.42
19362 566.508 1192.04
19363 566.508 1192.04
19364 1520.54 1346.6
19365 1577.57 1410.29
19366 2467.6 1559.14
19367 1773.77 1936.13
19368 805.301 954.792
19369 2644.67 1553.91
19370 2672.27 1474.19
19371 2672.27 1474.19
19372 788.533 991.03
19373 3138.79 1705.5
19374 1666.42 1931.28
19375 1162.66 1667
19376 1223.54 1376.66
19377 4028.72 1617.17
19378 1400.36 1522.78
19379 538.612 1421.59
19382 2634.56 1476.1
19383 1768.73 1332.02
19384 2856.52 1716.44
19386 1679.79 1851.5
19387 2708.23 1466.06
19388 835.48 2084.78
19389 2863.91 1493.85
19390 3477.33 2041.22
19391 2315.34 1632.24
19392 1346.45 1712.59
19393 2524.21 1497.78
19394 2307.84 1499.47
19396 1777.49 1768.26
19397 2577.8 1520.92
19398 2577.8 1520.92
19399 1274.09 1781.57
19400 2095.59 1514.98
19401 1276.18 1601.12
19402 691.642 1392.63
19403 2046.58 1666.9
19404 2830.14 1493.21
19405 598.183 1164.59
19406 3069.3 1453.26
19407 687.261 1513.41
19408 1285.9 1358.42
19409 1513.98 1393.12
19410 2310.87 1587.82
19411 2571.04 1420.79
19412 588.053 2096.74
19413 1666.61 1328.04
19414 1045.16 1565.5
19415 1573.84 1347.16
19416 910.545 1646.72
19417 910.545 1646.72
19418 922.493 1839.53
19419 1559.57 1622.92
19420 1317.78 1313.07
19421 2766.7 1492.25
19422 2337.48 1491.96
19423 1976.35 1729.45
19424 1976.35 1729.45
19425 4058.13 1611.84
19426 2362.54 1520.8
19427 1318.68 1257.72
19428 1346.09 1509.87
19429 4533.49 1692.27
19430 1193.78 1536.78
19431 3858.43 1580.64
19432 621.438 2091.46
19433 577.035 1043.5
19435 725.383 1477.46
19436 2719.36 1612.23
19437 1315.86 1377.88
19438 866.748 1393.76
19439 464.727 1642.87
19440 4239.12 1601.32
19442 1592.33 1442.64
19444 1597.31 1329.8
19445 2747.92 1459.01
19446 1708.49 1626.46
19447 2188.11 1598.31
19448 1051.65 1824.85
19449 2047.37 1493.87
19450 1974.83 1886.91
19451 4001.7 1662.82
19452 2164.72 1616.16
19453 2164.72 1616.16
19454 2432.02 1638.56
19456 2033.56 1398.16
19457 2033.56 1398.16
19458 1837.22 1305.93
19459 2893.49 1480.85
19460 4306.84 1519.92
19461 4749.28 1652.73
19462 1178.78 1216.73
19463 1476.26 2075.94
19464 1476.36 2075.91
19465 1696.24 1301.53
19466 1696.24 1301.53
19467 2800.79 1458.68
19468 628.75 993.859
19470 1839.5 1390.96
19471 1201.08 1464.82
19472 1201.08 1464.82
19473 2898.27 1767.46
19474 140.136 1802.98
19475 1908.77 1616.31
19476 1551.61 1312.83
19477 786.279 1250.6
19478 786.279 1250.6
19479 3797.49 1672.15
19480 1638.57 1280.13
19481 2891.21 1670.18
19482 3635.73 1818.22
19483 1843.32 1904.32
19485 1230.81 1183.67
19486 1002.61 1080.3
19487 1250.65 1685.64
19488 954.134 1164.13
19490 2766.24 1556.7
19491 1352.58 1285.1
19494 3241.02 1781.61
19495 2406.23 1946.24
19496 1564.37 1435.65
19497 3821.3 1959.05
19498 2228.16 1418.06
19499 1346.61 1461.18
19500 3159.28 1474.61
19501 1102.61 1460.74
19502 1569.88 1479.64
19503 1569.95 1479.67
19504 2840.94 1556.78
19505 1431.32 1708.55
19506 51.9806 1282.83
19507 1008.14 1285.65
19508 2658.56 1503.95
19509 1342.32 2086.19
19510 1194.81 1649.94
19511 1250.23 1765
19512 1468.01 1219.97
19513 1365.09 1619.79
19514 934.361 2042.8
19515 816.882 1169.7
19516 1228.59 1656.5
19517 549.234 654.301
19518 2645.05 1688.1
19519 1484.25 1401.22
19520 1144.62 1428.09
19521 2563.35 1792.69
19522 2005.05 1907.3
19523 740.924 1314.91
19524 3151.3 1567.99
19525 3151.29 1568
19526 1483.16 1443.64
19527 699.997 1683.93
19528 1253.18 1166.13
19529 1306.98 1885.03
19530 2697.39 1689.4
19531 855.999 1596.54
19532 3523.86 1747.08
19533 3571.1 1600.59
19534 4322.01 1628.76
19535 740.085 1349.42
19536 2561.91 1421.66
19537 1725.3 1306.4
19538 1639.08 1491.95
19539 3274.27 1744.46
19540 1261.95 1407.92
19541 1255.95 2125.72
19542 580.971 1517.2
19543 927.839 1482.8
19544 1625.05 1442.46
19545 1625.05 1442.46
19547 587.367 1269.01
19548 672.227 2140.2
19549 2343.58 1581.72
19550 2215.82 1492.97
19551 980.874 1020.85
19552 2434.99 1671.96
19553 2434.99 1671.96
19554 288.123 2423.91
19555 1249.26 1258.24
19556 2348.38 1442.48
19557 1257.46 1497.04
19558 3487.94 1649.25
19559 859.815 1428.26
19560 859.815 1428.26
19561 859.815 1428.26
19563 3841.48 1670.82
19564 615.204 2895.94
19565 591.933 1585.31
19566 3952.47 1930.81
19567 3812.26 1796.35
19568 1046.23 1413.13
19569 1441.13 1291.8
19570 656.612 398.457
19571 632.176 1154.51
19572 2614.82 1577.8
19573 2056.73 1537.21
19574 2813.01 1894.31
19575 574.043 2054
19576 1255.22 1575.75
19577 1178.66 1423.35
19578 1190.89 1856.92
19579 582.438 1214.31
19580 714.119 2055.05
19581 2187.81 1439.98
19582 4254.08 1578.27
19583 1863.56 1504.78
19584 1932.46 1617.27
19585 1419.88 1338.77
19586 4462.04 1598.23
19587 464.109 2046.36
19588 562.452 1400.67
19589 874.787 1062.15
19590 1224.35 1549.23
19592 2427.84 1568.98
19593 2680.24 1578.14
19594 2414.01 1438.71
19595 566.074 1208.53
19596 4325.49 1650.79
19597 2415.24 1382.78
19598 2414.64 1497.39
19599 2179.72 1572.68
19600 870.287 1610.8
19601 870.287 1610.8
19602 1424.06 1303.27
19603 2855.92 1668.57
19604 3647.76 1645.62
19605 853.814 1574.06
19606 2033.45 1654.66
19607 1202.02 1160.45
19608 4222.91 1494.04
19609 661.905 1329.25
19610 661.905 1329.25
19611 646.129 1410.2
19612 953.056 1065.62
19614 711.375 1232.29
19615 2801.87 1672.48
19616 1665.53 1457.69
19617 759.109 1302.07
19618 2181.04 1622.16
19619 3540.53 1695.78
19620 1616.58 1558.17
19621 1616.54 1558.16
19622 3392 1804.43
19623 2576.89 1635.25
19624 4439.04 1629.23
19625 4218.01 1693.73
19626 3722.98 1820.31
19627 2232.79 1915.94
19628 993.367 1505.3
19629 1867.83 1657.2
19630 2686.24 1607.68
19631 2686.24 1607.68
19632 446.622 1278.96
19633 2269.16 1912.03
19634 3239.09 1741.54
19635 991.261 1529.26
19636 815.191 1472.68
19637 1529.63 1300.26
19638 1529.63 1300.26
19639 2883.76 1642.17
19640 2883.76 1642.17
19641 2290.27 1460.23
19643 2156.52 1411.61
19644 1683.72 1328.2
19645 593.851 1609.76
19646 1140.24 1379.55
19647 2284.59 1605.52
19648 2284.59 1605.52
19649 479.235 1715.08
19650 2220.91 1619
19651 3167.12 1542.99
19652 2517.86 1671.34
19653 1058.79 1220.12
19654 2620.11 1632.41
19655 1162.52 1455.96
19656 2362.65 1774.37
19657 1229.37 1264.92
19658 2936.23 1603.58
19659 1553.13 1277
19660 1006.97 1814.72
19661 4350.13 1733.85
19662 2692.57 1411.6
19663 2009.53 1597.67
19664 4568.87 1698.31
19665 38.9952 6.23317
19666 2607.64 1511.54
19667 4012.79 1723.3
19668 4490.69 1628.29
19669 1000.52 1381.44
19670 2424.26 1546.55
19671 2028.65 1469.21
19672 2020.15 1360.53
19673 2051.02 1700.03
19674 950.395 1599.22
19675 1513.47 1420.22
19676 2232.82 1385.58
19678 4132.94 1416.25
19679 1313.37 1436.58
19680 2918.9 1482.34
19681 935.597 1014.02
19682 762.664 1247.52
19683 762.664 1247.52
19684 1106.1 1887.43
19685 1204.54 1399.27
19686 545.232 391.517
19687 1920.76 1985.12
19688 1142.81 1399.11
19689 1142.81 1399.11
19690 2081.56 1960.55
19691 777.58 1522.75
19693 3213.3 1807.36
19694 2599.66 1416.94
19695 2128.11 1721.39
19696 1235.18 1634.53
19697 873.059 1482.77
19698 383.036 1419.89
19699 2935.12 1651.3
19700 1311.31 2083.01
19701 2809.68 1525.77
19702 2451.78 1522.27
19703 1155.47 1250.21
19704 1578.53 1990.23
19705 168.896 1285.66
19706 435.276 3278
19707 1784.89 1650.23
19708 1006.88 1306.86
19709 1726.66 1899.9
19710 1070.59 1360.98
19711 715.679 1018.67
19712 3442.71 1743
19713 1011.44 990.578
19714 1920.3 2053.91
19715 924.855 1581.52
19716 2556.44 1723.63
19717 1126.93 1519.35
19718 742.382 1050.42
19719 1221.76 1732.37
19720 2506.77 1493.73
19721 572.592 1156.28
19722 2218.16 1395.98
19723 2830.54 1421.58
19724 3385.29 2061.1
19725 2627.54 1565.25
19726 1170.56 1539.86
19727 2132.28 1403.19
19728 994.474 1474.99
19729 1124.57 1283.41
19730 1418.33 1680.14
19731 1760.46 1413.99
19732 947.847 1542.86
19733 1597.24 1640.54
19734 1597.18 1640.53
19735 861.296 1522.97
19736 2851.5 1401.59
19737 2289.06 1657.49
19738 2289.06 1657.49
19739 766.067 1203.09
19740 2297.5 1568.1
19742 130.792 1265.84
19743 675.219 243.906
19744 670.492 1174.9
19745 1501.38 1261.74
19746 1915.7 1358.34
19747 470.287 1608.56
19748 799.802 1115.86
19749 639.61 1276.92
19750 2708.55 1572.61
19751 2567.72 1858.63
19752 2905.74 1546.34
19753 2046.91 1378.38
19754 907.288 1006.33
19755 635.069 1226.44
19756 571.978 1310.03
19757 3903.98 1479.48
19758 4418.87 1736.85
19759 858.95 1732.79
19760 1110.4 1765.4
19761 925.875 923.135
19762 925.875 923.135
19763 3622.98 1721.6
19764 567.006 1332.62
19765 1760.41 1289.83
19766 789.844 1512.89
19767 1701.28 1651.18
19768 2039.9 1599.26
19769 928.566 1177.57
19770 928.566 1177.57
19771 685.711 999.795
19772 2974.48 1830.56
19773 3167.57 1561.83
19774 2606.91 1491.77
19775 2309.82 1392.42
19776 1761.24 1685.73
19777 1212.59 1704.68
19778 3459.97 1739.87
19779 633.611 1518.3
19780 565.205 1557.37
19781 3632.67 1808.97
19782 970.191 1162.96
19783 3552.27 1785.26
19784 1713.44 1368.74
19785 2861.15 2037.6
19786 3753.06 1980.04
19787 1225.92 1653.92
19788 2259.8 1378.84
19789 2548.62 1930.93
19790 525.921 1794.04
19791 1395.88 1611.57
19792 984.816 1412.6
19793 2252.47 1734.27
19794 2548.37 1965.97
19795 731.304 1633.49
19797 1193.13 1597.9
19798 2134.44 1522.23
19799 2998.87 1649.34
19800 869.267 1096.72
19801 2400.23 1539.94
19802 819.029 1259.85
19803 4043.81 1580.77
19804 2123.86 1692.31
19805 1062.31 1597.12
19806 941.752 1612.73
19807 2088.3 1456.04
19808 2412.27 1411.15
19809 2278.85 1530.76
19810 777.238 1014.8
19811 569.986 1182.3
19812 569.986 1182.3
19813 978.637 1515.08
19814 1687.43 1305.46
19815 777.936 723.692
19816 987.173 1595.13
19817 1584.73 1407.89
19818 3283.46 1587.82
19819 2511.25 1785.52
19820 2712.15 1431.73
19821 2162.39 1855.81
19822 2162.38 1855.81
19823 2037.31 1775.3
19824 166.755 1302.22
19825 2556 1397.85
19826 3984.27 1712.57
19827 2437.5 1533.48
19828 2437.5 1533.48
19829 771.039 1560.91
19830 1637.66 2294.64
19831 1361.4 1505.3
19832 1623.65 1592.96
19833 1013.94 1199.7
19834 684.635 1071.04
19835 693.609 1719.31
19836 1179.75 1583.41
19837 1152.94 1329.98
19838 2316.95 1776.06
19839 932.581 1499.69
19840 3480.88 1709.41
19841 1569.45 1525.67
19842 3022.44 1733.49
19843 755.832 1550
19844 1224.56 1311.74
19845 1143.52 1434.42
19846 2206.63 1858
19847 938.918 1392.34
19848 827.305 935.532
19849 827.305 935.532
19850 679.539 1252.54
19851 679.539 1252.54
19852 1344.73 1397.93
19853 2495.06 1709.33
19854 762.389 1573.56
19855 2195.43 1680.85
19856 834.453 1507.27
19857 4091.87 1657.85
19858 1049.37 1441.07
19859 1496.26 1542.44
19860 895.67 1061.53
19861 633.875 1292.84
19862 1200.31 1213.14
19863 792.833 1066.16
19864 2535.45 1785.98
19865 918.901 2260.46
19866 4711.02 1647.11
19868 4065.64 1731.35
19869 2537.94 1943.1
19870 1906.93 1704.6
19871 2225.62 1865.66
19872 1335.24 1573.86
19873 2117.46 1612.43
19874 639.381 1261.07
19876 1331.29 1392.07
19877 1287.34 1665.57
19878 702.985 1361.75
19879 702.985 1361.75
19880 2253.73 1541.76
19881 2916.39 1468.21
19882 755.788 1642.87
19883 1429.43 1280.04
19884 956.889 1463.95
19885 940.463 1413.98
19886 2074.07 1454.76
19887 710.211 1426.21
19888 660.554 2534.65
19889 1507.32 1615.39
19890 589.267 1454.88
19891 1236.07 1666.64
19892 241.485 1380.54
19893 4112.51 1674.77
19894 1228.4 1178.6
19895 1218.72 1484.91
19896 3060.58 1652.09
19897 735.021 260.792
19898 2167.86 1398.97
19899 2396.79 1794.15
19900 1064.1 1850.89
19901 4275.07 1573.29
19902 2739.77 1723.29
19903 610.763 1161.39
19904 870.749 1679.61
19905 987.691 1575.24
19906 2902.12 1636.02
19907 2356.89 1987.92
19908 816.439 1201.49
19909 1612.87 1477.22
19910 1466.17 1175.21
19911 2730.58 1646.8
19912 915.933 970.832
19913 862.824 1507.15
19914 735.098 1147.86
19915 752.173 2238.88
19916 485.29 2011.86
19917 2473.94 1446.51
19918 4477.73 1694.51
19919 1748.02 1404.87
19920 768.054 1334.8
19921 669.344 1116.08
19922 1070.04 1440.83
19923 1070.47 1440.93
19924 2757.59 1869.41
19925 3527.54 1812.82
19926 1604.2 1363.02
19927 879.902 1527.53
19928 1518.82 1370.91
19929 2269.91 1861.78
19930 122.299 320.512
19931 3033.91 1686.67
19932 932.515 1142.99
19933 932.515 1142.99
19934 1779.96 1282.33
19935 1779.34 1399.95
19936 844.421 1467.11
19937 843.72 1466.97
19938 953.122 2079.32
19939 2080.89 1434.02
19940 2986.01 1488.43
19941 2509.9 1384.24
19942 2617.06 1646.21
19943 688.888 932.612
19944 4314.6 1800.98
19945 1327.81 1429.75
19946 626.181 1049.41
19947 4664.67 1729.36
19948 1536.14 1277.08
19949 1681.83 1496.99
19950 1681.86 1497
19951 1366.34 1528.73
19952 863.236 1001.88
19953 2857.59 1976.7
19954 2089.97 1506.16
19955 926.597 2315.49
19956 1079.59 1639.56
19957 4289.26 1547.5
19958 851.969 1119.4
19959 577.097 376.32
19960 3884.03 1647.4
19961 2509.02 1916.96
19962 3704.42 1707.47
19963 1312.18 2019.22
19964 2125.41 1721.81
19965 576.467 363.894
19966 1716.4 2070.17
19967 2751.16 1494.09
19968 988.226 1139.55
19969 4497.77 1791.04
19970 1201.53 1436.18
19971 1201.53 1436.18
19972 1201.53 1436.18
19973 651.967 3572.1
19974 3346.76 1716.06
19975 1447.45 1679.2
19976 2605.66 1722.28
19977 601.051 1494.42
19978 653.151 1575.53
19979 885.995 1006.73
19980 2633.55 1443.13
19981 1134.51 1561
19982 830.777 1556.46
19983 1425.04 1424.1
19984 1096.64 1488.41
19985 1096.26 1488.32
19986 2471.61 1416.19
19987 883.227 918.711
19988 1397.91 1412.05
19989 2883.34 1532.98
19991 2219.18 1545.92
19992 2622.67 1981.07
19993 2134.24 1753.01
19994 676.814 1159.12
19995 2374.83 1697.11
19996 2077.26 1630.79
19997 2077.27 1630.79
19998 2807.02 1712.59
19999 2807.02 1712.59
20000 2481.95 1637.38
20001 1731.64 1644.73
20002 708.675 1174.87
20003 2320.41 1558.67
20004 1343.32 1471.05
20005 1329.12 2186.09
20006 3454.64 2012.15
20007 712.379 1137.69
20008 197.159 301.926
20009 2878.94 1444.58
20010 2311.96 1524.19
20011 3969.69 1657.17
20012 708.804 978.312
20013 317.212 2373.21
20014 317.212 2373.21
20015 611.954 922.458
20016 583.966 1036.18
20017 738.45 1275.77
20018 1087.98 1542.91
20019 1947.49 1350.1
20020 1437.1 1204.05
20021 3335.27 1590.07
20022 546.36 1396.47
20023 906.819 992.761
20024 906.819 992.761
20025 897.487 1545.97
20026 2467.65 1381.02
20027 2446.85 1451.73
20028 4613.19 1778.78
20029 819.977 1363.55
20030 853.368 1043.86
20031 1403.22 1389.28
20032 3759.09 1518.54
20033 4260.25 1693.19
20034 495.166 3319.7
20035 570.646 1024.52
20036 949.132 1277.9
20037 949.132 1277.9
20038 4001.33 1672.46
20039 2464.25 1969.95
20040 987.667 1395.82
20041 2335.05 1748.89
20042 4504.8 1593.12
20043 461.64 3005.8
20044 1664.47 1677.7
20045 903.908 1298.55
20046 903.908 1298.55
20047 912.253 1049.63
20048 3998.66 1506.68
20049 96.651 440.229
20050 4243.41 1538.73
20051 2676.95 1750.35
20052 2308.74 1378.4
20053 867.973 1255.53
20054 3707.18 1967.49
20055 2818.34 1481.29
20056 1226.77 1244.61
20057 620.609 1196.39
20058 770.78 956.82
20059 1515.61 1593.8
20060 1543.98 1537.91
20061 871.257 1191.63
20062 1586.3 1485.32
20063 640.192 1425.75
20064 1717.29 1381.74
20065 565.393 1511.73
20066 742.083 977.75
20067 1394.32 1879.99
20068 1394.32 1879.99
20069 641.377 762.491
20070 788.494 2247.49
20071 2371.15 1402.21
20072 1697.4 1416.68
20073 3915.16 1647.87
20074 1127.73 1217.77
20075 973.733 1350.17
20076 1557.09 1296.11
20077 1233.29 1205.73
20078 3148.39 1623.55
20079 649.775 1041.15
20080 3457.17 1477.98
20081 3956.21 1727.35
20082 736.264 1029.65
20083 1692.38 1341.93
20084 850.447 1835.92
20085 849.788 1835.93
20086 2116.99 1730.73
20087 1352.54 1324.48
20088 955.096 1090.72
20089 955.096 1090.72
20090 228.209 744.879
20091 642.371 3336.31
20092 2288.71 1376.72
20093 4008.88 1777.14
20094 1120.05 1167.33
20096 2716.73 1717.72
20097 2351.77 1664.1
20098 593.331 3633.28
20099 2969.44 1716.36
20100 3190.84 1812.16
20101 2554.89 1411.04
20102 1295.32 1527.87
20103 975.206 934.523
20104 3308.5 1570.42
20105 3737.13 2006.09
20106 2225.85 1740.48
20108 586.252 1252.74
20109 4038.77 1666.92
20110 2398.35 1656.71
20111 2398.35 1656.71
20112 1708.58 1663.56
20113 229.09 767.399
20114 3018.42 1668.64
20115 1569.02 1274.55
20116 4304.66 1741.67
20117 2692.82 1903.24
20118 1540.27 1404
20119 736.229 1423.72
20120 644.695 1635.81
20121 575.978 1230.4
20122 823.792 1077.16
20123 823.792 1077.16
20124 653.981 934.106
20125 1629.25 1609.05
20126 1010.69 1218.33
20127 969.271 1142.3
20129 459.471 1284.7
20130 2474.05 1721.56
20131 1566.68 2044.82
20132 1129.19 1489.43
20133 3613.36 1690.63
20134 1169.6 2002.87
20135 2992.03 1645.22
20136 545.691 1621.59
20137 2035.08 1495.39
20138 2636.05 1642.63
20139 3953.11 1933.96
20140 2224.16 1421.92
20141 663.096 967.403
20142 930.221 1584.92
20143 2308.49 1439.12
20144 789.156 981.866
20145 2596.85 1687.25
20146 2153.24 1426.55
20147 2153.23 1426.55
20148 1600.05 1384.43
20149 1256.49 1202.71
20150 825.701 1366.34
20151 825.701 1366.34
20152 757.855 1492.51
20153 757.855 1492.51
20154 820.296 531.167
20155 1736.35 1391.58
20156 2418.57 1626.48
20157 2882.06 1598.82
20158 1533.24 1505.96
20159 718.99 2140.77
20160 3245.48 1707.33
20161 1007.65 1448.75
20162 4406.06 1755.91
20163 3158.64 1508.3
20164 2101.53 1451.82
20165 3353.85 1780.35
20166 2792.15 1549.62
20167 1174.01 1341.39
20168 1527.8 1335.92
20169 985.021 1633.47
20170 2809.47 1398.36
20171 969.569 1560.64
20172 969.569 1560.64
20173 1310.88 1868.52
20174 1310.88 1868.52
20175 2127.01 1660.71
20176 875.446 1129.93
20177 1894.24 1680.76
20178 842.165 1376.32
20179 1754.06 1590.95
20180 610.102 1395.03
20181 595.14 1226.76
20182 2989.99 1391.67
20183 2989.99 1391.67
20184 2597.28 1486.5
20185 1014.06 972.292
20186 1647.93 1398.65
20187 1331.74 1730.38
20188 1673.8 1769.35
20189 4080.97 1428.62
20190 1650.36 1776.32
20191 1484.51 1573.89
20192 1356.46 1481.26
20193 831.324 1616.08
20194 2400.79 1850.17
20195 2750.7 1614.32
20196 576.021 905.029
20197 2818.19 1723.59
20198 887.128 1129.2
20199 887.128 1129.2
20200 2321.49 1675.74
20201 746.045 1151.99
20202 680.175 1107.59
20203 2424.04 1723.88
20204 1098.05 1341.32
20205 710.346 1469.77
20206 1022.54 1419.85
20207 2047.44 1569.07
20208 717.959 1260.06
20209 2059.23 1630.6
20210 1140.27 1574.73
20211 2578.77 1643.53
20212 633.081 1351.22
20213 782.589 959.841
20214 782.589 959.841
20215 1544.41 1480.86
20216 668.217 1396.46
20217 1610.12 1958.41
20218 774.5 1776.05
20219 3957.49 1565.43
20220 2049.26 1470.66
20221 609.36 1124.14
20222 610.497 1124.53
20223 609.36 1124.14
20224 735.21 1088.19
20225 2601.46 1524.62
20226 2072.63 1598.61
20227 2763.79 1747.2
20228 624.228 1262.12
20229 1143.35 1403.64
20230 2252.42 1393.87
20231 676.447 1600.91
20232 1967.42 1642.01
20233 901.342 1409.86
20234 1470.85 1514.59
20235 1294.67 1872.09
20236 839.869 1387.38
20237 2090.88 1721.5
20238 735.478 1121.9
20239 634.386 1148.92
20240 1683.54 1450.41
20241 1183.12 1240.61
20242 1183.12 1240.61
20243 1637.46 1415.58
20244 2071.71 1475.27
20245 2329.62 1581.75
20246 1510.64 1386.46
20247 1661.11 1836.61
20248 1421.91 1664.9
20249 2646.27 1813.29
20250 2646.27 1813.29
20251 1020.18 1641.27
20252 3006.75 1511.95
20253 3006.75 1511.95
20254 2506.06 1630.38
20255 2506.06 1630.38
20256 4052.91 1958.97
20257 2998.99 1459.65
20258 1383.15 1442.46
20259 2362.29 1493.13
20260 680.34 1427.64
20261 2401.8 1487.43
20262 1364.8 1312.16
20263 4108.98 1363.67
20264 945.516 1264.85
20265 945.516 1264.85
20266 1740.67 1618.21
20267 2217.52 1646.35
20268 3027.49 1304.79
20269 1555.17 1601.43
20270 1555.17 1601.43
20271 2849.07 1540.22
20272 1795.86 1965.27
20273 597.092 994.611
20274 2354.99 1412.8
20275 1241.89 1343.61
20276 1241.89 1343.61
20277 4668 1663.39
20278 2257.61 1461.02
20280 3018.2 1604.64
20281 1558.99 1661.76
20282 701.732 1252.67
20283 1237.45 1394.82
20284 2443.33 1602.04
20285 612.121 1349.52
20286 612.121 1349.52
20287 1143.78 1516.59
20288 663.494 950.646
20289 4244.85 1475.05
20290 991.583 1171.57
20291 1373.74 1259.95
20292 798.442 1350.49
20293 837.617 499.207
20294 4573.01 1841.97
20295 1744.97 1958.33
20296 426.501 2159.21
20297 974.4 1071.48
20298 975.041 1071.77
20299 1513.7 1270.51
20300 606.328 1144.1
20301 606.328 1144.1
20302 3272.41 1641.9
20303 2770.39 1725.19
20304 1696.02 1506.78
20305 672 942.43
20306 2665.6 1723.08
20307 3949.95 1735.86
20308 976.468 1312.52
20309 4047.81 1525.34
20310 634.181 995.183
20311 1096.67 1814.35
20312 1096.67 1814.35
20313 1083.33 1366.14
20314 3366.22 1689.26
20315 932.463 1636.66
20316 932.463 1636.66
20317 956.977 1500.42
20318 2461.55 1393.97
20319 2461.55 1393.97
20320 2378.39 1494.65
20321 1619.37 1535.38
20322 909.792 1346.72
20323 1730.75 1513.46
20324 1730.77 1513.47
20325 4071.9 1603.16
20326 786.314 1170.64
20327 786.314 1170.64
20328 120.174 1253.42
20329 120.174 1253.42
20330 646.667 1002.78
20331 647.79 1003.24
20332 2075 1833.8
20333 704.989 1307.42
20334 704.046 1307.17
20335 768.07 1293.21
20336 1115.87 1581.3
20337 756.925 1046.99
20338 1597.43 1563.49
20339 1597.43 1563.49
20340 1597.43 1563.49
20341 1117.38 1492.5
20342 2059.15 1399.17
20343 3640.51 1762.21
20344 3749.03 1500.61
20345 1315.56 1532.89
20346 333.362 556.818
20347 3195.2 1476.39
20348 1928.03 1689.66
20349 2746.21 1444.95
20350 868.976 1380.45
20351 2526.76 1578.36
20352 1733.08 1281.27
20353 3615.8 1658.31
20354 1764.83 1428.87
20355 4305.73 1716.66
20356 981.828 1054.69
20357 981.828 1054.69
20358 4622.55 1772.88
20359 700.562 1436.04
20360 2454.19 1724.56
20361 2296.65 1418.99
20362 609.62 992.162
20363 3936.5 1935.31
20364 2054.94 1560.2
20365 1605.81 2022.37
20366 619.786 1480.67
20367 1195.75 1370.41
20368 2320.21 1603.07
20369 619.113 1414.13
20370 619.113 1414.13
20371 3900.62 1503.1
20372 847.75 1180.62
20373 1007.49 1600.06
20374 4316.22 1632.99
20375 1196.77 1870.62
20376 897.248 1595.61
20377 1309.82 1703.93
20378 650.308 1448.88
20379 693.205 1286.64
20380 1775.63 1630.22
20381 840.042 1454.08
20382 1220.66 1505.11
20383 1800.91 1444.34
20384 4457.49 1791.58
20385 1642.41 1634.28
20386 1642.41 1634.28
20387 2298.53 1800.39
20388 2211.8 1342.27
20389 732.031 1380.7
20390 1581.1 1448.43
20391 1079.48 1535.79
20392 3477.19 1694.76
20393 1404.3 1279.86
20394 3031.74 1319.83
20395 1121.72 1917.98
20396 1657.06 1367.59
20397 822.975 1487.32
20398 1052.04 1421.5
20399 2639.44 1803.01
20400 2315.98 1648.62
20401 2417.93 1733.51
20402 886.075 1018.21
20403 1414.9 1497.75
20404 985.689 1119.83
20405 4020.29 1657.17
20406 2847.46 1395.27
20407 2682.2 1663.38
20408 2563.14 1925.01
20409 1100.68 2047.59
20410 2043.71 1703.61
20411 2312.68 1731.02
20412 1544.46 1303.99
20413 3987.74 1658.34
20414 1894.63 1800.65
20415 2251.58 1592.43
20416 1735.43 1537.29
20417 1735.43 1537.29
20418 993.64 945.517
20419 979.506 1150.17
20420 3250.44 1696.32
20421 2343.53 1380.09
20422 804.258 1304.43
20423 968.049 1541.14
20424 723.276 1096.2
20425 724.255 1096.57
20427 1175.77 1364.56
20428 2899.97 1674
20429 3166.78 1577.57
20430 3900.83 1459.1
20431 2091.75 1491.89
20432 2091.75 1491.89
20433 3664.78 1487.84
20434 748.833 1197.56
20435 747.925 1197.26
20436 3816.56 1707.01
20437 3308.67 1681.47
20438 1061.84 1552.17
20439 2069.62 1440.47
20440 2123.99 1449.28
20441 2124 1449.28
20442 2223.9 1816.69
20443 834.812 1434.47
20444 802.412 1335.74
20445 815.192 1352.38
20446 3520.22 1799.28
20447 988.316 2094.73
20448 1363.04 1251.11
20449 2408.27 1398.65
20450 819.987 1608.94
20451 2691.02 1672.05
20452 654.225 1369.17
20453 2360.49 1504.24
20455 734.967 1253.99
20456 2575.8 1629.72
20457 2063.99 1738.54
20459 1526.68 1530.43
20460 789.231 1042.45
20461 1162.28 1526.24
20462 858.479 1541.32
20463 833.596 1001.61
20464 833.596 1001.61
20465 1657.3 1610.46
20466 1657.27 1610.45
20467 1322.36 2031.81
20468 2126.35 1992.72
20470 3505.24 1683.53
20471 727.948 1415.54
20472 4068.8 1592.74
20473 1678.82 1482.56
20474 1678.82 1482.56
20475 1132.27 1205.02
20476 1132.27 1205.02
20477 977.206 1238.12
20478 977.206 1238.12
20479 2234.46 1446.2
20480 1104.49 1504.51
20481 1104.49 1504.51
20482 1794.85 1548.76
20483 726.751 1081.02
20484 4154.48 1899.42
20485 1752.71 1370.53
20486 2919.01 1451.03
20487 714.646 1067.32
20488 714.646 1067.32
20489 1642.89 1617.89
20490 3143.06 1589.89
20491 1409.7 1301.97
20492 3346.39 1789.03
20493 4153.5 1683.25
20494 2088.98 1554.75
20495 587.887 1129.96
20496 4655.78 1665.53
20497 825.582 1311.41
20498 1969.97 1785.03
20499 1161.06 1429.74
20500 1161.06 1429.74
20501 1514.65 1531.03
20502 1539.74 1495.48
20503 913.899 1114.26
20504 914.602 1114.55
20505 782.438 1027.2
20506 707.761 990.786
20507 4131.18 1890.59
20509 778.47 1349.21
20510 3195.54 1632.19
20511 837.082 957.101
20512 2106.67 1722.13
20513 1520.07 1406.34
20514 1661.26 1345.94
20515 687.627 1368.79
20516 1723.5 1969.33
20517 1121.03 1404.69
20518 1765.6 1271.05
20519 1750.51 1342.4
20520 988.11 1086.53
20521 1214.04 1530.75
20522 1214.04 1530.75
20523 876.77 1510.44
20524 2258.85 1585.8
20525 905.028 1039.1
20526 1172.75 1381.01
20527 957.78 1229.39
20528 2348.62 1646.78
20529 2348.61 1646.78
20530 1374.89 1434.51
20532 1212.05 1670.33
20533 1535.75 2018.19
20534 601.497 1285.73
20535 601.497 1285.73
20536 585.467 1365.33
20537 4838.17 1605.03
20538 1281.14 1621.41
20539 3000.14 1473.77
20540 4235.45 1427.62
20541 807.374 1243.38
20542 1370.5 1329.56
20543 2318.76 1414.05
20544 1740.09 1429.83
20545 1493.1 1510.07
20546 656.802 1404.97
20547 1427.51 1411.47
20548 2176.4 1607.38
20549 2263.5 1712.92
20550 1099.1 1331.08
20551 4239.21 1675.45
20552 1757.08 1301.5
20553 1735.46 1413.32
20554 2801.19 1754.55
20555 3237.65 1764.76
20556 3237.65 1764.76
20557 1667.74 1276.4
20558 1152.82 1411.12
20559 1152.82 1411.12
20560 815.985 989.127
20561 1756.53 1610.78
20562 856.868 2065.59
20563 393.209 2434.24
20564 799.363 1093.16
20565 660.253 1427.31
20566 2821.32 1667.9
20567 2061.08 1445.74
20568 2898.23 1446.77
20569 1599.63 1348.57
20570 777.654 1572.71
20571 1356.04 1521.79
20572 867.547 1081.63
20573 4169.34 1694.66
20574 1761.18 1559.8
20575 2424.83 1672.01
20576 3016.3 1578.98
20577 1185.95 1533.11
20578 2071.13 1900.2
20579 744.313 1606.79
20580 1767.68 1635.89
20581 1767.68 1635.89
20582 3223.82 1528.84
20583 2925.55 1663.01
20584 3751 1991.12
20585 3240.89 1633.27
20586 1324.11 1949.61
20587 569.019 1637.69
20588 822.429 519.006
20589 1145.17 1554.35
20590 855.755 1201.9