Visibility for camera _SAM1016.JPG
3819
568 2099.33 1784.44
1182 3086.74 1712.52
2227 1354.41 1759.83
2875 856.042 2024.73
3331 773.877 1247.69
3355 1007.49 2230.31
3601 1320.78 1519.81
3660 778.639 1767.07
4508 2757.51 1700.29
4603 2154.93 2207.97
6028 821.482 1415.63
7037 1927.89 1558.6
8636 2601.47 2272.59
9904 1035.94 2123.91
10209 1770.5 2179.42
11175 1514.89 1832.55
11806 2303.24 2212.79
11888 1006.53 1971.99
11974 913.356 2073.17
12005 3506.43 2100.39
12108 2618.26 1912.77
12424 778.915 2007.56
12449 2944.08 2170.32
12541 1239.95 1924.21
13582 1136.67 2566.96
13922 2928.8 1764.62
14028 1325.2 2495.58
14667 1290.53 2528.9
14668 682.431 2843.43
14678 3154.82 1879.5
14734 2525.83 2374.87
14760 964.882 2804.5
14771 1215.08 2580.68
14772 1215.08 2580.68
14793 1006.03 2691.31
14807 1193.35 2621.05
14808 1193.35 2621.05
14819 1122.62 2609.06
14829 807.821 2662.92
14852 730.58 2859.47
14869 1796.2 2504.75
14874 747.922 2743.44
14882 719.988 2747.8
14884 1335.33 2642.88
14903 842.948 2744.11
14911 899.263 2949.65
14912 1506.85 2466.71
14921 827.977 2916.44
14926 714.132 2892.7
14969 729.107 2768.85
14987 1641.5 2441.85
15002 729.006 2882.88
15020 1252.61 2608.65
15051 1766.51 2417.43
15066 1628.94 2540.86
15098 1729.88 2526.42
15107 756.165 2814.06
15153 795.985 2827.58
15160 1224 2609.26
15165 2632.56 2400.74
15176 1224.07 2658.7
15183 2211.21 2341.78
15192 2546.02 2396.78
15194 1828.06 2426.15
15214 1240.64 2676.16
15220 782.258 2886.24
15234 3272.96 2276.12
15239 864.434 2955.48
15241 887.403 2825.1
15251 1654.8 2487.68
15252 1671.02 2534.82
15280 1432.56 2447.83
15297 2591.37 2406.06
15304 923.814 2848.35
15314 674.89 2686.09
15328 2791.97 2333.49
15340 1456.62 2519.32
15416 1218.4 2678.99
15427 1189.64 2514.46
15433 899.003 2736.75
15443 1396.18 2516.52
15444 1396.18 2516.52
15457 1602.3 2432.1
15469 799.013 2774.74
15486 2558.39 2409.24
15494 999.097 2802.56
15504 727.02 2729.8
15509 1240.64 2695.38
15512 1401.31 2621.36
15530 695.597 2639.26
15534 1471.46 2452.04
15557 1808.24 2426.38
15567 1169.66 2442.37
15580 1017.62 2851.94
15608 2931.05 2382.11
15609 2903.4 2384.31
15613 863.034 2660.96
15649 708.644 2961
15666 1762.45 2537.89
15699 1845.42 2415.68
15711 4446.5 1970.24
15714 1132.53 2540
15725 1271.99 2559.9
15743 692.503 2690.63
15748 1794.88 2530.65
15759 822.462 2900.17
15764 729.039 2837.9
15802 1023.39 2750.85
15804 2775.8 2337.97
15822 804.021 2695.79
15826 1247.97 2535.16
15836 3300.52 2066.82
15839 1793.89 2466.46
15847 1344.31 2415.85
15857 935.465 2845.59
15867 1384.38 2600.78
15868 3153.96 2461.97
15869 2131.56 2343.73
15876 3129.09 2337.42
15877 2433.11 2382.89
15881 3280.39 2294.02
15882 3125.01 2463.31
15888 2969.41 2335.8
15892 1226.79 2474.34
15893 1226.79 2474.34
15895 2186.18 2370.43
15896 2186.18 2370.43
15906 1608.08 2402.73
15912 2597.37 2333.6
15913 1575.82 2536.34
15918 3023.32 2007.92
15920 1146.23 2641.56
15925 1157.83 2562.25
15928 1477.48 1995.76
15933 1414.15 2544.38
15934 2595.94 2366.18
15935 2595.94 2366.18
15939 1002.5 2625.46
15945 2668.41 2338.18
15946 1602.47 2517.47
15947 2473.27 2325.73
15952 1822.99 2405.01
15963 811.844 2851.02
15970 865.41 2645.58
15984 826.626 2886.87
15990 1481.95 2423.77
15994 1027.49 2817.85
16003 1503.26 2355.28
16008 1414.36 2544.24
16014 667.32 2657.19
16025 2111.69 2107.79
16031 1575.09 2412.38
16034 736.348 2662.09
16035 1293.25 2563.44
16036 1933.29 2563.3
16046 770.794 2801.05
16059 2264.63 2314.99
16060 2264.63 2314.99
16062 2348.47 2325.25
16063 1293.37 2455.78
16064 1293.37 2455.78
16066 2944.77 2302.43
16072 879.171 2974.08
16082 1315.61 2563.55
16088 1649.94 2464.02
16090 1788.6 2545.1
16091 1640.34 2486.09
16092 4209.75 2153.63
16094 1405.91 2406.41
16097 2677.31 2373.19
16113 632.346 2620.92
16131 1064.3 2931.55
16132 3318.49 2258.07
16160 2743.19 2351.35
16163 2447.39 2304.35
16166 2735.49 2324.51
16167 1209.55 1954.56
16168 2782.36 2322.32
16169 1700.3 2441.41
16172 1182.25 2495.22
16173 946.607 2954.97
16175 2141.69 2412.51
16185 4412.49 1996.29
16196 944.001 2926.35
16199 1472.45 2464.64
16200 1802.2 2368.5
16202 794.247 2874.68
16206 1150.32 2584.3
16211 788.511 2610.91
16220 1228.48 2521.39
16245 1577.8 2377.27
16249 1039.76 2708.83
16254 1692.16 2537.46
16256 1023.39 2750.85
16259 1060.84 2920.21
16260 1065.7 2714.13
16278 780.015 2662.13
16280 1496.03 2474.61
16281 1493.81 2461.47
16290 988.414 2726.83
16293 725.297 2917.83
16301 1069.86 2749.49
16302 683.449 2762.89
16305 1235.02 2636.22
16306 733.246 2614.44
16309 844.939 2960.42
16311 4242.64 2166.97
16318 1712.85 2182.88
16322 1309.74 2458.1
16327 1358.11 2460.13
16332 1824.1 2530.01
16335 998.829 2852.29
16337 843.796 2773.87
16338 865.354 2694.65
16344 2943.93 2322.03
16347 734.679 2754.73
16349 868.954 2737.2
16352 2009.84 2383.74
16356 1213.47 2507.59
16368 2156.14 2294.84
16371 1581.96 2536.22
16376 1780.09 2458.77
16377 2910.14 2344.86
16392 3293.64 2268.76
16408 2709.7 2348.44
16410 1555.32 2456.74
16415 952.157 2679.17
16419 1626.16 2490.03
16427 2855.09 2393.1
16429 749.04 2653.52
16435 741.666 2730.66
16439 1762.45 2537.89
16445 1279.18 2701.6
16446 1750.14 2506.89
16452 1287.91 2652.95
16455 957.847 2906.57
16456 1308.96 2631.15
16457 1068.63 2739.52
16463 664.808 2613.67
16468 1833.87 2513
16471 1661.63 2413.9
16473 645.598 2738.18
16475 897.724 2803.7
16486 1320.29 2437.45
16490 991.222 2683.21
16493 790.362 2670.93
16496 963.077 2654.62
16508 881.917 2937.1
16514 996.816 2701.77
16524 1020.68 2693.2
16533 916.651 2595.07
16546 723.453 2741.49
16556 2917.59 2315.9
16570 989.166 2592.94
16571 604.552 2314.42
16581 1161.72 2507.22
16583 778.228 2688.37
16592 1127.8 2518.42
16604 2376.18 2344.56
16613 698.94 2609.18
16628 1859.76 2342.21
16638 789.357 2681.57
16641 811.554 2777.85
16651 543.844 3144.11
16655 1128.79 2438.44
16656 2280.59 2364.13
16666 1275.17 2619.51
16669 2058.92 2391.31
16671 700.695 1652.51
16688 1532.56 2478.39
16691 2926.33 2404.54
16705 1175.05 2430.79
16748 1270.33 2480.89
16749 1270.33 2480.89
16760 4484.52 2060.77
16776 1284.71 1588.51
16789 1432.8 2399.71
16795 681.788 2610.12
16840 1917.2 2461.5
16841 1917.19 2461.53
16845 1134.77 2587.09
16847 990.338 2667.37
16857 2505.47 2343.8
16862 642.702 2608.23
16865 1171.44 2506.73
16872 4126.05 2005.65
16876 2628.28 2314.72
16880 726.791 2634.6
16883 1849.39 1815.62
16886 869.64 2687.44
16887 2297.63 2336.05
16892 2678.5 2316.7
16893 2211.88 2299.95
16896 2675.99 1986.07
16899 2771.76 2289.4
16914 1480.77 2429.83
16931 2325.67 2315.31
16938 778.196 2629.39
16939 2825.91 2294.44
16947 4460.63 2115.97
16948 717.652 2611.9
16951 2515.78 2177.49
16956 1915.03 2528.41
16957 2239.34 2349.52
16959 2509.6 2320.24
16962 2070.82 2324.22
16981 1940.26 2372.91
16985 2190.98 2314.75
16986 1280.74 2510.26
16987 2874.81 2282.49
17001 763.607 2613.98
17003 1725.17 2502.81
17018 941.038 2557.51
17028 974.665 2806.33
17029 748.805 2638.24
17030 2101.86 2388.1
17033 1411.09 2461.27
17034 1409.61 2395.95
17039 899.824 2903.81
17040 3300.16 2257.41
17041 4478.02 2017.42
17058 2250.17 2304.11
17060 1337.88 2678.44
17069 1134.47 2560.39
17072 3013.09 2339.82
17073 930.607 2603.26
17086 2731.75 2283.24
17087 1433.93 2379.34
17095 1077.2 2425.29
17098 1087.17 2604.83
17102 1278.83 2663.86
17107 1057.17 2832.22
17108 1454.48 2495.03
17121 1686.26 2364
17123 1612.76 2368.09
17142 2451.26 2360.85
17145 1253.08 2701.22
17150 2803.12 2295.64
17152 2193.31 2038.94
17156 2335.7 1990.28
17166 882.141 2579.86
17176 1061.2 2579.79
17177 1820.65 2169.15
17195 815.432 2597.03
17197 823.477 2757.64
17209 767.13 2584.28
17211 2302.53 2138.12
17224 1178.67 2546.35
17233 651.593 2577.78
17246 866.36 2818.58
17247 4176.26 2156.84
17248 3934.02 1984.5
17265 608.421 2446.38
17266 1998.2 2468.05
17269 2847.86 2402.38
17271 1030.14 2357.18
17285 2457.87 2348.08
17289 865.238 2941.36
17304 2644.7 2270.27
17308 4483.18 2101.03
17314 2033.04 2297.66
17322 759.193 2839.62
17324 2946.34 2397.93
17326 4178.62 2007.74
17329 1559.6 2360.54
17371 2534.4 2289.19
17382 1402.93 2430.22
17391 2970.67 2110.86
17392 2970.67 2110.86
17406 1305.17 2174.72
17420 4483.99 1998.01
17422 1116.42 2102.42
17424 2036.23 2392.56
17435 640.146 2324.85
17438 2456.22 2375.27
17439 837.604 2587.89
17443 1038.63 1956.31
17444 1352.55 2022.65
17445 4505.28 2027.77
17461 1469.28 2377.44
17469 1445.57 2443.16
17472 4436.24 2130.31
17473 2351.45 2278.33
17476 2958.89 1992.04
17489 1564.19 2380.73
17496 1470.49 2177.44
17509 4477.42 2044.4
17510 3771.31 2310.98
17540 4490.85 2079.21
17547 2009.79 2408.63
17577 1368.35 2634.38
17579 1426.69 1944.7
17589 1367.31 2416.08
17591 1993.09 2152.3
17592 1371.57 2675.59
17604 1458.32 2081.92
17617 1641.25 1921.05
17654 4453.44 1930.32
17659 976.995 2240.48
17664 1160.25 2323.67
17669 861.841 2850.97
17675 785.905 2723.12
17676 1587.78 1976.98
17695 2978.54 2346.1
17697 1051.73 2590.68
17698 1624.57 2441.08
17699 1828.25 2472.32
17710 940.081 1868.32
17713 1460.13 2342.38
17715 1856.38 2096.33
17721 2943.63 2364.41
17723 1393.86 2451.04
17727 1178.56 1952.62
17729 2355.5 2028.38
17732 1929.64 2431.54
17735 2547.12 2384.75
17776 4509.31 2079.22
17780 2959.44 2364.3
17794 967.363 1947.06
17800 1527.6 1831.95
17809 1488.11 2115.38
17832 1561.07 2012.14
17837 1587.61 2268.46
17840 2557.42 2318.03
17850 2332.1 2057.74
17853 2935.53 1991.18
17861 3763.49 2114.07
17878 2675.44 2167.04
17891 623.866 2434.55
17896 1342.24 1954.62
17899 1343.77 2304.24
17923 1371.71 2249.87
17924 4465.96 1960.25
17925 856.365 2454.64
17926 966.441 2582.61
17928 2220.72 2091.98
17930 4205.36 2166.69
17936 1575.49 2316.31
17942 1917.82 2151
17944 3133.93 2285.52
17945 1650.2 2230.63
17953 730.57 1894.42
17954 1187.88 2666.73
17955 619.398 2385.63
17959 1033.92 2011.99
17962 913.553 2938.78
17968 665.42 2159.26
17975 1475.63 2107.74
17980 4459.56 2002.6
17981 851.946 2710.14
17983 3758.27 2193.86
17986 2394.01 2271.94
17989 1721.09 2472
17990 2238.88 2015.11
17993 1629.45 2376.81
17996 1851.83 2263.15
17997 662.779 2369.22
18000 613.56 1877.61
18001 1756.37 2135.67
18010 1432.93 2027.87
18013 1723.15 2283.95
18014 1723.15 2283.95
18017 1059.02 2857.16
18019 2118.26 1944.1
18022 1677.28 2215.38
18030 3524.93 2219.71
18031 794.038 1890.27
18036 1937.35 2395.67
18037 3005.43 2134.65
18042 777.522 2597.35
18047 1452.89 2169.06
18049 805.148 2927.43
18051 2720.19 2118.95
18060 1549.55 1991.07
18062 1320.37 1980.53
18063 1319.55 2112.88
18066 1320.95 2210.15
18069 3068.68 1988.59
18075 4144.59 2171.66
18076 3661.24 2184.57
18077 1734.43 2350.43
18085 2775.38 2170.4
18089 1610.49 2044.53
18098 900.554 2288.55
18110 822.954 2442.22
18135 2830.6 2235.07
18141 2863.47 2403.48
18143 1283.39 2313.46
18148 783.419 2066.4
18158 2211.21 2341.78
18164 933.022 2587.45
18166 2386.25 2076.29
18174 1331.07 2575.18
18177 1022.44 2266.48
18185 3066.78 2354.12
18190 1261.14 2577.13
18202 1261.14 2665.59
18203 1142.36 1929.1
18209 1794.2 2097.26
18211 2631.28 2200.76
18212 1000.13 1757.74
18214 966.221 2476.31
18215 3767.59 2171.51
18220 1121.84 2048.5
18221 1485.05 2181.09
18230 770.929 2508.18
18240 996.447 2472.7
18243 1595.39 2138.03
18244 1039.28 2093.32
18245 1572.2 2464.63
18248 2195.76 2216.51
18252 848.247 2551.19
18255 1304.63 2126.39
18257 3649.59 2195.8
18258 1783.34 2126.7
18268 2481.96 1968.97
18272 2355.3 2125.77
18274 684.066 2940.17
18285 623.961 2186.11
18296 658.011 1856.56
18297 1056.78 1602.48
18306 806.554 2051.5
18307 1456.02 1904.42
18311 850.005 1956.75
18312 974.878 1730.97
18313 974.878 1730.97
18314 3088.14 1918.03
18317 1230.86 2307.2
18321 1381.44 2396.73
18322 2381.35 1965.12
18324 2832.3 1965.46
18327 2327.25 2277.95
18332 1385.29 2490.54
18335 2429.21 2111.45
18344 1037.45 2044.58
18345 1696.47 2400.43
18346 673.41 1824.61
18347 1486.74 2138.87
18348 965.712 2562.05
18353 3837.69 2170.31
18357 2558.39 2409.24
18358 4394.98 2149.24
18364 1252.04 2334.84
18371 785.415 1810.41
18376 1769.36 2228.33
18377 1452.16 2579.83
18381 3322.27 2044.99
18383 1517.06 2370.81
18386 3891.31 1936.62
18394 2579.56 2153.34
18400 817.488 1950.38
18401 817.488 1950.38
18402 1768.3 1998.83
18406 3532.32 2317.69
18409 2774.91 1970.88
18415 4359.99 2075.03
18426 940.164 2261.38
18427 3711.03 2185.7
18428 3711.03 2185.7
18433 3457.45 2174.28
18437 737.187 2047.82
18445 1366.7 2599.87
18453 2061.14 2212.88
18458 916.693 2724.6
18463 907.679 2549.98
18467 1234.74 2051.92
18468 2951.82 2269.98
18485 1426.4 2348.09
18486 1739.29 2118.47
18497 2759.67 2268.43
18505 3805.29 2172.45
18510 2219.06 2183.01
18512 2144.84 2001.46
18513 2144.84 2001.46
18517 912.089 2799.02
18527 2800.23 2211.49
18531 1574.1 2281.23
18536 822.022 2485.43
18540 2354.23 2212.61
18541 662.528 1881.33
18543 649.888 2264.84
18548 2707.14 2165.3
18551 1076.46 2202.99
18554 1194.39 2052.12
18559 673.505 1741.57
18563 1676.56 2161.2
18564 4381.08 1815.31
18569 1691.25 2342.34
18570 2972.74 2079.69
18573 1041.09 2311.01
18577 1446.77 2039.06
18581 1439.5 2333.26
18582 3611.12 2197.9
18583 1996.72 2283.74
18587 3839.55 2295.82
18598 898.777 2486.78
18607 888.397 2072.41
18608 707.066 2047.16
18614 2221.56 2224.08
18615 2333.81 2014.8
18618 714.885 2025.23
18620 1486.7 1958.2
18633 1039.46 1807.6
18639 2702.44 2181.97
18647 611.153 2326.67
18653 2317.47 1988.15
18662 1280.13 1844.45
18664 2601.87 2086.53
18673 1720.14 2010.17
18674 913.631 2194.04
18686 1391.25 2291.1
18690 1264.47 2249.91
18696 908.974 2215.19
18697 1198 2099.08
18702 3087.25 2093.98
18704 3034.55 1900.28
18706 4078.1 2152.61
18709 863.437 2486.83
18713 4499.05 2052.99
18718 1562.58 2063.19
18724 803.517 2355.01
18733 718.625 1993.42
18734 794.136 2423.56
18751 3741.78 2171.63
18752 2489.62 2086.9
18759 1854.5 1957.81
18760 2914.84 2181.77
18764 2874.71 2016.91
18778 746.227 2192.62
18788 1043.38 2368.24
18789 1020.4 2739.99
18792 3312.35 2022.98
18793 1489.47 2078.97
18801 2170.34 2084.77
18809 801.47 2030.74
18810 801.47 2030.74
18814 4728.42 2006.31
18816 1560.28 2183.23
18817 1809.76 1985.33
18824 1590 2348.13
18825 1590 2348.13
18828 1966.11 2276.88
18835 837.212 1713.4
18841 815.495 2268.81
18848 3099.11 2295.57
18850 2822.75 2136.08
18866 3701.92 1965.12
18877 1835.07 2133.61
18878 1835.07 2133.61
18889 2983.55 1877.19
18892 1779.02 2194.16
18896 2945.33 1872.38
18897 1030.96 2225.89
18900 4547.41 2159.06
18914 669.928 2412.88
18915 1684.65 1863.78
18921 1042.96 2216.74
18924 1179.86 2174.93
18927 1855.29 1886.53
18930 804.569 2444.86
18933 1411.3 2597.41
18939 1463.67 1853.67
18942 829.878 2027.94
18956 1999.22 2232.69
18977 735.203 1977.16
18987 3725.59 2171.72
18988 1148.9 2370.01
18991 3325.48 1956.09
19000 2334.17 2180.95
19008 771.888 2095.28
19011 1841.8 2190.33
19022 702.63 2063.03
19026 2954.49 2234.36
19039 1426.4 2311.08
19042 1551.04 2167.01
19045 1865.61 2548.87
19046 1857.19 2017.46
19055 2974.19 1979.54
19060 1610.08 1968.79
19061 1035.26 2383.87
19064 1911.57 2315.27
19065 1651.74 1849.81
19077 613.149 1843.36
19087 1460.33 2322.06
19090 2659.45 2195.7
19091 2635.91 1900.53
19092 1117.35 2306.01
19100 2254.69 1989.06
19101 1136.22 2257.74
19102 1438.21 1954.94
19105 4476.82 1954.58
19110 3171.07 2277.3
19114 854.304 1937.06
19116 1694.56 2112.28
19119 4402.35 2044.55
19120 1858.21 2147.67
19123 1460.7 2018.96
19126 4448.18 1944.94
19130 2432.85 2208.92
19134 976.131 2285.37
19136 909.132 1728.83
19141 1606.45 1992.55
19143 4075.14 1941.28
19148 1652.09 2273.62
19149 2396.23 2192.52
19158 1143.56 2317.97
19164 2140.75 1971.98
19178 1824.29 1909.28
19185 880.801 1746.94
19191 986.326 2085.41
19195 2495.55 2227.3
19203 1159.74 2165.74
19209 4610.12 2033.96
19210 785.239 760.87
19211 1430.78 2108.24
19215 3007.64 1874.35
19230 3036.32 2045.19
19239 1865.84 1973.75
19251 4195.19 2077.25
19257 664.858 1724.9
19261 1489.13 1878.99
19264 4362.71 1969.45
19268 2950.6 1929.88
19270 1175.25 1867.7
19271 1699.61 2291.38
19273 1044.76 2439.7
19277 1654.48 1965.85
19280 1866.63 2031.74
19283 1273.97 2337.92
19293 4517.84 2105.04
19305 1529.55 2229.91
19308 1277.29 1880.05
19309 1931.19 2094.84
19334 2303.7 2070.92
19341 1587.61 2203.92
19343 742.148 1787.41
19357 1844.33 2056.53
19358 962.433 2380.01
19364 1584.76 1923.29
19365 1647.47 1997.05
19366 2558.05 2076.02
19370 2775.4 1967.15
19371 2775.4 1967.15
19372 801.216 1752.35
19375 1232.37 2401.11
19378 1464.85 2160.75
19381 2557.04 2145.9
19382 2736.87 1972.21
19383 1842.89 1896.5
19385 1468.97 1855.52
19386 1753.34 2450.46
19387 2814.89 1962.09
19389 2970.96 1993.72
19391 2397.02 2174.06
19393 2619.47 2005.21
19394 2396.97 2012.05
19395 2557.61 2012.18
19396 1850.41 2457.37
19398 2677.17 2033.5
19401 1343.77 2304.24
19403 2125.4 2217.48
19406 3186.18 2016.84
19408 1342.77 2004.04
19410 2395.57 2119.37
19419 1629.29 2256.43
19423 2049.96 2307.27
19424 2049.96 2307.27
19431 3991.89 1986.82
19433 585.187 1842.01
19437 1375.1 2041.04
19438 923.694 2266.37
19442 1661.17 2038.5
19447 2269.02 2134.95
19448 1117.15 2097.02
19449 2129.67 2009.89
19454 2515.78 2177.49
19455 2115.97 1882.65
19458 1915.29 1885.15
19459 3001.53 1987.31
19460 4467.17 1918.98
19465 1769.03 1859.61
19467 2911.57 1948.13
19469 537.602 1322.14
19470 1916.47 1991.6
19473 2973.45 2302.36
19475 1982.87 2266.74
19476 1617.55 1876.89
19477 824.399 2090.16
19478 824.399 2090.16
19479 3909.6 2072.03
19481 2980.49 2206.68
19483 1914.13 2503.91
19487 1320.79 2403.57
19488 993.895 1973.03
19491 1409.27 1873.69
19496 1632.09 2028.62
19498 2318.67 1913.16
19500 3283.76 1920.11
19501 1160.7 2154.12
19508 2758.41 2006.99
19511 1323.83 2461.12
19512 1522.65 1560.99
19513 1433.54 2279.6
19520 1201.03 2107.42
19522 2076.16 2077.31
19525 3262.53 1983.87
19527 777.522 2597.35
19528 1299.04 1775.41
19530 2780.63 2230.37
19532 3612.98 2186.74
19535 786.673 2216.33
19537 1799.56 1865.3
19538 1710.11 2099.09
19539 3359.26 2243.84
19540 1320.45 2068.18
19547 622.109 2120.58
19548 782.258 2886.24
19549 2429.21 2111.45
19555 1302.49 1898.13
19556 2442.94 1939.28
19557 1319.86 2181.73
19559 916.108 2308.79
19560 916.108 2308.79
19563 3957.21 2067.24
19565 660.173 2508.16
19569 1501.34 1867.06
19571 653.224 1974.43
19576 1321.05 2274.91
19577 1235.73 2104.65
19585 1480.71 1926.82
19586 4615.44 1951.36
19588 616.748 2443.87
19590 1288.45 2256.95
19592 2519.34 2091.92
19593 2773.45 2098.6
19594 2510.82 1936.1
19595 593.557 2044.38
19596 4456.07 2047.6
19598 2506.01 2007.45
19600 941.843 2527.7
19601 941.843 2527.7
19603 2943.44 2203.22
19605 921.002 2486.75
19606 2109.76 2206.85
19607 1245.44 1768.59
19608 4387.39 1860.04
19609 703.668 2194.5
19610 703.668 2194.5
19611 696.549 2294.42
19612 981.754 1845.16
19613 1502.45 1842.38
19614 743.52 2070.01
19615 2888.2 2209.23
19617 801.464 2157.04
19618 2260.19 2164.13
19621 1685.5 2179.5
19623 2663.36 2170.72
19624 4581.29 1983.96
19625 4336.98 2077.26
19628 1056.19 2395.76
19629 1941.82 2314.53
19630 2776.27 2133.4
19631 2776.27 2133.4
19637 1593.25 1861.04
19638 1593.25 1861.04
19642 2248.1 1908.24
19644 1754.37 1893.48
19650 2301.95 2160.86
19651 3281.34 2003.41
19654 2707.14 2165.3
19658 3033.14 2136.13
19661 4461.36 2135.94
19662 2803.37 1893.7
19663 2087.37 2144.67
19669 1054.44 2245.64
19671 2111.26 1981.93
19673 2125.45 2261
19675 1579.63 2009.69
19676 2326.88 1872.47
19680 3028.92 1988.82
19682 799.637 2086.78
19683 799.637 2086.78
19685 1261.47 2075
19692 677.253 1934.4
19694 2706.06 1902.28
19700 1393.76 2666.27
19702 2544.07 2036.67
19703 1201.8 1888.43
19707 1857.59 2289.19
19710 1121.07 2030.16
19712 3535.59 2187.97
19713 1038.2 1741.17
19716 2636.07 2276.34
19721 594.445 1978.72
19722 2310.86 1883.25
19723 2945.97 1904.12
19726 1233.72 2247.52
19728 1056.45 2355.64
19729 1171.65 1930.82
19731 1836 1999.59
19736 2968.23 1877.35
19745 1565.36 1808.41
19748 823.642 1916.11
19750 2804.47 2090.61
19752 3008.68 2059.06
19753 2132.24 1867.19
19756 608.908 2174.04
19760 1185.83 2478.31
19761 942.121 1656.03
19762 942.121 1656.03
19764 605.843 2200.44
19766 853.062 2415.61
19769 967.247 1991.35
19770 967.247 1991.35
19771 694.277 1767.06
19773 3277.49 2029.7
19778 3550.7 2184.72
19779 696.938 2426.87
19782 1006.53 1971.99
19784 1787.97 1943.06
19787 1295.73 2382.69
19788 2353.57 1862.84
19792 1041.51 2284.88
19793 2327.76 2291.66
19795 804.8 2560.54
19796 4288.6 1881.3
19798 2216.9 2042.92
19800 897.337 1888.54
19802 859.562 2101.63
19803 4179.62 1988.91
19805 1128.71 2319.64
19806 1013.91 2529.11
19808 2511.55 1900.77
19810 792.712 1784.32
19812 593.828 2016.23
19813 1043.12 2410.25
19816 1057.59 2503.59
19818 3397.8 1969.94
19819 2586.23 2319.61
19823 2110.05 2323.85
19827 2528.09 2050.09
19828 2528.09 2050.09
19829 836.211 2473.72
19831 1426.53 2143.02
19834 699.579 1861.97
19835 773.313 2620.34
19837 1204.48 1995.39
19839 995.573 2392.18
19840 3578.62 2124.7
19842 3104.23 2319.1
19844 1276.59 1963.53
19845 1202.12 2121.41
19846 2276.55 2377.16
19847 994.443 2261.9
19848 837.868 1677.11
19849 837.868 1677.11
19855 2273.17 2233.13
19856 895.411 2406.36
19861 672.513 2150.36
19862 1246.92 1838.29
19863 812.414 1851.53
19866 4858.47 1975.52
19867 1054.6 2271.14
19868 4171.59 2137.19
19870 1980.46 2330.84
19871 2296.02 2382.99
19873 2196.79 2153.5
19878 749.579 2232.7
19879 749.579 2232.7
19883 1488.63 1850.83
19884 1017.31 2349.35
19885 997.439 2289.46
19886 2158.76 1962.41
19889 1575.92 2250.67
19891 1306.17 2395.26
19895 1279.4 2179.26
19902 2820.33 2270.62
19903 632.201 1982.4
19905 1056.5 2481.01
19908 851.364 2026.95
19909 1682.51 2078.96
19910 1521.69 1529.63
19911 2821.1 2181.55
19913 925.188 2405.2
19916 600.726 2980.02
19917 2573.01 1941.89
19919 1822.45 1988.43
19920 812.528 2197.21
19921 688.49 1921.47
19926 1672.73 1938.73
19928 1584.04 1952.25
19932 967.363 1947.06
19934 1854.74 1834.72
19937 902.502 2357.5
19938 1050.12 2840.4
19939 2166.19 1935.63
19941 2614.79 1864.44
19942 2702.44 2181.97
19945 1389.54 2084.35
19946 637.43 1834.89
19948 1600.73 1831.72
19949 1754.47 2104.82
19951 1431.23 2171.67
19952 883.15 1763.97
19960 4004.9 2029.63
19961 2575.41 2408.9
19965 508.074 1163.63
19972 1260.28 2119.22
19978 720.044 2495.09
19979 906.698 1769.44
19980 2738.56 1935.22
19988 1460.7 2018.96
19993 2208.97 2305.95
19994 701.278 1976.99
19999 2889.23 2258.51
20001 1805.83 2280.14
20003 2406.95 2083.09
20009 2992.36 1933.17
20010 2399.75 2042.62
20011 4089.27 2038.37
20012 716.514 1738.38
20015 604.778 1668.42
20020 1493.6 1569.74
20021 3450.23 1970.54
20023 928.968 1750.16
20024 928.968 1750.16
20025 963.503 2450.99
20026 2571.91 1857.04
20027 2544.73 1948.79
20029 868.831 2231.2
20030 875.606 1820.44
20031 1464.9 1990.77
20032 3898.14 1922.21
20033 4379.36 2075.45
20040 1043.38 2266.16
20042 4656.35 1960.15
20045 951.706 2146.63
20046 951.706 2146.63
20049 91.379 2870.31
20052 2407.45 1860.24
20054 3771.51 2285.27
20056 1277.29 1880.05
20057 646.44 2027.02
20059 1581.27 2225.28
20060 1612.57 2156.97
20062 1652.93 2091.02
20063 689.827 2314.24
20064 1788.72 1959.63
20065 625.091 2421.82
20066 751.157 1736.71
20069 615.653 1327.78
20072 1769.53 2004.89
20078 3246.55 2141.94
20079 660.135 1823.88
20081 4059.68 2146.25
20086 2191.95 2294.05
20088 986.139 1878.04
20094 1160.73 1780.38
20095 3007.64 1874.35
20097 2432.85 2208.92
20099 3053.08 2273.08
20102 1360.35 2220.44
20108 616.275 2100.15
20111 2480.17 2199.87
20112 1781.21 2303.51
20113 243.979 2732.83
20118 1606.45 1992.55
20119 789.598 2307.57
20121 604.773 2071.91
20122 849.025 1865.05
20123 849.025 1865.05
20124 651.576 1679.33
20125 1701.63 2240.7
20126 1053.37 2036.05
20127 1005.58 1945.32
20133 3717.54 2097.64
20138 2722.67 2177.19
20139 4021.11 2284.84
20141 664.858 1724.9
20142 999.162 2494.76
20145 2678.83 2231.39
20146 2243.07 1926.44
20147 2243.06 1926.45
20148 1667 1965.79
20152 818.075 2392.82
20153 818.075 2392.82
20160 3336.07 2199.12
20163 3277.08 1960.96
20166 2891.49 2060.32
20168 1592.51 1906.68
20169 1058.64 2548.87
20171 1037.2 2465.86
20172 1037.2 2465.86
20173 1386.9 2525.48
20174 1386.9 2525.48
20176 906.343 1931.14
20177 1968.12 2325.37
20178 893.113 2246.54
20180 658.299 2278.03
20181 622.908 2067.42
20183 3112.21 1919.81
20185 1039.78 1718.14
20192 1420.07 2114.78
20193 904.861 2536.91
20195 2842.49 2141.11
20197 2898.69 2274.73
20198 919.367 1929.36
20199 919.367 1929.36
20201 773.302 1965.29
20202 701.482 1910.48
20204 1148.67 2004.9
20205 768.193 2365.77
20208 755.004 2105.09
20210 1204.75 2290.66
20212 677.551 2221.88
20213 792.333 1711.01
20214 792.333 1711.01
20215 1611.79 2085.99
20223 627.047 1934.57
20224 756.648 1882.35
20225 2698.33 2035.1
20226 2151.82 2138.17
20228 658.36 2111.87
20230 2346.63 1881.74
20231 746.848 2523.9
20233 958.063 2286.4
20234 1537.61 2140.43
20235 1370.6 2535.54
20236 892.082 2259.53
20237 2165.47 2284.02
20238 759.77 1926.87
20239 655.647 1967
20242 1230.92 1875.8
20246 1575.6 1971.71
20247 1734.07 2444.03
20248 1491.6 2325.49
20254 2590.4 2164.69
20257 3113.22 2007.22
20258 1445.65 2062.09
20260 735.548 2315.4
20261 2494.98 1994.79
20263 4300.29 1707.4
20266 1813.36 2248.58
20267 2296.93 2191.29
20268 3162.19 1823.8
20269 1624.83 2232.59
20270 1624.83 2232.59
20271 2951.27 2047.55
20273 599.752 1766.1
20274 2452.05 1904.89
20275 1297.62 2002.03
20276 1297.62 2002.03
20277 4810.22 1991.23
20279 1051.07 2108.22
20282 738.096 2095.9
20283 1296.23 2067.32
20285 654.877 2222.29
20286 654.877 2222.29
20287 1205.33 2219.8
20288 664.273 1701.99
20289 4414.99 1855.26
20291 1429.21 1834.88
20292 846.054 2216.09
20293 775.966 310.993
20299 1577.77 1824.31
20300 625.029 1960.18
20301 625.029 1960.18
20303 2851.85 2271.93
20306 2745.17 2272.15
20308 1026.17 2161.86
20310 638.398 1763.2
20313 1134.37 2036.45
20315 1005.14 2556.8
20316 1005.14 2556.8
20317 1021.33 2394.86
20318 2562.5 1878.32
20319 2562.5 1878.32
20320 2469.94 2004.49
20321 1690.06 2151.84
20322 960.466 2206.89
20323 1803.96 2121.8
20324 1803.97 2121.78
20326 815.737 1988.54
20327 815.737 1988.54
20335 812.498 2145.87
20336 1180.55 2298.58
20337 773.707 1827.36
20339 1666.77 2185.3
20347 3319.45 1922.24
20350 921.431 2248
20351 2617.16 2102.97
20352 1805.64 1831.87
20353 3728.2 2051.44
20354 1839.36 2018.38
20355 4421.82 2096.22
20356 1013.75 1830.69
20357 1013.75 1830.69
20359 753.715 2324.54
20360 2532.37 2278.12
20361 2391.12 1911.73
20362 611.358 1759.45
20363 4004 2284.05
20364 2135.94 2092.96
20366 677.168 2381.41
20367 1255.5 2036.41
20372 882.544 1998.89
20377 1379.52 2411.48
20378 704.739 2341.54
20379 731.154 2140.35
20380 1848.28 2261.82
20381 897.278 2341.72
20385 1713.42 2269.69
20386 1713.42 2269.69
20390 1649.78 2045.86
20391 1141.4 2244.91
20393 1463.67 1853.67
20394 3165.56 1842.84
20400 2396.23 2192.52
20402 907.683 1784.04
20404 1021.15 1915.06
20406 2965.42 1869.53
20407 2767.24 2202.83
20412 1610.1 1866.88
20413 4108.76 2039.78
20416 1808.19 2151.37
20417 1808.19 2151.37
20418 1016.71 1682.55
20422 847.85 2158.74
20423 1033.85 2443
20424 742.342 1893.61
20429 3274.97 2047.93
20430 4060.72 1830.27
20433 3807.87 1875.44
20435 779.273 2023.44
20437 3409.19 2095.09
20438 1124.93 2265.34
20439 2153.68 1944.99
20441 2210.56 1954.1
20443 890.345 2318.18
20445 863.393 2217.56
20448 1418.67 1826.27
20452 700.993 2244.29
20453 2450.66 2016.29
20456 2663.19 2162.08
20458 3498.58 2074.09
20460 807.133 1821.74
20461 1225.24 2232.21
20462 923.874 2446.39
20463 851.392 1764.55
20464 851.392 1764.55
20467 1401.31 2621.36
20469 2530.38 2089.56
20470 3610.17 2089.29
20471 779.605 2300.1
20473 1750.01 2085.76
20475 1174.66 1832.58
20476 1174.66 1832.58
20479 2324.48 1948.1
20485 1826.74 1944.92
20488 731.143 1856.09
20489 1715.37 2249.79
20490 3246.2 2101.35
20495 604.577 1943.4
20497 871.055 2165.6
20499 1216.86 2114.35
20501 1582.7 2149.21
20506 715.759 1754.67
20507 4208.08 2258.02
20511 850.155 1705.41
20512 2181.63 2284.3
20514 1731.87 1915.95
20515 734.019 2242.74
20516 1794.93 2530.59
20517 1175.59 2082.46
20518 1840.52 1818.31
20522 1277.64 2235.31
20523 939.365 2408.59
20524 2342.39 2119.03
20528 2430.3 2189.49
20530 1436.33 2055.32
20531 4425.8 1803.18
20534 636.831 2142.05
20535 636.831 2142.05
20536 629.926 2242.46
20540 4417.48 1788.13
20541 845.698 2080.62
20543 2413.75 1906.31
20544 1812.75 2019.43
20545 1560.6 2124.25
20546 705.507 2288.73
20547 1490.6 2018
20549 2340.26 2268.94
20551 4364.84 2058.26
20552 1831.46 1857.51
20553 1809.01 1999.81
20557 1738.28 1827.82
20560 830.473 1747.3
20561 1829.18 2238.65
20565 711.362 2315.59
20566 2910 2202.61
20567 2145.32 1952.07
20568 3013.56 1936.01
20569 1667.38 1919.76
20570 844.778 2486.85
20571 1421.13 2163.53
20573 4287.75 2078.95
20574 1835.38 2178.67
20576 3115.42 2152.65
20579 816.099 2529.81
20582 3339.88 1986.28
20583 3016.68 2197.91
20585 3342.45 2113.07
20589 1208.74 2265.17
20590 892.539 2026.17
20602 2610.49 2258.59
20609 2816.55 2032.36
20616 2990.35 1901.48
20617 3955.56 2195.38
20624 4501.85 1927.13
20625 1246.56 2076.17
20631 3798.12 2209.55
20635 1734.31 2209.83
20638 731.803 1946.31
20639 1205.77 2438.38
20645 2964.8 1854.5
20648 2396.84 1964.97
20649 2396.84 1964.97
20650 2871.61 1866.93
20651 2871.61 1866.93
20654 662.779 2369.22
20655 2619.47 2005.21
20656 2619.47 2005.21
20659 3722.61 2198.2
20661 2636.32 2266.12
20663 802.637 2213.94
20669 3265.46 2209.94
20672 3159.87 2281.27
20677 1247.29 1811.72
20679 4585.62 1992.69
20682 2557.61 2012.18
20683 4430.79 1975.97
20684 2199.41 1870.01
20688 3641.74 2207.13
20690 2676.92 2223.16
20691 649.277 1699.98
20692 775.91 2958.19
20698 973.932 2888.06
20699 1641.25 1921.05
20701 685.96 2270.75
20709 4140.5 1981.65
20713 933.192 1715.53
20715 2779.39 2185.87
20719 420.588 2142.8
20720 839.928 2672.43
20723 3153.4 1835.27
20724 932.412 2142.96
20727 2891.2 2338.61
20728 826.144 2771.98
20730 430.507 817.644
20731 1176.96 2284.74
20732 1919.37 2264.3
20738 3026.03 1921.77
20739 3149.22 1786.49
20743 4913.77 1960.16
20744 2729.34 2073.42
20745 2729.34 2073.42
20748 3927.03 1851.09
20749 862.93 2111.06
20755 607.052 2912.69
20765 2187.67 1908.99
20767 1034.39 1957.55
20780 722.669 2470.4
20783 856.042 2024.73
20784 1261.6 1860.39
20786 1260.84 2154.18
20788 682.551 2428.35
20793 1754.82 2362.16
20794 1691.37 2285.41
20795 1691.37 2285.41
20800 3692.54 1981.25
20802 1705.89 1645.54
20803 880.77 1581.07
20804 861.026 2614.2
20807 1372.87 2372.17
20808 1009.74 1694.3
20810 3689.85 2030.96
20812 3821.39 2151.32
20813 2854.88 1949.03
20817 3762.53 2030.44
20818 1211.15 2294.78
20820 3860.51 1857.13
20821 1638.54 2084.44
20824 3871.36 1937.55
20830 4020.7 2071.71
20833 2940.41 2133.78
20834 3839.8 2123.63
20838 520.043 3032.65
20842 1799.56 1865.3
20845 2250.3 1841.52
20851 4058.98 2074.23
20853 2782.08 2193.12
20854 2782.08 2193.12
20858 3596.54 2089.07
20861 1489.78 1540.17
20863 3377.63 2157.47
20866 704.564 1737
20867 704.564 1737
20868 3068.17 1770.94
20869 2268.83 1869.87
20870 1106.92 1936.16
20871 2447.77 2001.97
20873 997.343 1385.98
20875 334.482 3359.41
20876 2177.24 2092.08
20880 2272.24 2262.95
20881 3929.28 2045.22
20887 498.82 3572.35
20890 2183.74 2180.59
20891 2631.84 1988.53
20894 822.954 2442.22
20895 2151.35 1963.71
20902 4027.15 1963.66
20903 3647.29 2029.88
20915 2344.55 1778.64
20916 2408.29 1975.51
20917 4261.43 1723.4
20918 1631.18 2513.11
20919 940.731 1233.84
20921 3657.39 2164.81
20923 1487.42 2520.77
20925 1299.3 2424.93
20926 3002.41 2359.74
20927 3002.41 2359.74
20930 661.922 1848.46
20931 2078.45 2223.34
20936 1411.09 2461.27
20937 2672.17 1768.23
20938 982.328 2518.46
20943 787.232 340.067
20944 1036.9 1690.33
20948 986.879 2211.68
20949 986.879 2211.68
20950 1053.97 1674.65
20955 2262.06 2102.99
20960 1505 2427.21
20963 879.059 1932.21
20964 1736.72 2019.79
20967 154.497 1575.49
20969 3778.72 2157.6
20970 4618.71 2000.16
20972 736.487 1665.99
20973 2898.13 2160.87
20978 2830.6 2235.07
20980 2645.2 2101.89
20981 2645.2 2101.89
20982 2645.2 2101.89
20983 679.542 518.237
20987 3427.84 2115.87
20989 3642.44 2103.22
20992 4229.82 1697.71
20993 4119.38 2058.93
20995 4074.33 2052.99
20997 3060.49 2401.56
20998 1595.39 2138.03
20999 2160.2 1870.42
21001 998.88 2153.43
21002 1770.5 2179.42
21003 720.941 1810.84
21004 3287 2083.78
21005 3316.44 2091.93
21008 660.498 1791.18
21012 4287.34 1973.3
21013 1056.62 2083.35
21014 808.354 2375.69
21015 1805.34 2017.13
21016 667.936 343.845
21018 3574.65 2179.1
21022 1694.51 2504.75
21023 590.205 2903.6
21024 1408.36 2286.98
21026 770.763 2852.77
21028 1374.19 2106.84
21029 2806.83 2161.29
21030 2223.28 1896
21031 2409.11 1882.21
21033 959.295 1776.96
21034 959.295 1776.96
21037 3805.73 2130.78
21040 3897.93 2176.72
21044 726.34 2439.06
21045 756.667 1833.93
21046 1053.57 1815.85
21048 2303.24 2212.79
21050 2849.1 2254.58
21053 194.922 1767.17
21054 2199.71 1794.87
21056 4634.89 2112.08
21058 3672.54 2074.39
21059 4332.99 1787.27
21060 584.774 1784.49
21062 4522.33 2123.04
21063 856.429 1720.1
21064 856.429 1720.1
21065 2954.78 1855.8
21066 2656.59 1859.07
21070 4567.93 1863.28
21073 850.403 2593.75
21076 948.18 2058.26
21077 4146.56 1854.07
21078 2419.06 1845.99
21081 924.34 2237.77
21082 924.34 2237.77
21085 674.317 2130.15
21086 945.493 1558.66
21087 945.493 1558.66
21088 2669.36 1834.96
21090 930.03 1766.82
21093 1129.07 1762.8
21102 662.772 2065.18
21104 2087.37 2144.67
21106 1654.78 1740.65
21108 3626.77 1854.19
21112 2243.62 1865.22
21113 4298.5 2148.34
21118 693.859 1997.36
21122 787.839 1595.44
21123 933.745 1674.35
21126 239.174 2264.14
21129 2820.78 1918.56
21131 694.277 1767.06
21132 768.096 1775.52
21140 2663.63 1920.38
21141 2774.91 1970.88
21142 1483.01 2052.01
21147 2530.38 2089.56
21148 933.617 2374.89
21149 1066.13 2943.75
21151 1247.57 2551.02
21154 2264.13 2065.61
21156 3433.06 1880.47
21157 634.248 1811.94
21159 2338.2 1849.31
21160 1779.5 2076.2
21161 1779.5 2076.2
21163 1171.65 1930.82
21165 687.426 1278.99
21166 3713.39 2207.37
21168 1438.39 1719.27
21170 205.941 2349.98
21172 1022.44 2266.48
21173 2608.68 1975.18
21175 1027.17 2489.85
21176 2250.17 2304.11
21180 863.437 2486.83
21184 3564.2 2095.6
21185 2714.04 1922.3
21187 2943.8 1724.24
21189 2433.92 1815.05
21190 1667.49 2278.23
21195 918.239 1323.03
21196 1377.17 1980.51
21203 1827.46 2190.59
21209 747.584 2550.56
21211 4016.55 2264.47
21213 3389.43 2136.27
21217 1441.41 1605.09
21219 677.992 2080.51
21220 4629.82 2094.46
21223 3033.14 2136.13
21224 1137.03 1537.01
21229 820.522 2461.11
21237 232.402 1299.14
21239 3664.37 2102.18
21241 859.562 2101.63
21243 1358.05 2436.8
21245 1252.32 2334.73
21246 583.667 2440.07
21247 1499.55 2263.64
21249 2540.19 2357.08
21250 944.286 1316.9
21258 687.278 1678.19
21259 4230.7 2093.97
21260 1163.82 2660.56
21263 3000.34 1860.98
21264 1488.63 1826.42
21266 711.94 2233.79
21268 2920.05 2000.15
21270 575.557 2823.81
21271 2757.99 1914.72
21272 632.201 1982.4
21274 920.503 2118.86
21277 1320.31 2383
21278 3470.51 2177.91
21279 2802.57 1954.12
21285 4212.68 2141.96
21287 2411.79 2070.68
21288 3607.14 1963.71
21293 4465.66 2160.83
21294 3845.89 2068.33
21295 2668.39 2299.22
21296 289.75 3401.65
21298 268.016 2830.87
21299 1040.53 2241.21
21300 1486.97 1748.08
21305 1581.28 1994.73
21306 2281.49 2057.71
21307 398.171 1685.85
21308 312.051 966.12
21310 575.775 525.936
21311 3918.1 2134.56
21317 1460.76 2443.57
21318 2434.64 1752.18
21319 778.915 2007.56
21323 2232.86 2040.11
21325 1037.99 1825.23
21327 784.443 1808.51
21328 784.443 1808.51
21330 1310.62 1626.63
21335 4011.34 1852.65
21336 1736.33 2320.82
21341 4804.69 2047.67
21342 2176.82 1909.53
21347 675.539 1772.72
21351 2300.78 2415.63
21354 1005.04 2249.23
21356 2381.52 2176.22
21357 688.041 1358.33
21358 1858.23 2327.27
21360 4424 1945.1
21361 1775.72 2391.51
21363 816.704 1354.82
21367 1517.04 1798.26
21372 3141.55 2410.19
21374 3383.98 2111.93
21375 3021.48 2409.07
21378 287.058 3375.4
21381 304.207 2606.06
21383 3768.7 1820.42
21389 3088.83 2109.8
21390 3878.35 2277.59
21391 986.139 1878.04
21395 3430.56 1809.69
21397 1829.15 1804.31
21398 2900.31 1862.16
21400 318.34 890.973
21401 2455.38 2245.89
21403 823.1 2062.4
21405 1352.85 2086.49
21408 801.697 2684.27
21411 2598.29 2044.91
21416 1722.34 1742.59
21417 1722.34 1742.59
21418 1194.53 1962.18
21420 516.421 2518.52
21421 1030.96 2225.89
21423 2258.36 1890.03
21424 713.375 2029.72
21428 692.337 712.022
21431 4285.29 2039.35
21434 3418.3 2200.14
21435 2903.66 2160.32
21437 986.326 2085.41
21439 542.718 836.728
21440 3775.9 2062.43
21441 1053.68 1928.67
21442 1158.41 1724.07
21449 561.858 916.783
21454 732.873 2410.15
21460 3716.28 2139.38
21461 2512.21 2081.02
21462 2512.21 2081.02
21464 3979.99 1838.1
21465 761.956 1187.96
21468 4075.62 1749.9
21470 761.543 1959.55
21472 3608.43 1872.04
21477 1752.85 1898.78
21479 2072.47 1948.83
21480 4035.08 1944.56
21482 802.899 1416.29
21483 804.701 1418.94
21484 3276.41 2131.73
21485 1229.15 1550.58
21490 1017.63 2152.97
21496 1795.55 1842.35
21497 1795.55 1842.35
21501 4183.67 1858.87
21503 1160.73 1780.38
21504 4930.26 1948.77
21509 1125.8 1800.34
21511 3926.53 1906.07
21512 3132.8 1832.89
21514 1189.64 2514.46
21517 3023.04 1922.62
21518 708.644 2961
21519 735.62 1949.59
21521 1717.31 1808.04
21522 868.44 2794.98
21523 731.271 2540.61
21528 3068.17 2000.79
21529 3020.7 2305.93
21533 1553.35 1733.64
21542 1043.39 1379.58
21546 3072.05 2160.28
21547 1039.06 1793.43
21548 1036.51 1229.92
21551 770.263 1536.68
21555 1188.94 2187.65
21556 616.275 2100.15
21558 1399.89 1833.4
21563 4633.49 2014.04
21564 1918.42 1973.5
21565 1918.42 1973.5
21567 2433.71 1716.18
21568 2840.03 1930.33
21570 598.06 1136.31
21571 1136.49 1679.02
21572 2945.72 1964.82
21573 4349.05 1984.01
21574 1058.6 1466.68
21576 2217.04 2315.68
21579 716.26 2277.76
21582 1769.53 2004.89
21590 1102.6 1196.91
21591 760.313 1938.67
21594 4578.38 1878.43
21595 958.063 2286.4
21598 446.518 857.559
21605 1705.44 2537.43
21606 189.255 2561.23
21608 477.375 1538.84
21609 3321.95 2113.65
21611 982.098 1282.74
21616 3925.96 2032.45
21618 812.094 1265.24
21620 351.59 3195.53
21624 3559.73 2326.72
21627 277.143 1237.99
21632 1248.72 2391.15
21638 3991.21 2064.28
21639 1400.02 1852.96
21640 2874.71 2016.91
21642 3909.24 2167.65
21643 3265.05 2134.45
21645 1642.24 2344.73
21646 1044.83 2477.78
21656 3255.2 2203.66
21660 1025.07 2208.71
21661 1025.07 2208.71
21662 1025.07 2208.71
21665 1217.3 1778.93
21668 1960.86 2528.69
21669 3051.77 1708.55
21672 739.338 2109.46
21675 3991.22 2038.09
21683 1649.78 2045.86
21685 3334.31 2215.58
21686 3334.27 2215.56
21687 3807.87 1875.44
21690 997.838 1818.13
21692 2659.74 1897.26
21694 707.321 1438.8
21695 707.321 1438.8
21698 1833.72 1925.05
21702 987.277 2379.52
21703 938.432 2574.85
21704 1289.45 2319.01
21705 706.819 1835.74
21706 706.819 1835.74
21707 772.314 464.181
21708 1728.56 2028.03
21709 1041.09 1657.66
21711 4434.48 1815.55
21714 1164.63 2081.45
21715 3058.25 1685.34
21716 4275.77 1915.7
21717 3278.11 2097.47
21718 658.36 2111.87
21719 658.36 2111.87
21720 1116.79 2077.9
21724 694.109 2040.78
21725 694.109 2040.78
21726 694.109 2040.78
21730 4404.86 1788.69
21732 2537.97 1722.79
21733 1677.81 2236.94
21738 2486.65 1874.24
21739 1390.72 1785.16
21740 3454.22 2136.89
21743 3580.14 1834.86
21745 3974.49 2269.08
21746 2697.95 1986.47
21749 1186.76 1559.98
21752 4162.4 1727.26
21756 3739.28 2142.54
21757 741.849 1934.29
21758 2475.49 1864.6
21760 1278.62 1991.88
21761 1031.38 1596.61
21763 826.223 1589.84
21765 4662.2 1937.98
21768 1055.41 2226.13
21771 2134.42 2067.79
21774 1125.12 1823.08
21775 3434.91 2068.53
21776 4622.46 2072.08
21777 4474.96 2098.11
21778 4556.29 1856.68
21779 965.947 1357.37
21780 3572.68 2160.46
21781 3572.68 2160.46
21784 1795.57 1647.48
21788 1401.48 1802.94
21789 907.719 2828.03
21790 652.451 1772.72
21791 652.451 1772.72
21794 595.112 2130.41
21797 760.455 1809.48
21798 974.076 1377.78
21799 3686.01 2132.86
21800 2489.62 2086.9
21804 3700.44 2077.96
21808 1032.14 1911.3
21809 2616.42 1794.26
21814 3448.22 2235.4
21816 1353.16 2053.13
21817 1692.99 1708.1
21818 3576.11 1819.24
21819 950.418 1875.41
21820 684.904 2923.9
21821 2300.74 1836.4
21822 2276.62 2104.96
21824 1692.56 1997.54
21826 570.924 2829.47
21834 630.425 3507.86
21835 1028.23 1320.59
21837 2458.98 1833.94
21838 1586.09 1995.06
21839 2440.86 1734.54
21840 2440.86 1734.54
21842 863.081 2720.46
21844 683.284 1726.73
21845 563.122 2825.78
21849 862.823 1216.37
21850 620.14 3505.03
21851 620.14 3505.03
21853 801.568 2761.7
21854 2787.66 1887.58
21855 592.675 2107.29
21858 2357.35 1995.85
21859 2357.35 1995.85
21861 3395.72 2163.13
21862 1580.2 1934.01
21863 1389.99 2270.37
21864 1389.99 2270.37
21865 3104.01 2117.02
21866 909.953 1913.68
21867 1179.92 2368.26
21868 882.731 2220.29
21872 1437.62 1794.43
21873 1437.62 1794.43
21874 1620.67 2192.47
21875 1620.67 2192.47
21877 715.815 2134.11
21878 715.815 2134.11
21879 664.273 1701.99
21880 794.161 1725.16
21881 774.173 2111.5
21883 2401.71 1959.54
21884 1479.64 2125.46
21885 3113.22 2007.22
21886 162.867 1644.71
21892 3379.41 1992.9
21893 4315.56 1921.24
21894 430.967 721.254
21895 430.967 721.254
21896 1629.1 2305.17
21897 1402.16 2068.46
21903 785.068 1334.8
21904 889.381 2528.58
21905 2835.01 1859.38
21907 1866.59 2005.39
21910 2371.42 2156.79
21913 3884.91 1854.92
21918 660.562 1911.02
21920 3954.65 1920.61
21923 1610.86 1886.67
21924 1610.86 1886.67
21928 1009.89 1270.31
21929 1009.89 1270.31
21930 1186.18 2091.1
21931 1941.45 1622.96
21933 4294.64 1738.62
21937 1018.88 2282.48
21938 948.208 2206.17
21940 948.779 2206.04
21942 1218.2 1853.28
21943 1218.2 1853.28
21944 1738.01 2007.07
21945 1738.01 2007.07
21950 2593.23 1967.78
21955 2728.15 2271.08
21958 1673.81 1761.96
21959 714.572 1920.36
21960 4345.42 2095.61
21961 4519.06 2022.49
21967 1231.52 1449.8
21970 717.989 1778.15
21974 1012.94 1733.65
21975 3534.85 2115.27
21976 1677.53 1797.71
21977 1552.89 2378.88
21982 827.705 2415.88
21984 1008.85 2134.57
21985 1674.07 2336.4
21986 768.721 1728.85
21987 235.43 1890.5
21989 3390.66 2075.32
21990 731.937 2229.83
21993 1624.17 2280.91
21994 1624.17 2280.91
21995 505.293 615.65
21998 3547.91 2046.54
22002 1720.74 1688.87
22005 915.395 1876.34
22006 726.631 2087.88
22008 1425.59 1962.77
22010 2540.8 2427.17
22014 660.445 2539.55
22017 2300.88 1964.85
22023 2099.72 1920.76
22030 4221.1 1723.3
22034 964.497 2309.62
22035 1734.91 1630.16
22036 1001.83 2176
22038 3262.97 1952.2
22039 610.524 2945.42
22040 4422.29 1821.32
22042 867.74 1646.43
22044 299.01 1860.92
22045 3306.65 1896.19
22046 3306.65 1896.19
22047 4871.36 1982.53
22048 874.226 1835.13
22050 4023.65 2039.52
22051 2795.5 1792.64
22053 1422.69 2232.92
22054 488.448 1212.18
22055 760.432 2404.26
22058 1430.78 2108.24
22064 1142.65 1494.92
22070 682.986 1172.1
22075 3965.64 2111.82
22076 619.705 1451.83
22078 608.674 665.609
22080 1621.66 1951.21
22082 1730.36 1976.32
22084 3970.7 2041.2
22085 2548.12 2066.3
22086 1053.4 2168.33
22087 3610.09 2089.27
22091 927.384 2238.11
22092 927.384 2238.11
22093 964.251 2435.64
22094 2522.3 2340.72
22095 1349.02 2321.8
22102 179.68 1778.02
22104 2976.64 2149.87
22105 959.083 2426.33
22106 959.083 2426.33
22107 3074.3 1932.87
22110 835.518 1219.71
22111 2153.18 2285.13
22112 579.275 2854.97
22113 1850.92 1695.17
22114 1797.67 1855.64
22123 1956.43 2324.42
22125 1485.93 2251.43
22126 1743.81 2250.02
22129 1003.62 2469.19
22130 912.285 2150.8
22132 2528.39 2016.07
22135 4731.38 1973.81
22138 2130.2 2147.65
22140 1052.41 1866.72
22147 3291.52 1841.83
22148 3291.52 1841.83
22151 688.312 1882.17
22152 688.312 1882.17
22154 4218.72 2257.73
22155 3568.67 2050.57
22156 671.311 1645.36
22157 1804.89 1949.95
22158 604.41 2054.18
22159 638.267 2283.71
22166 1147.46 1772.13
22168 921.749 2314.56
22169 1199.53 1708.8
22171 4008.87 2159.43
22173 1006.17 2503.14
22174 526.046 740.095
22176 2433.09 1873.68
22177 2218.44 1937.42
22179 1351.07 1779.55
22180 1253.88 2166.96
22184 2646.13 1953.92
22185 2646.13 1953.92
22186 470.318 1338.37
22191 964.194 1463.12
22192 3824.38 2291.54
22193 3824.38 2291.54
22197 1666.08 2236.17
22198 4023.81 2052.21
22199 293.045 2200.29
22200 293.045 2200.29
22201 944.877 2193.49
22202 2792.69 1921.63
22203 2792.69 1921.63
22206 1148.94 1740.81
22207 1148.94 1740.81
22209 4445.22 1881.75
22210 4414.3 1841.64
22211 1326.91 1952.6
22214 3005.01 1804.99
22216 731.551 1833.13
22217 731.551 1833.13
22223 1389.82 2141.65
22224 4240.61 1712.49
22228 3824.61 1864.81
22229 801.914 2178.88
22230 731.284 2174.04
22231 731.284 2174.04
22232 2743.32 1786.87
22233 1779.26 2111.27
22234 2596.58 1861.03
22236 1858.18 2166.66
22239 1825.12 2074.98
22240 1020.98 2068.03
22241 1020.98 2068.03
22243 1215.18 2256.75
22245 1812.68 1748.75
22246 975.88 1778.24
22247 946.976 2383.43
22250 3236.76 2283.13
22254 2988.19 1917.95
22255 3217.34 2278.03
22256 2215.73 2004.84
22259 1708.37 1722.08
22260 3859.92 1887.41
22262 1009.99 2095.39
22263 794.894 2118.58
22264 2690.68 1737.82
22265 738.724 1261.84
22267 2670.22 1804.97
22269 1961.65 1768.78
22270 375.933 1888.89
22271 1238.88 1827.51
22272 599.841 1860.58
22273 1388.91 1913.66
22274 1464.33 2163.45
22276 1707.49 1612.75
22277 910.639 1491.79
22278 549.811 1957.97
22279 2840.92 1869.75
22283 762.153 1994.53
22284 789.598 2307.57
22289 3786.02 2049.91
22295 1769.44 1712.49
22296 1769.44 1712.49
22298 2527.88 2113.44
22300 964.092 2327.61
22301 789.361 2154.98
22302 3842.33 1902.48
22303 1802.56 1808.24
22305 1809.76 1985.33
22306 723.258 2212.53
22308 717.83 571.362
22310 2144.28 1916.9
22312 662.38 850.012
22313 2523.65 2268.55
22314 2101.99 1847.18
22315 3724.11 2123.23
22325 2746.22 1919.84
22327 2663.64 2254.11
22329 1735.76 1660.57
22336 808.566 1920.74
22338 793.656 2322.04
22344 1527.6 1831.95
22345 741.897 551.086
22347 1820.19 2490.63
22348 1820.19 2490.63
22349 2905.78 1754.47
22355 830.512 1298.97
22357 969.387 2149.93
22359 2242.82 1733.43
22361 1626.17 2211.32
22363 966.917 2132.22
22364 4182.5 1872.95
22365 3245.74 2004.93
22366 1260.31 2140.95
22371 3398.15 1942.34
22372 3398.19 1942.34
22375 621.895 1915.08
22381 2194.83 2100.74
22384 3061.16 2432.17
22386 3920.3 2120.23
22387 4508.83 2215.69
22389 1787.66 2202.45
22391 1531.54 2494.8
22392 1297.46 1907.29
22396 3314.76 1939.12
22398 3365.02 2023.64
22399 1183.72 1847.57
22400 1466.42 1868.11
22401 1672.03 1909.66
22402 1396.48 2493.87
22404 2808.22 2373.55
22405 1351.5 1943.59
22408 720.521 1950.34
22409 786.826 1979.2
22411 1771.01 1841.66
22412 696.938 2426.87
22413 1197.76 1513.89
22414 3896.81 1843.99
22415 4100.04 2067.73
22417 1164.17 2207.95
22418 1164.17 2207.95
22420 740.531 1621.66
22422 2170.33 2100.84
22425 918.155 2526.39
22429 2649.77 2241.64
22430 2649.77 2241.64
22432 4261.3 1890.52
22436 2777.43 1767.56
22438 765.247 1791.22
22439 1790.98 1631.53
22440 999.621 1738.9
22441 831.429 2314.4
22446 1206.89 2050.13
22447 1159.96 2227.46
22450 837.746 2249.06
22455 1538.52 1677.79
22456 1686.45 2260.17
22457 1686.45 2260.17
22462 667.336 875.695
22464 925.025 2201.9
22465 3444.91 2126.64
22467 872.955 2022.43
22469 1390.44 2215.18
22472 1155.54 1864.54
22474 1262.84 1932.74
22475 942.339 1333.18
22476 842.947 2392.52
22478 1154.2 2072.83
22480 844.134 2440.97
22481 4858.05 1955.03
22483 1414.59 2262.11
22484 597.689 2521.6
22485 1859.26 1665.13
22490 1583.46 1834.33
22491 3277.94 1980.97
22493 1752.62 2001.06
22494 2167.46 2118.72
22495 621.582 1889.67
22496 1237.58 2088.6
22498 582.033 1942.95
22500 706.337 1694.53
22502 995.421 1653.3
22503 995.421 1653.3
22508 2712.09 1824.19
22513 2069.39 1836.05
22514 892.804 2506.85
22515 719.386 1493.36
22520 758.106 2461.03
22521 1121.13 1786.37
22522 2314.66 1851.01
22523 1638.58 1878.45
22527 3819.17 2051.04
22531 4222.19 1908.35
22539 3634.31 1867.31
22540 1704.93 2156.21
22541 1704.93 2156.21
22543 1553.33 1659.79
22545 1813.18 1915.52
22546 670.925 1991.96
22547 772.066 1399.67
22548 1220.3 2205.61
22549 2307.77 2174.87
22550 1181.57 2349.15
22553 2376.66 1936.25
22555 1138.52 2197.58
22557 3644.53 2128.44
22560 624.488 2047.36
22561 793.649 1846.58
22563 641.693 2433.78
22565 3105.96 2106.71
22566 3405.38 2117.41
22567 2229.08 1873.47
22570 774.179 2488.18
22571 2892.86 1743.57
22574 1180.76 2151.54
22576 2721.31 2174.64
22577 1496.08 1618.36
22578 848.017 1829.35
22579 848.017 1829.35
22581 2647.44 2074.42
22582 2647.44 2074.42
22585 2153.98 1716.25
22586 2772.13 1779.69
22587 1158.18 2358.88
22588 2953.15 2096.64
22591 689.567 1749.45
22597 4605.24 1990.53
22600 4963.65 1973.77
22601 846.112 2100.35
22602 846.112 2100.35
22605 823.125 1493.06
22612 360.156 3217.97
22615 1219.06 2229.64
22617 4381.54 2036.66
22618 917.851 2887.9
22620 4647.1 2025.81
22624 783.034 2897.74
22625 2993.34 2002.34
22627 2829.08 1817.75
22628 2902.25 2257.28
22629 2165.97 2274.52
22632 539.737 1817.15
22634 675.971 2196.88
22637 1255.71 1526.93
22638 1850.12 2333.39
22639 947.616 183.052
22640 3981.89 1884.74
22642 1065.01 1667.57
22643 735.074 2751.69
22646 2675.99 1986.08
22647 520.327 972.168
22648 781.454 2384.28
22650 3279.13 2328.34
22657 4820.7 2015.71
22658 622.905 2015.17
22659 1583.96 1758.36
22660 4307.36 1727.61
22661 1843.2 1733.75
22663 2617.99 2130.18
22664 1373.37 1975.36
22666 1067.04 1278.87
22668 3875.42 2205.83
22669 1143.24 2318.63
22674 732.137 2949.8
22675 4140.5 1981.65
22676 2047.31 1902.46
22678 2386.3 2347.83
22679 1608.11 1666.82
22681 2924.48 2371.96
22683 3487.55 2037.7
22685 1058.39 1885.49
22689 4347.2 2049.81
22690 452.866 2845.53
22691 980.226 1237.72
22692 1780.42 2260.6
22693 956.469 3296.19
22695 2729.24 2193.57
22696 919.279 188.792
22698 2611.59 1957.16
22699 2611.59 1957.16
22702 694.65 3518.21
22703 2592.38 1759.92
22704 652.306 911.817
22707 2155.9 2303.26
22708 827.685 2694.63
22710 462.244 2076.4
22711 836.551 2858.25
22713 3281.36 1881.11
22717 2969.41 2335.8
22719 1709.93 2365.55
22720 2120.44 1795.97
22721 926.158 63.9455
22727 1245.44 1768.59
22728 2984.74 2379.05
22730 988.424 2372.63
22732 1110.16 1776.15
22733 2824.86 2379.75
22735 1261.82 1860.38
22736 705.396 1501.79
22737 623.318 708.497
22738 1317.82 1812.12
22739 678.682 1538.08
22740 671.051 751.762
22742 1061.44 2510.79
22745 1550.78 2110.02
22746 645.071 2052.54
22747 4822.23 1977.82
22748 4108.94 2121.18
22749 2540.24 1757.9
22750 2582.68 1733.14
22754 1694.03 2038.16
22755 4464.27 2005.73
22756 1544.4 1839.75
22758 3090.36 1893.86
22760 1320.7 1773.05
22761 424.455 2846.58
22764 958.457 2925.24
22765 4408.01 2138.17
22772 359.791 3471.01
22779 804.018 1634.74
22782 3323.99 2241.53
22784 2910 2067.16
22785 1332.56 1529.72
22786 1685.5 2179.5
22787 851.057 2135.35
22789 248.044 1321.03
22790 186.83 881.508
22791 1320.77 2238.56
22793 2646.73 1719.69
22794 1330.12 2555.92
22795 1455.45 1732.73
22798 596.337 1182.49
22799 2254.85 1811.25
22800 946.006 3584.82
22801 923.74 1571.38
22805 2370.92 1718.82
22806 2370.92 1718.82
22807 3678.94 2107.34
22809 2942.77 1903.29
22810 4304.27 1713.61
22811 2975.86 1681.39
22812 1215.95 1582.82
22813 1548.04 1552.25
22814 1727.74 2193.37
22816 1771.82 2289.34
22817 366.598 3161.96
22818 515.844 1992.15
22819 3735.06 2072.48
22820 2820.78 1918.56
22821 176.527 2880.23
22822 765.978 1214.95
22823 3655.51 2143.16
22825 695.26 2156.85
22826 835.466 2965.16
22828 2640.38 1742.01
22829 2640.38 1742.01
22830 727.336 835.739
22831 930.03 1766.82
22836 1339.77 2695.63
22839 1936.36 1776.27
22840 922.554 2426.61
22842 836.602 2584.07
22843 4234.36 2056.45
22844 3231.36 1762.42
22845 1075.41 1602.18
22846 919.397 2739.02
22848 1023.49 2936.85
22849 2429.27 1964.92
22854 1618.28 1796.11
22855 4090.4 2126.42
22856 2157.18 2311.55
22858 4441.68 1910.62
22860 3553.58 1876.44
22861 895.745 798.723
22862 2101.85 2388.09
22863 227.576 2382.55
22864 429.861 1973.25
22867 3095.11 1954.93
22869 1636.37 2461.29
22871 2138.97 1775.7
22872 1486.2 2157.78
22873 2441.14 2277.05
22876 1490.53 1596.74
22878 2434.64 1752.18
22880 4305.6 2020.69
22881 584.016 1509.2
22883 1790.79 1726.29
22884 1264.93 2011.34
22885 2602.32 2017.48
22886 1032.47 2987.75
22887 1231.91 1595.23
22888 940.758 1825.71
22889 940.758 1825.71
22890 1019.16 1815.99
22891 1019.16 1815.99
22892 1019.16 1815.99
22893 4669.63 1978.44
22894 979.641 1313.44
22896 673.732 2109.49
22897 866.877 3167.81
22900 982.098 1282.74
22901 3468.78 2225.73
22902 1198.64 2668.87
22904 1039.97 2452.11
22907 3751.26 2232.85
22908 1013.91 2529.11
22909 235.216 948.653
22912 802.899 1416.29
22914 1719.4 2414.15
22915 4103.55 1938.53
22916 4425.24 1959.23
22917 4039.38 1908.85
22919 711.94 2233.79
22920 1403.34 1776.1
22921 729.129 2312.21
22923 166.758 2941.21
22924 1647.03 1695.54
22926 754.193 2961.65
22928 530.995 769.867
22930 383.264 605.57
22933 2885.15 1771.66
22934 462.805 3186.87
22936 604.306 2249.63
22938 3717.54 2097.64
22939 861.592 2567.77
22942 948.461 2805.71
22943 1054.34 1640.66
22944 894.769 491.404
22945 1279.4 2179.26
22947 2467.83 2127.06
22948 244.932 3293.33
22951 4211.65 1877.32
22952 699.136 2591.51
22953 699.136 2591.51
22954 3664.27 2102.15
22955 538.249 2503.62
22957 1751.1 2303.22
22958 1751.1 2303.22
22960 483.522 1383.58
22961 482.26 1383.33
22963 816.559 1188.14
22965 195.974 3329.39
22967 454.592 2816.62
22970 3891.31 1936.62
22972 2524.25 1732.67
22973 934.507 1614.04
22974 1233.89 2111.84
22975 744.536 1541.79
22976 744.536 1541.79
22977 761.543 1959.55
22978 1045.64 1599.48
22979 3279.48 2333.34
22980 2618.94 1721.52
22981 646.284 2959.96
22982 2249.45 2249.28
22984 2879.77 2391.23
22986 1222.23 1516.46
22987 1777.48 1738.78
22988 1002.35 1544.39
22989 870.34 1910.44
22990 1663.44 1903.27
22992 2959.05 2485.38
22994 2897.87 1920.69
22996 1940.14 1561.86
22997 2503.35 2410.87
22998 4290.79 1961.28
23001 4586.73 2113.22
23002 4328.23 2147.63
23003 1158.34 2688.64
23004 3049.64 1735
23007 4717.3 2161.96
23010 169.414 901.321
23012 2300.72 1836.4
23013 341.786 1257.03
23014 601.206 377.015
23018 2721.77 2389.84
23019 1194.01 1490.06
23020 1194.01 1490.06
23023 2755.41 2242.15
23024 437.78 775.576
23026 2249.64 2328.66
23029 629.898 1644.77
23030 1622.67 1690.49
23031 2962.18 2281.71
23032 260.332 3286.52
23036 3369.91 2204.42
23037 2517.62 1810.15
23040 266.68 3495.38
23042 667.42 3421.61
23044 2910.82 2281.04
23045 3336.07 2199.12
23047 1755.07 1628.57
23048 2647.63 1876.14
23051 2717.48 1784.84
23052 1065 2931.04
23053 2199.97 1926.49
23054 1261.48 2576.93
23055 1125.85 2128.97
23056 3848.87 1860.91
23058 1714.69 1580.65
23059 863.561 1216.63
23061 675.649 1939.88
23062 3491.61 2321.48
23063 3491.61 2321.48
23065 1043.39 1379.58
23066 681.396 2850.24
23067 915.611 2094.29
23068 867.181 3491.41
23070 3950 1840.55
23071 981.171 1507.92
23073 2513.75 1715.83
23074 1031.35 1301.71
23076 943.845 2431.36
23077 943.845 2431.36
23078 1318.86 1546.22
23079 4426.09 2002.43
23081 2029.05 1814.18
23083 1401.67 2214.87
23084 624.502 1719.99
23085 922.164 1378.44
23087 3410.4 1851.12
23088 3410.4 1851.12
23091 1382.62 1696.18
23093 696.218 2127.99
23094 2417.66 2278.35
23095 3113.83 1943.35
23096 3112.13 1991.61
23097 490.751 552.252
23098 1830.66 2484.25
23099 3065.15 1657.92
23100 983.93 1254.18
23105 2855.09 2393.09
23106 944.756 3607.47
23107 1769.54 2004.88
23108 1273.04 1546.46
23110 1800.58 2252.46
23112 1208.16 2426.54
23113 1208.16 2426.54
23115 4389.92 2099.54
23116 1379.91 1754.68
23117 1281.06 1605.34
23118 1662.31 2388.4
23119 2521.35 1965.81
23120 3077.66 1679.6
23121 180.728 3597.45
23122 2941.76 1820.63
23124 376.817 674.72
23125 3084.39 2420.46
23127 1654.2 1817.94
23128 905.186 1376.57
23129 608.157 1513.39
23130 583.076 760.276
23132 4370.92 1999.79
23133 1671.13 2050.97
23134 780.654 498.498
23136 4561.61 1822.21
23137 173.561 1058.23
23138 514.473 3062.84
23140 902.431 1279.08
23141 2678.03 2307.61
23142 4302.58 1972.13
23143 1747.62 1848.79
23145 2140.89 1806.82
23147 2012.59 2253.82
23148 2493.01 1849.42
23150 3247.36 2295.6
23151 451.247 1062.91
23152 1562.84 1706.2
23155 2763.41 1753.9
23156 2357.71 2244.43
23157 760.858 2993.93
23158 3383.44 1919.71
23160 1750.01 2085.76
23163 991.257 1479.16
23164 870.922 1969.9
23165 1956.99 2338.63
23166 1013.43 2165.43
23167 999.266 2904.9
23169 934.712 1208.26
23170 525.986 651.606
23171 2550.78 1766.38
23172 4554.63 1946.36
23173 2383.4 1692.88
23174 3371.75 2109.75
23175 1566.99 1722.6
23176 909.051 574.209
23177 1564.62 1744.6
23178 3229.94 1953.59
23182 3995.35 2049.76
23183 1270.14 2461.23
23186 586.979 3525.01
23187 824.697 2214.3
23188 3744.55 2127.87
23193 593.768 1948.14
23196 873.043 3616.3
23197 2690.68 1737.82
23198 1588.38 2294.57
23199 2763.08 1850.01
23200 558.63 2951.21
23201 725.197 1710.47
23202 3475.99 1846.33
23203 4232.05 2078.5
23204 2160.35 1852.18
23205 1219.97 2145.61
23206 4366.92 2045.67
23208 1528.63 2372.47
23209 2134.9 2113.87
23214 667.526 3385.72
23215 901.74 1838.91
23217 1173.6 1582.26
23220 182.197 880.223
23222 1629.1 2305.17
23223 1993.09 2152.3
23225 621.977 1574.62
23226 1265.76 1814.63
23227 3143.11 1841.17
23228 4938.75 1969.09
23231 2487.31 1835.81
23232 857.161 3353.93
23235 744.526 2379.17
23236 1678.86 2128.55
23237 2220.39 2232.92
23238 1400.27 1908.46
23239 739.559 1021.22
23240 523.556 1174.91
23242 898.213 2328.02
23245 941.126 1354.15
23247 1470.11 1880.75
23248 363.509 715.227
23250 2776.29 2211.41
23251 1013.79 2622.13
23252 157.975 804.631
23254 919.892 1264.71
23255 1053.5 1548.4
23259 756.158 1277.9
23261 2705.48 1835.89
23262 3083.25 1890.33
23263 913.767 271.203
23264 4010.9 1745.87
23265 939.936 383.899
23267 977.943 1188.38
23269 759.347 2503.26
23270 2573.71 2285.2
23271 626.931 2700.98
23272 596.83 2090.17
23274 1129.13 2074.49
23275 1255 1673.09
23276 1048.7 1567.45
23277 179.81 2598.76
23278 563.882 2305.07
23279 2897.71 1730.9
23280 3076.91 2100.52
23281 858.71 727.695
23283 813.775 1521.32
23284 835.313 908.443
23286 1446.77 2039.06
23287 1750.03 2171.13
23288 827.705 2415.88
23290 2252.37 1927.37
23295 316.73 2094.99
23298 2651.96 1819.76
23299 603.496 2032.42
23302 171.37 3468.72
23303 3267.7 2292.79
23304 1447.15 1870.46
23305 892.983 2770.53
23306 892.983 2770.53
23308 361.251 3396.57
23309 1009.34 2134.47
23310 895.497 1494.42
23311 447.998 877.667
23312 1677.56 1653.11
23314 320.509 2957.19
23315 964.251 2435.64
23316 529.264 2773.14
23317 706.337 1694.53
23319 293.139 2705.45
23320 1149.87 1991.81
23321 3782.63 2037.82
23322 863.695 802.23
23323 866.193 2940.75
23325 814.845 1609.7
23326 3834.2 2052.05
23327 2519.46 1846.12
23328 3347.6 2167.86
23329 350.429 930.861
23331 4241.76 1933.5
23332 1412.3 1973.03
23334 1580.6 2051.78
23336 646.49 1623.35
23338 1142.47 1960.89
23341 1585.58 2191.47
23342 4047.37 1924.09
23343 148.687 2445.9
23345 2218.08 1900.32
23346 1418.98 1990.31
23348 1610.52 1717.57
23351 532.035 3519.93
23352 952.54 3369.32
23353 443.388 2170.56
23354 443.388 2170.56
23359 1401.26 1716.61
23360 885.268 1316.27
23361 3241.2 2025.73
23362 1822.23 1693.06
23363 2011.68 2007.77
23364 4385.67 1909.48
23367 1186.26 1676.14
23368 870.032 1396.38
23370 2428.69 2236.12
23371 2428.69 2236.12
23372 1620.26 1913.31
23373 4267.36 1790.22
23374 1681.22 1698.27
23376 1964.92 2084.16
23377 1071.81 1356.42
23378 462.714 1057.69
23381 2848.79 1848.73
23382 1742.48 2339.8
23385 946.734 1437.14
23386 1283.79 2291.37
23387 497.686 1250.88
23388 4529.15 1898.28
23389 1260.77 2692.43
23391 2368.26 1778
23392 2341.22 1986.96
23393 2777.43 1767.56
23395 838.709 1575.5
23396 898.732 1754
23397 1554.86 1592.31
23398 3909.89 1871.8
23399 544.924 770.522
23400 473.134 3596.93
23401 676.366 1250.76
23403 2753.91 1840.31
23406 3088.26 1955.62
23408 507.888 3074.46
23409 507.888 3074.46
23412 1461.75 2595.07
23413 2316.42 2206.45
23414 2470.75 1782.28
23415 2470.74 1782.28
23416 2370.9 2325.25
23417 3958.19 2032.16
23418 705.234 1373.74
23419 1027.56 1415.9
23420 1027.56 1415.9
23421 4060.43 1880.45
23422 2336.28 2138.48
23424 959.373 2354.92
23425 2102.02 1869.42
23427 1367.95 1482.9
23428 277.459 1377.36
23429 1305.07 1662.14
23430 1305.07 1662.14
23431 627.327 2781.34
23432 3891.99 1863.79
23434 3674.5 2241.99
23436 2587.83 1873.3
23437 3558.78 2058.01
23441 3070.28 1647.19
23442 3070.28 1647.19
23443 3898.2 1874.67
23444 3879.15 2131.28
23445 2101.12 2043.11
23446 2949.17 1741.41
23447 1425.23 2063.8
23453 759.787 1907.52
23454 2293.8 2424.56
23457 1760.17 1744.91
23459 1147.69 1694.33
23460 1189.77 2126.72
23462 1237.09 1906.68
23466 578.597 2147.97
23470 2164.14 2166.58
23471 2164.14 2166.58
23472 4328.14 2256.83
23474 4734.32 1961.36
23475 1272.3 2442.65
23479 846.297 2066.3
23480 2609.74 1808.21
23482 1401.25 2140.3
23485 789.608 1382.1
23486 607.892 629.308
23488 843.953 1502.92
23489 846.692 1218.94
23490 991.642 2257.9
23492 1057.81 1282.95
23496 1585.07 1896.36
23497 691.137 2010.21
23499 1211.67 2028.51
23500 1465.39 1965.17
23501 2818.05 1933.79
23502 3302.51 1867.3
23503 2112.1 1725.35
23504 1259.9 1715.57
23506 2674.12 1867.91
23507 821.958 446.552
23508 266.149 2151.88
23509 2934.47 1883.85
23510 2934.47 1883.85
23511 220.082 952.034
23512 3491.9 2057.17
23513 3491.9 2057.17
23514 554.432 1595.47
23517 2374.96 1908.91
23518 848.938 1798.89
23519 1813.42 1800.83
23520 973.042 2160.5
23521 972.51 2160.61
23522 972.51 2160.61
23523 1446.53 2217.88
23525 1179.14 1526.62
23526 985.435 1568.1
23529 2446.11 1781.75
23530 2446.11 1781.75
23532 495.341 1461.69
23534 3436.6 2136.34
23535 1775.4 1766.05
23537 4150.88 2260.03
23539 1218.38 1829.67
23545 1388.93 1960.02
23546 2472.57 1703.19
23547 741.125 2352.3
23548 108.187 1579.58
23549 702.585 3564.31
23551 901.414 1265.09
23552 4933.85 1986.8
23553 1541.32 1645.53
23556 1757.9 1839.45
23557 1757.9 1839.45
23558 496.502 629.123
23560 2390.35 1806.2
23561 2939.48 2080.66
23563 742.819 2009.25
23567 716.939 1893.16
23568 1025.51 1741.35
23569 1155.07 1495.65
23570 1163.56 1694.56
23571 694.628 1965.11
23572 1387.42 2127.16
23576 1631.83 1761.77
23577 2376.66 1936.25
23578 1453.55 2294.67
23580 3785.81 2075.5
23581 3289.97 2031.79
23584 1227.37 2002.46
23585 1448.23 1767.09
23586 1676.36 2266.57
23587 3434.91 2068.53
23589 2539.94 1799.87
23591 698.569 1742.24
23592 1029.43 1800.09
23593 678.159 1078.39
23595 4130.69 1840.06
23596 1287.17 2273.78
23597 1040.49 1538.67
23598 1156.69 1661.59
23599 821.074 1820.96
23600 821.074 1820.96
23601 876.077 1808.31
23602 2270.24 1853.24
23603 4452.68 1833.74
23604 2212.99 1835.9
23605 1658.97 2157.4
23608 2476.25 1717.33
23610 2686.5 1860.94
23612 456.541 2175.92
23613 1049.34 1446.45
23617 187.648 1759.85
23618 305.23 2244.69
23619 305.23 2244.69
23621 4385 2245.31
23622 1207.86 1853.51
23623 1207.86 1853.51
23627 646.669 1940.54
23628 4837.88 1969.18
23629 2142.58 1724.33
23633 1818.37 2346.2
23634 1007.63 1432.38
23635 740.302 2667.15
23636 410.353 3161.8
23637 4038.05 1970.56
23638 701.201 2905.21
23639 1065.73 1276.05
23640 1756.64 2580.17
23641 308.298 1615.84
23642 2935.39 2256.12
23643 1069.23 2522.51
23644 2301.36 2074.49
23645 2736.87 1972.21
23646 3217.88 1923.43
23647 57.7358 2999.91
23648 2945.87 1752.87
23650 1542.95 2390.15
23651 593.768 1948.14
23652 677.253 1934.4
23653 2618.36 2062.81
23654 888.989 1453.52
23655 2773.71 1895.5
23656 2773.71 1895.5
23657 3637.05 2074.4
23658 1715.8 1837.66
23659 1735.67 1906.35
23660 1735.67 1906.35
23661 1339.97 1906.54
23662 1339.97 1906.54
23663 662.553 1300.12
23664 836.564 1828.49
23665 886.536 1624.57
23666 2128.22 2074.05
23667 733.455 2718.66
23668 3895.85 2102.87
23669 2675.68 1909.97
23671 3484.88 2041.06
23672 611.883 1505.76
23673 640.893 751.701
23674 1443.06 2237.72
23675 3170.57 1757.45
23676 749.763 2413.14
23677 3128.8 2554.54
23678 3128.8 2554.54
23679 3487.29 1882.86
23680 604.368 1552.29
23681 3114.59 2536.58
23682 4832.09 1934.35
23683 250.42 2508.31
23684 3575.28 2067.41
23685 622.102 1468.48
23686 2776.24 2137.84
23687 2776.24 2137.84
23688 1510.6 2611.75
23689 891.938 3231.13
23690 823.832 2989.4
23691 880.137 1580.99
23692 3180.87 1795.53
23693 2459.48 2356.22
23694 782.65 2792.98
23695 503.61 456.113
23696 1341.76 2041.6
23697 1341.76 2041.6
23698 1603.58 2546.3
23699 2098.4 2000.12
23700 2098.4 2000.12
23701 2485.49 2035.68
23702 3839.8 2123.63
23703 3383.68 1901.75
23704 3383.64 1901.74
23705 1726.32 1857.55
23706 1726.32 1857.55
23707 908.309 559.825
23708 1278.14 1798.88
23709 4346.68 2049.74
23710 2870.87 1873.17
23711 3268.52 1812.61
23712 565.146 2279.24
23713 898.007 2984.39
23714 1153.16 2402.78
23715 1746.34 1728.95
23716 4047.91 2028.32
23717 1371.43 2342.59
23718 1063.67 1374.61
23719 4154.86 2216.92
23720 4154.86 2216.92
23721 4293.07 1950.36
23722 591.349 1648.24
23723 808.48 2789.63
23724 4022.93 2025.47
23725 464.291 2196.37
23726 799.499 770.7
23727 587.687 2690.11
23728 3001.53 1987.31
23730 3788.87 2189.55
23731 4916.33 2005.68
23732 910.559 2261.27
23733 827.053 1255
23734 785.398 2208.81
23735 785.398 2208.81
23736 630.447 1435.01
23737 2083.22 1850.49
23738 1331.42 2088.12
23739 850.89 1950.71
23740 603.544 3217.77
23741 959.464 3556.73
23743 4649.03 2058.02
23744 3519.18 2140
23745 712.761 1298.42
23746 1623.66 2350.97
23747 642.878 3507.55
23749 4927.4 1925.17
23750 1299.23 1775.42
23751 430.984 2783.8
23752 1190.06 1511.55
23753 1156.21 1698.06
23754 511.64 2030.39
23755 3285.85 2158.91
23756 617.053 1608.48
23757 603.016 738.793
23758 2183.74 2180.59
23759 1584.8 1655.89
23760 2643.97 2339.87
23761 452.113 1143.56
23762 816.383 2620.88
23763 924.316 1571.46
23764 1694.03 2038.16
23765 4789.67 1938.61
23766 905.01 1646.98
23767 1796.25 2504.7
23768 2233.19 2018.07
23769 1319.57 2143.36
23770 1120.59 1735.15
23771 761.497 537.157
23772 1420.32 1619.73
23773 1267.93 1704.64
23774 3243.01 2090.12
23775 966.441 2582.61
23776 3517.35 1914.68
23777 671.051 751.762
23778 2685 1719.53
23779 1123.93 1689.67
23780 1420.98 2601.09
23781 3454.92 2185.77
23782 2248.1 1908.24
23783 3768.57 1820.42
23784 3932.21 2092.19
23785 918.239 1323.03
23786 1002.56 1456.4
23787 2992.75 1744.31
23788 4038.73 2192.83
23789 2262.05 2102.99
23790 229.393 2067.62
23791 229.393 2067.62
23792 3263.28 1938.2
23793 4014.26 2195.37
23794 612.349 1636.39
23795 1754.37 1893.48
23796 963.47 2356.03
23797 996.58 2334.39
23798 720.503 1608.67
23799 661.44 1791.19
23800 2535.66 1971.92
23801 3072.08 1907.65
23802 3072.08 1907.65
23803 3022.16 1862.65
23804 3022.17 1862.66
23805 2235.82 2393.54
23806 4741.42 2053.83
23807 459.103 3225.71
23808 1030.6 2957.04
23809 3963.16 2296.35
23810 3260.9 1953.58
23811 4637.59 1987.07
23812 1771.66 2054.12
23813 2220.73 2390.95
23814 1280.82 1906.08
23815 4558.86 2012.5
23816 3028.92 1988.82
23817 3488.32 1894.78
23818 2456.15 1849.27
23819 4175.51 1713.68
23820 1079.93 1248.23
23821 3932.37 2297.09
23822 2747.54 1896.67
23823 3036.65 1662.91
23824 1486.38 1695.58
23825 3684.98 2161.98
23826 1008.67 2974.6
23827 1008.67 2974.6
23828 380.916 1829.9
23829 495.937 2475.74
23830 664.685 2700.47
23831 3385.41 1852.94
23832 3591.22 2066.03
23833 3884.57 2294.46
23834 2912.59 1719.08
23835 517.987 2503.1
23836 4581.33 2037.69
23837 2911.63 1900.83
23838 4618.71 2000.16
23839 211.672 2321.08
23840 593.032 2729.57
23842 922.554 2426.61
23843 3556.68 1896.25
23844 1240.36 1993.32
23845 2005.69 1980.4
23846 624.233 2893.94
23847 863.686 2902.52
23848 3095.31 1835.09
23849 1177.25 1731.88
23850 1049.93 1525.18
23851 1095.79 2973.9
23852 845.944 1036.24
23853 1022.78 1462
23854 464.032 694.856
23855 973.104 1481.46
23856 3116.48 2306.79
23857 1364.94 1632.42
23858 894.516 1459.55
23859 4020.91 2282.53
23860 2705.32 2121.03
23861 2705.33 2121.03
23862 1135.74 2148.42
23863 967.247 1991.35
23864 718.188 2422.93
23865 935.229 1508.32
23866 4263.67 1957.55
23867 411.222 1984.06
23868 421.628 1314.29
23869 1068.51 1502.99
23870 3547.9 2073.49
23871 1050.89 2892.58
23872 722.382 2930.69
23873 1297.62 1554.59
23874 1727.74 2193.37
23875 927.274 2795.56
23876 3405.09 2051.92
23877 3082.83 2289.61
23878 883.774 2051.51
23879 903.366 1338.03
23880 902.717 1337.84
23881 701 1317.73
23882 691.332 1218.83
23883 3341.57 2061.59
23884 3341.57 2061.59
23885 4524.65 2071.5
23886 1005.55 2249.09
23887 823.125 1493.06
23888 3878.03 1768.63
23889 1158.41 1724.07
23890 2131.21 2036.12
23891 596.266 278.84
23892 778.446 2596.96
23893 1059.69 2856.72
23894 3040.08 1940.91
23895 1073.57 1617.71
23896 836.211 2473.72
23897 4425.24 1959.23
23898 3776.94 1939.27
23899 1759.59 2519.46
23900 944.286 1316.9
23901 2880.64 2046.51
23902 2900.31 1862.16
23903 3331.73 2077.27
23904 3331.73 2077.27
23905 1091 1616.94
23906 2132.18 1831.67
23907 2462.83 1807.63
23908 2462.83 1807.63
23909 3933.99 1787.32
23910 426.869 2002.72
23911 428.182 2002.61
23912 1929.56 1574.5
23913 2385.42 1857.61
23914 1012.69 1228.27
23915 1012.69 1228.27
23916 1125.08 1636.1
23917 4032.65 1991.43
23918 1432.83 1582.7
23919 917.069 3009.49
23920 2295.3 2261.8
23921 3544.02 2200.37
23922 1754.08 2186.62
23923 845.15 2259.13
23924 845.15 2259.13
23925 2172.45 1964.17
23926 1556.88 2529.22
23927 995.548 2994.58
23928 415.488 137.979
23929 1406.85 1672.57
23930 878.355 3354.01
23931 1017.53 2991.7
23932 4526.84 2157.21
23933 4394.26 1826.53
23934 1700.36 2441.35
23935 2733.71 1850.02
23937 2740 1928.85
23938 2740 1928.85
23939 1031.35 1301.71
23940 2268.06 1962.74
23941 965.712 2562.05
23942 1979.48 2280.67
23943 3484.38 1914.35
23944 1222.95 1768.14
23945 1490.5 1658.08
23946 3521.66 1869.62
23947 2645.43 2339.12
23948 883.141 2581.25
23949 3555.88 2026.3
23950 768.695 1525.33
23951 2141.67 2345.49
23952 947.818 1545.38
23953 1354.8 1979.73
23954 2980.76 2155.48
23955 995.391 1668.3
23956 384.471 3144.27
23957 1259.99 1686.57
23958 1361.75 1600.73
23959 2381.25 1961.16
23960 2520.97 2408.51
23962 2067.25 1853.31
23963 1586.32 1724.82
23964 1392.78 2629.15
23965 1567.79 1594.3
23966 2299.37 2294.06
23967 1822.45 1988.43
23968 2219.65 1974.86
23969 1096.35 2857.92
23970 3844.05 1847.66
23971 2307.53 1999.75
23972 2774.63 2390.98
23973 1256.02 1626.93
23974 400.705 2973.6
23975 2994.77 2375.26
23976 3025.19 2279.91
23977 1360.35 1654.31
23978 463.735 2427.44
23979 1233.2 2703.44
23980 1164.28 2660.29
23981 1739.82 1776.5
23982 1739.82 1776.5
23983 3043.22 1752.87
23984 470.577 1362.44
23985 494.293 1378.99
23986 2409.3 1717.41
23987 2097.45 1958.93
23988 4319.2 2136.96
23989 3422.34 1883.5
23990 898.213 2328.02
23991 2822.56 1762.02
23992 600.116 1606.12
23993 801.346 2529.16
23994 1583.2 2332.97
23995 239.069 2416.61
23996 1010.42 3469.92
23997 1658.58 2429.61
23998 2469.74 1889.24
23999 2809.01 2008.01
24000 1408.95 2511.55
24001 962.264 1368.05
24002 3728.2 2051.44
24003 3340.21 2257.25
24004 3265.03 2134.44
24005 1693.94 1780.99
24006 2767.61 2461.45
24007 2389.1 2319.4
24008 1590.84 1596.02
24009 1056.74 2455.4
24010 2167.78 2207.03
24011 3369.75 1844.55
24012 2981.44 1757.78
24013 2447.38 2304.34
24014 1212.62 1698.41
24015 1405.49 2143.04
24016 3112.13 1991.61
24017 3118.55 2284.96
24018 1780.13 2458.72
24019 1729.04 1814.82
24020 4786.52 2064.83
24021 1184.15 2280.16
24022 2914.84 2181.77
24023 598.364 585.983
24024 2222.39 1728.14
24025 711.469 2775.65
24026 2262.35 1712.5
24027 686.758 1510.41
24028 2840.03 1930.33
24029 3516.6 1832.79
24030 1036.51 1229.92
24031 3907.8 2302.29
24032 2263.2 2418.45
24033 225.196 2412.19
24034 498.174 1080.56
24035 442.106 1458.46
24036 1241.08 1607.57
24037 1241.08 1607.57
24038 391.66 716.539
24039 852.742 801.796
24040 730.859 202.315
24041 1611.24 1642.13
24042 1673.54 1714.08
24043 4795.9 1950.95
24044 823.255 3308.64
24045 892.935 3295.58
24046 4151.16 1700.33
24047 150.919 1592.83
24048 991.257 1479.16
24049 3975.1 2080.52
24050 3314.24 2270.86
24051 4418.59 2219.73
24052 4299.7 1721.12
24053 3753.28 2076.88
24054 3753.28 2076.88
24055 910.102 2060.28
24056 4059.7 1913.18
24057 4871.32 1878.79
24058 1233.85 2411.83
24059 365.575 48.3009
24060 2233.8 1721.08
24061 3027.27 1649.73
24062 1854.64 1937.75
24063 1350.77 2085.29
24064 4863.44 1935.44
24065 321.911 243.417
24066 1783.73 2140.95
24067 1783.73 2140.95
24068 234.117 2226.86
24069 3296.51 2130.29
24070 540.422 736.789
24071 2292.42 1866.23
24072 2544.71 1846.59
24073 1385.07 1658.88
24074 930.19 1812.06
24075 964.293 1539.06
24076 943.85 2358.31
24077 4552.16 1839.59
24078 1447.17 1851.8
24079 3833.86 2040.08
24080 607.565 1406.65
24081 4288.6 1881.3
24082 3841.1 1883.35
24083 813.948 1469.1
24084 791.479 2085.98
24085 2970.31 2004.87
24086 2824.62 1716.71
24087 453.217 3403.01
24088 3808.15 1759.69
24089 605.744 3241.77
24090 2550.06 1878.51
24091 2550.07 1878.5
24092 4329.03 2224.97
24093 467.713 3059.26
24094 315.938 297.125
24095 617.157 327.751
24096 4564.9 2199.87
24097 2862.08 1922.2
24098 2895.92 2322.94
24099 1008.16 1351.62
24100 3197.55 1746.9
24101 977.53 1205.78
24102 1866.49 2595.66
24103 698.742 1632.04
24104 3169.64 2121.29
24105 704.308 1373.53
24106 791.662 2626.36
24107 234.913 2293.39
24108 1401.87 2375.52
24109 221.193 2129.55
24110 1895.4 2621.54
24111 3784.24 2139.82
24112 3596.89 2124
24113 2710.89 1731.26
24114 2144.17 1893.57
24115 3837.45 1760.59
24116 4663.08 1940.38
24117 164.044 1116.76
24118 847.409 2902.35
24119 847.409 2902.35
24120 2645.28 1742.25
24121 637.134 1320.8
24122 3564.14 1894.78
24123 103.099 2320.06
24124 3541.37 1906.88
24125 564.388 2435.39
24126 676.858 3178.24
24127 2998.16 2274.04
24128 4202.81 1924.91
24129 1014.31 1556.78
24130 1714.28 2038.48
24131 4076.98 2262.21
24132 4242.35 2107.15
24133 4528.01 1868.51
24134 2821.1 2181.55
24135 1270.38 1992.06
24136 4211.62 1916.96
24137 1013.15 3408.99
24138 2782.31 1779.37
24139 1040.05 1538.59
24140 4368.06 2258.24
24141 4002.15 2095.68
24142 1275.97 1688.04
24143 1275.97 1688.04
24144 3920.53 1797.91
24145 3572.22 1867.3
24146 2572.45 1740.05
24147 4198.68 2091
24148 821.283 1285.47
24149 754.852 1404.72
24150 4441.21 2226.54
24151 3847.42 2131.64
24152 398.929 164.982
24153 398.929 164.982
24154 2289.94 1852.11
24155 1339.34 2706.67
24156 1339.34 2706.67
24157 3358.17 2075.2
24158 2192.88 1845.44
24159 2142.66 2203.13
24160 3745.57 2019.32
24161 4306.68 2005.63
24162 888.3 1938.48
24163 215.177 294.355
24164 674.962 1405.7
24165 1006.7 1367.41
24166 1006.7 1367.41
24167 885.557 2960.74
24168 254.729 502.509
24169 898.613 2932.96
24170 1587.92 1747.3
24171 4549.47 1964.86
24172 844.851 1629.68
24173 4227.63 2143.33
24174 844.835 3462.3
24175 2334.08 2126.62
24176 1025.66 1429.11
24177 210.682 835.395
24178 785.964 1239.21
24179 766.635 1237.86
24180 3361.37 1931.17
24181 1207.77 2584.42
24182 630.688 786.715
24183 948.779 2206.04
24184 1034.93 1388.94
24185 1104.24 1855.72
24186 1631.83 1761.77
24187 4190.97 1964.03
24188 871.055 2165.6
24189 2738.8 2295.99
24190 1113.72 1648.19
24191 162.502 1689.22
24192 849.718 1598.76
24193 640.301 1948.22
24194 3925.96 2032.45
24195 537.148 234.791
24196 1750.58 1823.45
24197 1012.46 1493.91
24198 1012.46 1493.91
24199 682.023 2009.89
24200 841.823 606.227
24201 2177.68 2136.19
24202 1991.83 1829.36
24203 1389.82 2141.65
24204 3864.61 2050.17
24205 825.107 1203.79
24206 1666.77 2185.3
24207 816.431 1429.99
24208 816.431 1429.99
24209 1750.03 2171.13
24210 1348.16 2713.53
24211 2499.23 1746.86
24212 600.488 243.982
24213 1773.24 2046.19
24214 3624.85 1901.94
24215 3963.22 1812.2
24216 858.229 1740.23
24217 4226.21 2275.21
24218 788.282 1417.22
24219 1023.42 1264.87
24220 3428.62 2244.27
24221 1779.26 2111.27
24222 2528.39 2016.07
24223 4568.56 2034.84
24224 984.28 3477.4
24225 1225.46 2574.73
24226 1951.33 1792.2
24227 2377.74 1872.47
24228 4516.03 2192.37
24229 711.909 3019.94
24230 1074.84 2857.42
24231 461.117 106.232
24232 2930.76 2213.21
24233 1562.57 1689.99
24234 792.324 2370.99
24235 1299.48 1569.67
24236 3482.6 1856.89
24237 2672.08 1817.54
24238 3808.09 1798.19
24239 906.486 1798.97
24240 1057.48 1393.3
24241 3986.38 2140.31
24242 327.828 183.868
24243 565.336 2641.34
24244 773.877 1247.69
24245 2728.14 1813.85
24246 2728.14 1813.85
24247 975.382 2023.66
24248 4692.65 1960.72
24249 2945.32 1847.67
24250 929.941 2358.82
24251 782.963 1300.54
24252 1645.97 1752.86
24253 3887.47 1783.17
24254 451.693 430.31
24255 2369.94 1735.31
24256 1284.53 1746.82
24257 1057.85 1207.03
24258 1018.28 2972.59
24259 1844.16 2159.95
24260 2318.45 2183.51
24261 1768.49 2115.93
24262 4293.98 1805.2
24263 2147.68 1824.39
24264 4398.69 2233.96
24265 555.235 1324.64
24266 4416.91 1909.52
24267 1767.14 1786.15
24268 2967.59 1708.44
24269 996.232 1620
24270 376.532 516.404
24271 840.427 1280.05
24272 4444.51 1893.29
24273 942.494 1985.32
24274 1244.17 2414.2
24275 2821.38 1847.46
24276 488.274 51.9787
24277 2155.5 1987.88
24278 2324.48 1948.1
24279 500.636 572.635
24280 2274.78 2216.87
24281 1652.57 2057.54
24282 1616.27 1660.15
24283 2785.78 1733.5
24284 2759.67 1770.17
24285 2120.26 2284.69
24286 780.045 2023.35
24287 4068.9 1929.81
24288 3738.18 1800.61
24289 513.632 1225.26
24290 452.976 389.886
24291 4232.24 1869.02
24292 3015.53 1895.91
24293 1786.07 2048.61
24294 755.323 1487.06
24295 3816.32 1774.39
24296 2363.81 1763.39
24297 1401.24 2050.53
24298 2384.24 1824.25
24299 493.228 3051.02
24300 4418.65 2232.49
24301 2505.99 2217.05
24302 891.242 1329.88
24303 3480.15 2154.65
24304 2157.39 2033.87
24305 963.881 3628.87
24306 2877.7 1849.74
24307 97.1429 2630.35
24308 1689.27 1907.67
24309 1689.27 1907.67
24310 3628.1 2152.83
24311 2223.74 1756.9
24312 591.963 1324.25
24313 2743.59 1814.53
24314 2846.52 1699.97
24315 434.034 2937.79
24316 1246.08 2308.66
24317 2565.57 1848.83
24318 530.919 1894.39
24319 215.487 2390.27
24320 215.487 2390.27
24321 3529.87 2151.17
24322 4045.44 2280.33
24323 906.661 490.229
24324 1047.94 1338.43
24325 2134.41 2067.79
24326 158.713 1135.79
24327 3620.75 2081.76
24328 3620.75 2081.76
24329 1271.13 1531.19
24330 190.56 1062.04
24331 1201.81 1664.35
24332 618.16 2808.18
24333 561.409 1923.55
24334 4267.44 2244.52
24335 1775.26 1683.42
24336 2699.11 1824.2
24337 1977.08 2376.79
24338 2722.82 1729
24339 752.525 1429.2
24340 2634.8 2049.05
24341 2615.46 1952.21
24342 823.402 1886.28
24343 3397.67 1929.67
24344 3364.66 2062.84
24346 825.118 1546.71
24347 825.118 1546.71
24348 1299.2 2206.83
24349 2912.13 2248.31
24350 874.938 1330.77
24351 2062.86 1963.95
24352 4257.31 1935.22
24353 2989.49 1658.62
24354 2893.15 1794.56
24355 1727.15 2240.87
24356 1727.15 2240.87
24357 3193.03 1693.42
24358 600.416 1842.78
24359 1607.3 1606.17
24360 1000.09 1738.92
24361 2376.03 1797.22
24362 4309.61 1941.22
24363 613.376 1595.94
24364 929.796 1257.31
24365 4825.34 1908.46
24366 1651.42 1608.73
24367 3572.54 1885.57
24368 724.817 1347.62
24369 3731.42 1810.65
24370 2191.23 1927.87
24371 1202.91 1584.92
24372 1216.68 1627.85
24373 3107.64 1788.65
24374 1236.61 1708.65
24375 2662.47 1734.64
24376 174.769 688.849
24377 507.625 479.884
24378 2865.49 1762.7
24379 3961.63 2099.35
24380 380.285 318.355
24381 3275.34 2075.63
24382 844.857 1692.04
24383 1017.86 1611
24384 780.429 2299.89
24385 2622.13 2063.93
24386 4335.74 1919.44
24387 219.615 1935.45
24388 3419.62 2063.36
24389 4226.48 2065.73
24390 1699.31 1924.91
24391 1814.4 1776.7
24392 2509.62 1792.71
24393 4179.16 2122.64
24394 1288.89 1776.88
24395 872.816 1369.25
24396 2705.17 1814.45
24397 1301.1 1678.15
24398 2959.43 2364.29
24399 209.497 1850.1
24400 1699.66 2291.34
24401 2050.24 1694.76
24402 2735.89 1755.75
24403 3150.47 2307.61
24404 75.4708 1307.32
24405 4375.82 2009.53
24406 834.14 1326.51
24407 3234.28 1842.55
24408 3648 2048.58
24409 1992.07 1684.28
24410 3879.86 1865.81
24411 3765.99 2048.8
24412 231.482 1943.4
24413 650.14 1509.44
24414 702.903 1550.46
24415 702.903 1550.46
24416 2574.29 1817.42
24418 2753.72 1760.42
24419 4180.73 1743.59
24420 432.941 638.305
24421 3310.61 1967.96
24422 3260.02 1765.29
24423 1396.69 2493.74
24424 1430.37 1683.64
24425 4155.04 2172.31
24426 2399.15 2022.14
24427 4282.99 2088.45
24428 851.192 1683.2
24429 2895.38 1848.17
24430 2226.65 1746.83
24431 2506.86 1765.04
24432 720.969 1826.32
24433 2798.5 1697.87
24434 4032.58 2176.19
24435 1374.36 1516.63
24436 2499.02 1783.36
24437 1184.32 2398.64
24438 1297.2 1616.09
24439 2229.06 1873.47
24440 1268.59 1764.8
24441 4423.97 1835.09
24442 4634.02 1906.45
24443 1586.48 1680.08
24444 1106.99 1765.45
24445 171.951 1089.91
24446 2501.78 2143.81
24447 914.577 1250.81
24448 2734.6 1906.35
24449 811.221 1354.91
24450 1266.98 1664.74
24451 1471.21 1747.42
24452 1471.21 1747.42
24453 3178.41 1728.4
24454 368.646 3073.76
24455 2121.16 1707.34
24456 2279.37 2172.18
24457 2279.36 2172.19
24458 766.367 2340.46
24459 1309.9 1722.55
24460 617.687 614.63
24461 1613.54 2244.91
24462 3539.99 2144.2
24463 2868.31 1773.21
24464 2289.42 1708.93
24465 983.169 1753.19
24466 1293.82 1656.29
24467 1293.82 1656.29
24468 929.737 1444.08
24469 1252.59 2187.9
24470 4287.93 2058.78
24471 3718.02 2019.28
24472 1413.77 2355.37
24474 3502.24 2033.35
24475 4469.26 1809.78
24476 3514.37 2036.77
24477 1448.77 1637.21
24478 1999.99 1670.56
24479 1603.7 2243.11
24480 201.762 1062.82
24481 1164.93 1885.9
24482 1099.94 1882.43
24483 287.524 48.7972
24484 1800.12 1673
24485 973.965 1530.28
24486 967.461 1493.32
24487 3950.68 2154.45
24488 2634.59 1805.88
24489 1291.58 1669.97
24490 1668.93 2115.83
24491 980.708 1461.08
24492 1217.14 2114.29
24493 457.712 1615.7
24494 3832.34 1770.91
24495 1207.7 1495.29
24496 1207.41 1495.22
24497 3332.54 2117.05
24498 3332.54 2117.05
24499 1826.86 1875.29
24500 1176.85 1769.22
24501 1975.12 1641.93
24502 3181.54 1741.38
24503 911.339 1429.82
24504 2051.81 1729.08
24506 736.097 1430.91
24507 736.097 1430.91
24508 969.508 2059.13
24509 2273.96 1721.54
24510 2273.96 1721.54
24511 149.278 580.761
24512 1150.1 2114.3
24513 2718.07 1929.76
24514 830.761 1392.89
24515 1611.36 1811.23
24516 1611.36 1811.23
24517 1737.91 1721.94
24518 1115.96 1747.6
24519 703.46 2209.05
24520 1175.41 1548.43
24521 962.046 1203.48
24522 3301.63 2032.15
24523 431.816 739.963
24524 4157 2270.89
24525 1756.93 1660.72
24526 670.304 467.452
24527 863.01 2121.42
24528 1311.97 1708.69
24529 2259.7 1700.67
24530 4479.9 2012.04
24531 931.184 1637.63
24532 1458.1 1746.15
24533 1458.1 1746.15
24534 1274.84 1840.67
24535 3928.58 1920.33
24536 53.0817 2865.36
24537 3228.95 2009.57
24538 637.253 2780.58
24540 1162.37 1580.58
24541 1849.24 1588.77
24542 1635.49 1773.22
24543 4188.86 1891.55
24544 4188.86 1891.55
24545 654.129 2152.61
24546 4854.84 1944.82
24547 2886.08 1840.89
24548 2662.74 1725.32
24549 1495.49 1683.47
24550 1416.04 1727.56
24551 3908.41 2277.17
24552 1056.47 1239.62
24553 568.443 196.571
24554 3600.63 2055.83
24555 1774.78 1624.67
24556 2615.3 1830.23
24557 861.966 1494.4
24558 1456.93 1791.42
24559 1772.35 1753.34
24560 1772.35 1753.34
24561 3409.29 1820.49
24562 860.424 1228.84
24563 4459.76 1826.73
24564 598.404 1690.77
24565 787.06 1116.66
24566 8.48151 1284.84
24567 2700.55 1787.72
24568 422.083 174.925
24569 1272.31 1720.18
24570 2593.23 1967.78
24571 935.905 1589.12
24572 2285.36 1823.72
24573 375.847 1483.65
24574 375.847 1483.65
24575 375.847 1483.65
24576 2728.25 1689.39
24577 745.127 1447.87
24578 1784.85 1608.96
24579 1784.85 1608.96
24580 2272.51 2076.65
24581 384.305 2523.2
24582 3492.18 2075.36
24583 2628.22 1962.45
24584 993.076 2409.43
24585 2242.06 1783.05
24586 3396.66 2094.7
24587 1461.23 1818.67
24588 4334.85 1728.56
24589 308 175.144
24590 4534.79 1949.47
24591 2219.3 1853.65
24592 1474.55 1632.23
24593 538.694 1023.58
24594 198.318 2437.5
24595 2823.03 1806.92
24596 1798.26 1664.12
24597 1035.41 1563.69
24598 1857.3 1780.59
24599 907.333 1470.46