Visibility for camera _SAM1072.JPG
2640
14098 989.223 2444.84
14614 1067.59 2423.79
14873 1394.07 2306.6
14899 966.588 2301.57
15079 933.601 2392.7
15096 1560.76 2245.63
15138 1035.82 2406.36
15253 2496.38 2209.65
15316 1013.23 2349.63
15326 1445.05 2254.74
15329 788.643 2426.13
15382 924.014 2445.68
15398 990.728 2413.34
15560 2224.38 2189.01
15749 738.207 2288.31
16223 3201.64 2451.18
16311 2766.44 2170.4
16331 2204.72 2211.39
16426 1635.75 2173.36
16522 1910.07 2325.29
16635 1200.91 2222.76
16799 1010.87 2243.26
16833 3391.66 1930.43
17041 3278.26 1620.4
17075 1123.1 2255.1
17096 689.058 2248.1
17221 1104.86 2363.27
17222 1104.86 2363.27
17247 2481.25 2084.98
17281 2067.01 2228.77
17290 2202.49 2505.35
17308 3322.59 1849.85
17330 1810.66 2156.07
17366 3157.52 1363.12
17388 2204.72 2211.39
17420 3283.69 1559.15
17445 3350.84 1629.39
17491 521.648 2228.81
17502 2464.06 2119.88
17523 1246.78 2440.6
17540 3331.95 1779.93
17564 3252.88 2089.32
17622 1641.11 2145.87
17654 3192.38 1403.82
17661 832.006 2412.51
17692 2058.03 2282.98
17812 2082.94 1561.71
18103 772.368 2618.74
18184 1956.05 2566.14
18234 910.271 2240.98
18353 1424.74 2086.01
18386 1621.35 1495.71
18387 1621.35 1495.71
18391 3346.13 2364.04
18427 1089.13 2138.06
18428 1089.13 2138.06
18505 1345.96 2093.76
18528 934.471 2269.68
18706 2146.35 2044.76
18713 3341.75 1700.06
18732 1538.59 2402.97
18886 2126.64 2616.05
18900 3537.39 2002.74
18912 699.363 2162.58
18987 1115.31 2095.6
18990 39.3802 1523.92
19010 2224.7 1766.39
19075 2468.25 1594.58
19105 3253.78 1451.59
19135 1645.82 2118.41
19143 2094.47 1470.16
19196 1182.45 1380.95
19197 2349.2 2081.03
19209 3827.3 1782.38
19217 2987.31 2142.21
19264 2949.33 1533.39
19293 3412.29 1838.5
19297 2668.12 2537.01
19325 3085.35 2145.52
19344 1633.26 2367.5
19781 1181.44 2280.94
19786 1758.5 2676.57
19868 2439.36 2014.17
19901 3152.67 1517.41
20032 1632.48 1460.24
20042 3889.35 1527.18
20081 2086.75 2026.73
20133 1193.46 1953.26
20294 4092.44 2253.28
20307 2069.36 2048.51
20347 46.9456 1454.82
20363 2189.68 2568.22
20446 850.241 2276.93
20492 287.878 2285.6
20493 2779.95 1852.14
20540 3107.64 1109.38
20573 2815.28 1883.45
21184 806.429 1962.18
21394 2163.51 1836.86
21427 3109.1 1832.3
21431 2795 1769.23
21440 1374.11 1875.03
21531 1476.01 1876.24
21600 743.572 2174.15
21638 1950.95 1854.82
21776 3886.94 1883.79
21869 3026.73 1839.88
21961 3387.94 1610.12
22075 1812.79 1939.55
22171 1938.25 2057.79
22302 1493.28 1431.83
22323 696.059 1943.79
22432 2663.13 1361.14
22599 3104.45 1191.66
22600 4923.16 1585.87
23115 3136.14 1934.27
23443 1694.03 1387.06
23537 2551.88 2464.73
23565 3628.54 1360.78
23580 1386.89 1898.94
24266 3089.1 1362.7
24379 1820.53 1918.49
24389 2645.94 1856.67
24393 2462.11 1971.78
24427 2798.29 1905.06
24487 1745.23 2035.09
24524 2563.75 2485.25
24535 1721.99 1455.55
24582 632.65 1924.76
25152 829.669 1983.33
25860 427.232 2013.66
47907 3485.19 1322.5
48113 2846.99 1858.97
48750 3292.01 1813.25
49027 3079.64 1071.41
49030 2883.54 1841.83
49267 2395.81 2530.87
49274 440.868 1768.33
49520 6.92625 1763.58
49521 6.92625 1763.58
49548 2833.28 1802.2
49755 3291.16 1879.34
50170 2375.92 1474.39
50412 3878.64 2134.24
50775 3006.03 1471.91
50874 3287.22 1691.72
51131 3516.95 1892.9
52069 822.33 2770.78
52395 4318.58 2139.91
52419 3259.08 1268.73
53406 2409.83 1589.45
53764 2663.13 1361.14
53885 822.33 2770.78
53914 3487.87 1748.45
53934 4203.65 2107.58
54053 3450.14 1671.02
54701 3029.36 1514.63
54712 3757.66 1682.91
54733 3291.93 1659.38
55596 2649.38 1407.72
58880 1797.05 1525.13
64784 4020.06 2289.25
67061 1794.71 1489.66
67141 3338.44 1572.37
67273 35.8287 1856.47
67274 2300 1263.85
67281 2609.98 1153.07
67287 2471.36 1882.32
67335 3366.96 1697.73
67367 2316.45 1879.94
67372 824.686 1938.02
67379 685.947 1908.91
67388 2524.03 1353.92
67414 3452.5 1703.25
67430 4869.38 1527.61
67690 708.099 2007.72
67767 3124.68 1130.56
67776 4968.13 1583.15
67785 3487.75 1562.08
67834 2878.28 1955.24
67932 2775.55 1924.8
67993 4896.83 1479.97
68056 6.91181 1963.12
68066 3805.31 1443.85
68165 3422.38 1589.99
68284 2972.61 1735.9
68344 2514.35 1444.31
68359 3466.81 1723.4
68417 3400.09 1884.55
68424 1828.98 2048.95
68442 3225.15 1218.27
68446 3293.33 1494.62
68464 1774.62 1517.31
68482 3947.28 1498.85
68492 3209.18 1898.52
68510 2762.14 1902.86
68540 3200.65 1255.24
68564 3572.36 1238.98
68567 2902.15 1968.66
68569 3294.92 1350.17
68585 4711.83 1589.82
68615 2569.64 1351.55
68632 3386.94 1710.96
68634 3613.86 1672.79
68662 3510.05 1206.71
68685 2772.01 1885.87
68686 2698.68 1370.84
68696 1470.94 1350.48
68708 2118.09 1496.65
68714 3477.81 1931.15
68733 1152.5 1846.17
68747 3492.66 1278.93
68751 4002.02 1584.01
68756 1334.25 1950.62
68763 401.796 1931.59
68766 2998.98 1900.18
68769 1696.68 1344.35
68776 5034.99 1551.97
68821 3710.58 1531.66
68830 4191.83 2283.97
68844 2021.98 2064.56
68847 2105.3 1784.21
68848 175.344 1359.68
68873 3791.8 1660.4
68891 119.557 1484.56
68901 1889.4 2051.51
68910 2271.03 2041.47
68914 3876.46 1841.53
68921 3115.53 1379.73
68922 3552.52 1916.56
68924 2443.38 1634.67
68925 679.37 1925.57
68932 2681.82 1380.76
68940 3208.93 1429.35
68944 2323.28 2549.22
68949 4863.41 1613.22
68952 3912.12 1873.64
68956 3731.59 1761.71
68959 4191.95 2229.15
68973 2482.82 2020.66
68976 4097.77 2201.76
68978 3492.66 1278.93
68979 3696.4 2001
68982 468.546 1678.48
68986 2119.37 2074.68
68990 3080.49 1815.45
68991 1466.05 2064.04
69006 1424.6 2158.06
69010 3425.57 1670.08
69023 2227.4 2055.76
69034 592.47 1687.46
69038 2083.24 2056.52
69039 116.731 1511.04
69048 3837.72 1870.78
69049 3837.72 1870.78
69050 3477.14 1262.11
69056 3588.37 1324.08
69061 1180.42 1654.47
69071 2178.68 1555.74
69073 2187.56 2050.51
69074 3364.7 1707.68
69082 2604.39 1815.57
69087 2092.17 1532.41
69089 3947.12 1827.91
69107 3411.77 1942.94
69133 3690.34 1528.92
69222 2472.05 2161.36
69237 4471.79 1909.44
69253 4121.82 1633.3
69273 4927.14 1824.42
69276 3983.09 1657.74
69279 3709.63 1508.69
69284 4129.43 2332.6
69285 3787.88 1542.78
69286 3585.75 1293.71
69305 3636.88 2460.13
69314 998.698 1974.1
69326 4638.11 1761.34
69327 4638.11 1761.34
69330 3866.6 2439.08
69333 4217.58 1657.68
69343 4709.53 1792.78
69344 4709.53 1792.78
69356 1329.74 1684.92
69358 693.501 2116.89
69359 1287.83 1821.41
69361 1251.75 2045.94
69367 3247.22 1593.23
69378 2450.96 1560.37
69389 2239.2 1963.45
69390 2097.55 2597.17
69397 859.796 2784.87
69398 1759.57 1700.85
69399 1759.49 1700.83
69401 1920.08 2199.15
69408 1258.64 1898.69
69413 1090.4 2057.2
69415 693.163 2700.18
69421 1492.05 1370.93
69426 2267.43 1840.27
69434 2478.73 1361.34
69435 1849.64 1858.86
69438 2681.82 1904.68
69448 3147.56 1474.68
69476 3445.48 1568.36
69478 3736.55 2329.73
69480 1645.35 2709.9
69484 3985.94 1626.09
69486 1559.13 1358.56
69489 3930.09 1579.14
69490 392.722 2233.91
69492 502.886 2302.54
69497 4288.62 1986.17
69498 2479.48 2047.99
69500 3361.33 2395.97
69516 2152.39 1798.71
69524 2366.04 2485.75
69526 1073.77 2175.01
69530 773.07 2529.53
69534 1129.28 2333.85
69536 3335.2 2304.11
69547 2327.15 1846.02
69550 1021.21 2785.75
69551 1021.21 2785.75
69561 4025.65 2206.71
69563 3617.87 1326.32
69565 3346.27 2364.15
69567 3201.74 2451.29
69569 826.336 2178.04
69572 3538.25 1658.52
69577 2507.66 2597.21
69586 593.101 2342.81
69591 1427.72 1881.19
69598 886.68 1897.34
69600 2259.55 1801.99
69603 1256.92 2251.5
69606 896.815 2563.14
69607 702.542 2556.6
69616 1367.78 2434.41
69619 4348.04 1701.69
69621 1045.23 2432.14
69622 4350.17 1731.68
69629 1438.98 1387.73
69630 4178.14 2181.33
69643 2020.11 1785.76
69652 830.984 2702.65
69653 3830.62 1737.07
69657 1568.18 2188.36
69687 4419.08 1775.28
69690 3475.64 2337.27
69703 3920.01 2370.56
69706 2572.76 1307.56
69714 3731.84 2381.22
69716 1222.03 1258.49
69717 1149.02 2455.57
69718 1718.68 1407.47
69719 1667.75 2636
69720 3832.37 1929.84
69722 4157.76 1584.26
69725 2314.31 1806.34
69727 3791.56 2374.86
69728 886.248 2741.21
69733 1155.63 2780.83
69735 4054.97 2368.7
69737 2419.54 1829.57
69738 4003.38 1804.4
69739 2832.38 2132.49
69741 4780.11 1782.78
69746 4850.12 1483.54
69747 1122.77 1382.94
69755 786.833 2304.08
69758 5079.02 1757.06
69761 3192.45 1403.77
69762 1727.21 2640.85
69767 2465.64 1421.48
69769 3081.12 1241.84
69771 1886.01 2274.47
69772 1171.66 1447.62
69777 413.083 2294.03
69780 1729.71 1626.67
69784 1812.3 2743.34
69787 2507.51 2629.76
69789 3806.43 1395.73
69815 3105.65 1166.79
69816 3105.72 1166.69
69819 564.199 2472.36
69821 1922.53 1395.53
69833 4692.75 1693.97
69837 3355.96 1415.28
69839 2577.42 2613.21
69845 3120.79 1227.33
69846 2272.28 2206.99
69850 3044.13 2099.3
69851 2941.25 2466.31
69854 2833.38 1449.63
69855 2833.38 1449.63
69859 757.889 2791.79
69860 227.064 3047.3
69866 3882.85 1784.42
69871 653.062 2414.31
69880 2455.39 1524.22
69883 1691.07 1928.79
69884 4207.57 2015.74
69885 4207.57 2015.74
69894 3854.45 2170.39
69903 3239.35 2061.37
69905 739.232 2778.3
69909 1658.42 1988.98
69911 3721.77 2220.67
69912 3021.89 1626.59
69925 3207.1 1311
69929 2386.75 1530.82
69934 2349.26 1572.69
69938 2534.1 1588.84
69944 1679.87 2222.51
69945 2283.87 2472.46
69950 737.166 2551.34
69956 3845.11 2109.06
69957 3980.85 2291.13
69958 4128.94 2461.11
69960 3187.4 1450.19
69972 4237.99 2290.06
69975 4025.19 1538.48
69976 2421.31 2104.98
69979 3213.32 2428.45
69980 2119.22 2647.15
69981 3409.94 2351.28
69987 3867.39 2192.53
69988 3867.39 2192.53
69989 1819.12 2314.39
69993 1247.25 1755.91
69996 4589.53 1957.68
70000 3450.45 2085.92
70002 1515.94 1615.29
70006 3019.22 1962.41
70007 2421.27 2078.33
70009 1041.16 2371.79
70010 2137.42 2219.36
70019 2896.75 2455.58
70022 4297.84 2119.41
70023 826.871 2741.67
70025 3480.42 1423.93
70026 2250.47 2267.32
70031 3887.66 1916.75
70034 2377.69 2109.79
70036 1914.86 2013.07
70039 1162.16 1710.65
70040 1570.99 1962.68
70041 2661.72 2444.87
70044 1936.2 2105.14
70046 4292.08 2267.48
70047 1111.39 1405.29
70051 4597.62 1571.25
70052 157.239 1529.31
70056 4097.77 2201.76
70059 3037.54 1212.46
70060 4956.48 1689.82
70062 2980.33 1575.52
70069 1781.64 2706.24
70070 3081.56 1337.78
70079 2078.25 1811.86
70080 3847.84 2037.63
70083 1560.64 1330.16
70089 712.73 2106.99
70090 3630.53 2147.98
70091 1882.06 1883.05
70092 4272.9 2335.13
70102 3517.33 1834.42
70103 3790.2 2199.25
70106 3806.03 2132.81
70107 423.653 2488.45
70108 3306.54 2106.67
70109 1537.93 1968.71
70111 38.9543 1793.38
70117 1618.94 2262.1
70118 600.167 2242.66
70119 4000.19 1527.96
70123 3995.14 1860.62
70127 4767.48 1709.39
70139 1785.1 1900.58
70144 4185.83 1889.76
70146 2700.11 2440.97
70147 3972.88 2354.96
70151 4561.41 1634.72
70152 4171.17 2210.18
70153 5098.15 1814.71
70156 3093.26 1394.22
70157 3961.24 2405.94
70165 1881.99 2326.56
70168 3906.66 1604.93
70169 3739.37 2036.27
70171 188.472 3313.71
70172 4949.84 1783.98
70175 2433.75 1660.46
70179 3745.11 2210.36
70181 1961.43 1365.91
70182 1489.1 2261.99
70183 4691.52 1762.49
70184 4690.23 1762.52
70192 2081.8 2090.74
70197 3138.01 2056.39
70199 2746.64 1133.84
70206 3563.72 1646.46
70212 1601.89 2042.51
70213 4284.06 1579.19
70221 1874.4 1669.4
70228 1676.95 1408.88
70229 1180.05 1654.42
70231 777.992 2500.08
70233 3311.58 1214.25
70237 3789.94 2036.95
70240 3702.37 1978.65
70246 2111.93 1415.05
70248 1726.59 1920.91
70251 1853.3 2194.72
70252 2204.95 2633.37
70255 3059.74 1685.32
70258 4780.73 1495.34
70262 2760.54 1085.75
70264 2651.4 2559.05
70266 1235.62 2225.54
70267 1259.96 2372.7
70270 3314.33 1981.74
70276 4808.39 1762.26
70277 2922.24 2144.22
70278 2922.24 2144.22
70301 3225.25 1569.08
70304 3720.11 1484.01
70308 3234.73 1494.37
70310 980.451 2121.1
70321 4272.95 1606.76
70325 157.565 1915.29
70328 1193.28 1363.93
70331 3434.59 1427.53
70332 3985.46 2270.44
70333 2769.45 2140.29
70338 1920.11 2674.67
70341 3001.24 1922.44
70346 2665.76 2349.42
70347 4847.85 1820.17
70350 23.4159 1492.79
70357 3119.38 1869.19
70358 712.231 2635.81
70361 2468.25 1340.03
70362 3484.26 2106.5
70371 3328.53 1967
70377 3024.35 2143.02
70378 3762.54 2054.83
70380 4561.48 1797.92
70381 3624.53 1557.14
70382 787.333 2060.14
70383 977.033 2699.71
70389 400.442 1854.49
70396 3461.75 1503.11
70397 986.803 1866.35
70398 2948.8 1901.52
70402 528.125 2288.66
70403 1921.49 2632.57
70404 3393.91 1353.54
70405 2634.3 1733.51
70411 3445.42 2012.19
70413 534.653 1261.61
70414 3538.35 1363.6
70415 3666.49 2515.79
70416 2258.75 2165.92
70418 2859.04 1563.7
70421 821.68 2018.94
70422 3396.45 1986.36
70423 3396.45 1986.36
70427 551.974 2196.01
70431 2789.89 2068.12
70433 1036.14 2114.5
70439 1429.8 2231.47
70441 2887.88 2485.75
70444 2984.68 1550.77
70458 1266.45 1852.67
70462 3967.87 1461.5
70466 1571.15 1830.08
70468 3894.91 1621.51
70477 3270 2053.2
70479 2737.52 1459.56
70481 3204.31 2054.53
70482 2020.33 2089.11
70483 1989.35 1587.93
70485 544.941 2491.02
70487 3248.45 2423.2
70488 2165.28 1583.97
70494 2519.67 1514.68
70503 3766.82 1644.68
70505 1314.5 2304.48
70509 1412.13 2327.51
70519 2703.94 1454.9
70523 0.243285 3053.28
70526 312.758 2838.28
70528 4918.83 1767.39
70533 1363 1315.99
70537 693.091 2836.51
70542 4076.25 2297.05
70548 2660.76 2186.68
70554 586.165 2454.26
70555 2734.11 2156.76
70562 3337.05 1380.54
70563 3337.05 1380.54
70564 3175.11 1313.26
70566 3077.01 1312.48
70570 5025.42 1726.11
70580 74.2221 1651.29
70582 885.436 1702.21
70586 3257.93 1591.37
70591 2621.45 1493.87
70594 4007.4 1696.1
70595 889.715 2204.34
70596 2910.99 1140.93
70607 157.635 2501.14
70608 2533.75 1389.68
70612 2831.21 2070.35
70613 1860.08 1313.42
70616 3427.95 1213.87
70618 597.492 2505.74
70619 4003.1 1555.98
70620 4003.1 1555.98
70627 293.777 3071.61
70637 2240.37 2526.71
70638 2240.4 2526.63
70639 2547.1 1410.22
70646 1942.61 1881.86
70654 3171.78 2017.68
70655 3171.78 2017.68
70656 3039.79 1414.23
70657 2738.44 1152.53
70663 595.285 1878.09
70665 2234.08 2629.26
70666 4020.98 1514.48
70668 4222.84 1839.13
70670 3135.17 2441.21
70683 4937.37 1708.36
70684 1062.16 2441.48
70685 545.915 2253.31
70686 4258 1686.68
70690 1675.29 1961.85
70692 3442.06 2347.67
70693 3442.06 2347.67
70694 819.713 1884.42
70695 2405.06 2149.37
70696 74.1766 1271.12
70697 4479.73 1689.93
70700 2684.16 1448.77
70702 3439.48 1304.35
70703 1476.44 2244.13
70705 1782.98 1433.45
70710 2828.77 1427.37
70715 2445.16 1850.78
70717 3361.9 2090.94
70718 391.037 2446.57
70722 4597.85 1756.88
70729 3693.9 1460.55
70730 1234.4 1385.8
70738 531.301 2830.04
70741 3413.65 1282.83
70742 3413.65 1282.83
70744 2582.96 1747.77
70746 712.646 2142.82
70747 2837.79 2497.49
70749 3098.25 1863.06
70750 4093.73 1615.09
70751 4164.3 1823.49
70754 2887.03 1238.22
70760 1736.9 2244.2
70764 1819.2 1898.24
70767 4636.08 1731.03
70768 4142.68 2157.47
70771 4493.43 1705.32
70773 1217.74 2811.44
70774 1663.44 2061.14
70787 2489.43 1684.82
70793 3671.74 1824.69
70794 3539.35 1456.95
70796 4036.04 2244.22
70800 3419.46 1310.42
70804 550.882 2173.33
70816 3427.58 1987.41
70826 3667.91 1447.64
70828 1500.02 1818.04
70830 2095.84 1581.89
70831 3480.93 2061.99
70835 3922.51 2152.77
70836 4601.47 1817.5
70839 3610.74 1377.9
70845 4343.81 1628.9
70847 4223.4 2364.31
70849 2082.12 1594.11
70877 3109.89 1250.37
70881 2575.29 2008.4
70882 4235.82 2086.24
70883 1918.91 2367.75
70886 641.844 2299.97
70888 4829.1 1653.52
70895 1980.56 1662.53
70896 1952.34 1905.79
70897 2172.53 2216.15
70900 1640.67 2236.79
70904 3316.83 1311.94
70905 5021.97 1514.46
70908 88.5299 3378.93
70911 2722.89 1794.87
70912 1179.62 1400.11
70915 2294.22 1447.6
70918 1052.77 2247.39
70923 209.493 2803.56
70932 3428.59 2030.12
70933 2687 2507.34
70936 824.686 1938.02
70941 3784.9 2113.27
70942 577.727 1897.6
70957 1493.91 2204.82
70959 3851.69 1947.52
70962 772.076 2454.29
70964 1645.54 1330.21
70965 2219.04 1403.27
70972 595.489 2317.92
70973 1378.68 1580.71
70976 4993.96 1843.39
70980 728.77 1953.21
70981 728.77 1953.21
70984 1423.63 2251.83
70985 4907.1 1703.29
70994 1212.35 2328.65
70995 3689.17 1958.89
70996 798.799 2182.77
71001 2688.78 1327.62
71009 1175.91 2001.64
71010 3138.91 1491.87
71011 2432.41 2128.22
71012 2432.41 2128.22
71014 4025.52 1701.51
71020 480.419 1744.91
71023 3550.61 1863.66
71025 3956.27 1593.89
71026 3866.96 1367.34
71028 3006.16 2052
71030 4233.45 1689.25
71031 3419.91 2005.4
71034 3971.91 1421.93
71035 2975.16 2160.9
71047 1939.85 1378.49
71050 1291.76 2086.73
71051 3416.96 2045.98
71053 1028.96 1778.66
71055 3788.64 1865.97
71057 4158.12 1884.65
71058 4158.12 1884.65
71062 4034.85 1790.9
71063 3055.57 2059.72
71065 3829.37 2426.33
71066 2274.2 2623.65
71069 629.777 1905.99
71070 3118.19 1323.12
71073 4444.57 1996.9
71082 2740.35 1526.68
71083 2606.37 1401.41
71084 2606.37 1401.41
71086 1384.06 1298.36
71087 686.075 2447.79
71088 2609.2 2553.25
71092 3166.81 1932.67
71097 212.448 2214.13
71098 2014.67 2624.86
71099 1028.85 2857.67
71101 1869.38 2154.5
71102 3589.42 1225.1
71103 3967.38 1801.73
71104 3531.87 2103.57
71105 1089.64 2430.81
71109 4181.35 1568.06
71117 3786.19 1890.18
71118 1384.86 2122.85
71120 3871.26 2402.37
71121 3871.26 2402.37
71124 4897.11 1763.78
71126 1865.69 1967.8
71130 3371.47 1840.98
71133 586.921 2278.79
71134 4291.18 2081.68
71135 2665.63 2066.48
71136 117.236 1256.08
71137 3428.96 1853.66
71138 2243.17 1604.58
71139 2723.86 2501.86
71143 2593.64 2529.09
71144 2593.64 2529.09
71146 367.663 1307.93
71153 4119.8 1796.23
71154 3124.97 1844.85
71155 4672.67 1749.41
71159 776.003 2781.45
71161 2486.24 1988.84
71162 1315.66 2168.36
71164 3135.95 1276.17
71165 3429.99 1925.44
71166 4183.07 2084.38
71168 4407.65 1877.15
71172 3329.55 1137.06
71175 2744.33 2492.5
71181 2482.24 1351.93
71182 2169.14 2611.33
71186 2899.72 1861.45
71190 4929.57 1616.24
71192 3215.32 1650.99
71193 4933.69 1741.74
71195 515.695 1681.87
71201 3543.14 2307.74
71202 3543.14 2307.74
71206 3974.77 1405.18
71208 2618.53 1773.04
71209 1579.92 2732.22
71210 1579.92 2732.22
71213 3629.18 2059.24
71217 17.2417 1440.74
71221 40.5219 1398.13
71222 616.331 2088.51
71223 -0.901283 1997.97
71225 2832.8 1357.3
71226 3977.75 1591.54
71228 3783.29 2426.25
71229 4833.25 1968.09
74415 1789.05 2249.55
74417 3169.76 2007.64
74418 2278.6 2235.96
74419 1102.35 2287.83
74420 1642.52 2277.54
74421 1642.52 2277.54
74422 1151.24 2427.32
74423 3566.87 2073.18
74424 571.083 2527.34
74425 3234.85 1925.45
74426 4115.11 2250.79
74427 1475.2 2183.41
74428 1147.6 2166.52
74429 1224.76 2247.06
74430 310.991 2339.21
74431 2823.45 2105.31
74432 2785.26 2160.12
74433 2910.68 2120.06
74434 115.849 1688.89
74437 2275.32 2148.16
74438 440.897 2509.41
74439 1669.08 2262.46
74440 2049.89 2175.46
74442 780.743 2475.22
74443 2233.32 2176.53
74444 2373.18 2144.23
74445 1868.6 2251.03
74446 49.3344 3089.84
74447 3637.97 2076.13
74448 4927.77 1665.29
74449 864.389 2328.45
74450 1708.88 1554.95
74451 4288.72 2292.65
74452 4.433 2053.41
74455 3535.79 2123.32
74457 313.504 2669.81
74458 1423.39 2251.94
74459 1091.82 2410.33
74460 2282.36 1424.48
74461 3843.44 2319.21
74462 487.896 2495.61
74463 2494.72 1612.16
74464 2112.58 2585.93
74465 46.5111 3116.51
74467 2832.98 1051.83
74469 1534.9 2174.07
74470 1534.9 2174.07
74471 316.132 1426.67
74472 2316.55 1547.96
74474 1622.44 2200.13
74475 2789.69 1820.69
74476 4.31451 2929.73
74478 448.633 2899.58
74479 64.9038 2662.44
74480 19.865 1990.84
74481 1745.45 2706.46
74482 491.671 2826.76
74483 3.76371 2948.42
74485 1782.85 1638.47
74486 38.9345 3293.46
74487 1118.44 1356.37
74488 1373.52 2402.6
74489 530.507 2830.49
74490 56.7168 2634.31
74491 483.295 2327.57
74492 122.173 3070.9
74494 1391.57 2262.53
74495 1391.57 2262.53
74496 1567.41 2267.29
74498 2716.59 2111.97
74499 82.0885 3250.43
74500 3130.57 2439.68
74501 2574.38 1584.06
74502 1805.96 1569.86
74503 1294.03 2228.92
74504 39.3813 3365.22
74505 579.218 2187.95
74506 1745.29 2312.42
74507 1741.25 2331.66
74508 2226.03 2168.51
74509 180.011 3058.03
74510 2664.7 2164.76
74511 681.848 2325.29
74512 2790.08 1588.71
74513 40.0869 2890.04
74514 3147.23 2416.5
74517 4273.79 1606.65
74518 4998.51 1693.94
74519 68.3282 3205.09
74520 1531.91 2228.25
74521 3162.98 2436.01
74522 3351.9 1813.69
74523 1365.81 1659.2
74524 315.991 3031.92
74525 64.5872 2887.67
74526 1040.58 2295.01
74527 1697.64 2366.42
74528 1035.9 2282.09
74530 311.066 2600.88
74531 1308.37 2198.94
74532 4952.07 1639.8
74533 2542.84 2098.25
74534 3178.14 2138.91
74535 3713.8 1451.95
74536 3371.58 1840.98
74537 2064.96 2305.99
74538 407.592 2501.35
74539 1114.82 2201.51
74540 1677.4 2728.04
74541 461.141 2273.31
74542 73.8372 2618.84
74543 1735.33 2228.28
74544 2004.58 1653.83
74545 1735.54 2213.97
74546 2516.25 2065.9
74547 546.509 2677.91
74549 1919.21 2200.03
74550 225.139 2624.99
74551 2079.32 2180.57
74553 187.95 2498.56
74554 2163.86 2569.54
74555 1161.62 2403.02
74556 1161.62 2403.02
74557 2493.24 1568.06
74558 917.438 2507.39
74559 3778.89 2395.57
74561 2355.94 2139.21
74562 1809.89 2206.22
74563 669.435 2498.35
74564 507.908 2264.86
74565 424.199 2788.17
74566 2052.59 2352.66
74567 1009.99 2397.48
74568 1856.26 2050.02
74569 3149.05 1889.51
74570 5.21317 3240.7
74571 2003.51 1556.72
74572 3199.85 1922.86
74573 665.938 2837.78
74574 3123.08 2111.92
74575 1141.43 1334.27
74576 1260.92 2135.95
74577 3456.53 1766.08
74578 4578.86 1807.6
74579 4578.86 1807.6
74580 80.1975 2646.01
74581 225.041 1740.56
74582 399.568 1834.12
74583 161.637 1891.08
74584 734.202 2451.73
74585 966.922 1674.69
74586 3892.5 2330.01
74587 2956.56 2147.64
74588 529.129 2560.88
74589 527.664 2593.41
74590 2701.01 1569.23
74591 2198.47 2278.31
74592 1938.15 1611.13
74593 4820.91 1990.08
74594 491.933 2470.12
74595 3707.74 2067.06
74596 3741.47 1493.83
74597 3655.92 2007.95
74598 1386.64 2754.9
74599 694.47 2559.1
74600 2985.1 2076.12
74601 2985.1 2076.12
74602 315.029 2538.39
74603 84.8569 2665.3
74604 4008.65 2258.98
74605 4598.56 1832.99
74606 3312.96 2390.8
74608 2923.45 2583.28
74609 1406 2286.16
74610 1406 2286.16
74611 1874.95 2183.02
74612 1612.77 2744.07
74614 4673.94 1749.37
74615 3531.54 2085.53
74616 3531.54 2085.53
74617 451.412 2337.05
74618 180.271 3264.9
74619 2018.34 1594.5
74620 2361.91 1779.24
74621 2287.76 1598.43
74622 967.603 2839.96
74623 632.51 2207.51
74624 2708.5 1748.52
74625 39.7795 1913.6
74626 2342.05 2012.5
74627 37.0957 2643.97
74628 4022.54 2233.75
74629 1038.81 2467.07
74630 5040.91 1736.1
74633 3837.38 2340.31
74634 2908.43 2162.74
74635 268.259 2265.23
74636 4597.32 1755.82
74637 20.9628 2547.94
74638 3582.6 2119.5
74639 1403.91 2276
74640 102.46 2515.53
74641 3162.19 2130.65
74642 4942.33 1773.12
74643 2226.64 1589.69
74645 373.35 2841.58
74646 2744.41 2107.44
74647 2356.16 2043.13
74648 224.537 1966.12
74649 3322.17 2379.97
74650 394.733 2735.51
74651 279.644 2223.61
74652 280.636 2989.26
74653 1171.65 2453.73
74654 2113.66 2106.36
74655 20.5927 3297.23
74656 216.905 2259.05
74657 3892.2 2404.62
74658 819.378 2424.49
74659 417.114 2442.95
74660 2285.65 1404.47
74661 2285.65 1404.49
74662 485.506 2389.85
74663 3648.07 1374.36
74664 2165.44 1535.1
74665 3128.39 2141.77
74666 1695.54 2381.1
74667 2474.18 2626.67
74668 2598.34 1573.39
74669 1710.44 2253.29
74670 44.5864 2523.64
74671 990.985 2784.11
74672 946.259 2286.73
74673 718.817 2177.31
74674 1519.53 2090.65
74675 71.676 3374.84
74676 1371.08 2210.72
74677 1237.3 2309.84
74678 4185.73 2129.71
74680 4126.11 2372.1
74681 1952.05 1511
74682 320.728 2816.06
74683 2293.5 2116.58
74684 472.727 2797.1
74685 2531.41 1755.42
74686 1029.19 1378.49
74687 3381.68 2064.19
74688 2590.95 2205.09
74689 2199.45 1520.28
74690 2149.67 2509.88
74691 3648.12 1475.95
74692 3076.68 1405.27
74693 3777.81 1496.69
74694 585.402 2209.45
74695 3352.77 1852.66
74696 9.45422 3318.07
74697 4999.38 1646.8
74698 482.143 2199.36
74699 460.202 1409.33
74700 3789.61 1486.26
74701 2477.06 1555.2
74702 445.302 2438.94
74703 2149 1488.93
74704 2915.97 1850.88
74705 3224.23 2153.3
74706 3640.55 1425.61
74707 560.793 2533.75
74708 560.793 2533.75
74709 3576.75 1369.94
74710 3576.75 1369.94
74711 173.119 3158.5
74712 5050.18 1765.83
74713 1783.43 2032.93
74714 4813.54 1574.7
74715 945.542 2463.93
74716 1705.86 2320.49
74717 2525.45 2137.57
74718 4560.89 1766.89
74719 2007.14 2135.07
74720 2420.06 1781.4
74721 1281.6 2447.7
74722 1281.6 2447.7
74723 1757.56 2347.27
74724 4761.85 1696.82
74725 -19.4432 2420.37
74726 3578.71 1438.28
74727 29.7232 2515
74728 1432.98 2498.85
74729 3848.18 1485.04
74730 588.504 2552.06
74731 3120.27 2127.88
74732 2155.61 2540.04
74733 1622.78 2328.39
74734 4674.35 1781.77
74735 3459.8 1291.63
74737 214.335 3023
74738 1135.76 1315.08
74739 2219.49 1562.82
74740 485.73 2686.44
74741 235.463 2542.84
74742 109.602 1856.28
74743 3083.29 1791.23
74744 1748.44 2126.26
74745 2192.8 2290.42
74747 153.925 2280.74
74748 54.8957 3383.59
74749 155.239 3183.85
74750 155.239 3183.85
74751 2400.65 1506.52
74752 1185.84 2082.55
74753 2132.89 1576.17
74754 1489.57 2767.62
74755 1155.65 2109.04
74756 2398.26 1770.07
74757 1980.22 1473.05
74758 1379.83 2197.51
74759 1326.81 2102.65
74760 318.27 1578.65
74761 903.263 1689.82
74762 2796.67 2068.76
74763 5070 1687.96
74764 347.796 2621.47
74765 3.34724 2632.81
74766 2144.81 1528.89
74767 1756.61 2169.48
74768 88.4591 3266.61
74769 3533.97 1967.8
74770 3662.53 1994.62
74771 98.211 2479.37
74772 849.677 2420.74
74773 2940.73 1104.94
74774 2130.35 2572.94
74775 1350.69 2254.17
74776 3468.72 1970.91
74777 635.48 2166.8
74778 684.029 2204.49
74779 1228.04 2458.43
74780 295.713 1567.5
74781 2595.28 1499.29
74782 4246.07 2336.73
74783 2938.02 2160.93
74784 467.737 2219
74785 3129.62 1775.53
74786 1041.58 2376.64
74787 1059.9 2196.73
74788 1059.9 2196.73
74789 3731.45 1469.44
74790 2123.81 2587.06
74791 18.2155 2872.79
74792 917.317 1667
74793 829.82 2867.04
74794 209.69 1939.66
74795 2303.6 2490.75
74796 951.345 2485.24
74797 3346.94 2027.46
74798 779.79 2187.95
74799 1380.84 2248.86
74800 3975.66 2284.41
74801 3975.66 2284.41
74802 3574.35 2096.2
74803 1038.32 2814.05
74804 2565.75 1555.43
74805 3718.94 1423.86
74806 1142.65 2799.65
74807 1689.66 1566.15
74808 3572.27 1385.49
74809 1101.14 2784.49
74810 3130.53 1794.34
74811 16.1692 1988.61
74812 644.187 2224.28
74813 1398.66 2203.41
74814 3148.71 1431.73
74815 274.584 2784.78
74816 206.943 2420.65
74817 182.535 2286.57
74818 971.91 2405.45
74819 1366.08 2420.39
74820 35.3003 2863
74821 2198.32 1554.59
74822 3056 2138.35
74823 3923.02 2384.22
74824 2649.69 1485.52
74825 968.252 2152.66
74826 2222.91 1529.94
74827 2522.79 1545.27
74828 3107.68 1929.48
74829 707.647 2541.88
74830 2588.35 2635.03
74831 2721.35 1590.75
74832 9.85989 2864.76
74833 1175.23 2117.69
74834 2135.87 1560.32
74835 3631 1377.88
74836 345.749 2797.44
74837 881.647 2418.75
74838 2269.78 2495.5
74839 3106.93 1897.57
74840 79.0371 3303.86
74841 493.545 2216.01
74842 3644.26 1444.08
74843 4828.05 1787.61
74844 4919.07 1938.08
74845 3919.16 2404.57
74846 3891.26 2310.33
74847 1225.65 2754.27
74848 2687.58 1604.41
74849 4189.7 2339.48
74850 3485.22 1902.65
74851 3990.27 2250.58
74852 2304.39 1575.83
74853 3390.26 2332.26
74854 4211 2376.31
74855 2848.61 2023.37
74856 978.615 2264.98
74857 4959.13 1919.88
74858 2788.91 1832.54
74859 1112.47 1323.03
74860 3952.96 2411.5
74861 97.454 2887.82
74862 4498.27 1733.97
74863 1351.63 2754.13
74864 1723.33 2038.25
74865 2634.81 1537.14
74866 2634.81 1537.14
74867 1342.44 2739.95
74868 663.689 2768.43
74869 1055.06 2093.38
74870 680.004 2923.53
74871 2969.53 2207.7
74872 3655.93 1393.99
74873 2758.29 1483.73
74874 3448.85 1801.54
74875 4891.61 1632.35
74876 1305.21 2780.41
74877 2659.05 1504.39
74878 1793.31 2726.1
74879 1793.15 2726.32
74880 4308.27 2082.28
74882 2443.84 2147.12
74883 293.923 1591.36
74884 3661.77 2289.43
74885 2441.51 2157.97
74886 166.868 2649.45
74887 2460.1 1762.43
74888 2747.08 2077.16
74889 4318.4 1861.83
74890 1085.56 2493.61
74891 2032.71 2069.76
74892 335.994 2396.26
74893 1337.64 2779.77
74894 1706.26 2726.53
74895 4245.93 1829.67
74896 4206.55 2300.35
74897 3502.88 1863.76
74898 2506.47 1549.12
74899 3561.24 1401.21
74900 3454.94 2039.78
74901 3425.31 1955.54
74902 2465.99 1984.7
74903 3615.01 2025.34
74905 3016.65 1533.61
74906 1263.1 2398.82
74907 1263.1 2398.82
74908 2574.63 1491.26
74909 359.192 2365.14
74910 4822.17 1701.53
74911 194.319 1683.6
74912 3812.41 2411.77
74913 3812.41 2411.77
74914 4931.07 1563.67
74915 939.648 1679.57
74916 1649.62 2137.96
74917 1412.92 1651
74918 1550.38 2746.97
74919 409.209 2426.44
74920 571.724 2246.93
74921 3711.82 2049.14
74922 4761.23 1751.01
74923 2169.25 2290.61
74924 3841.86 2382.13
74925 908.287 2777.61
74926 204.713 2250.89
74927 3605.5 1361.92
74928 4087.11 2233.76
74929 3580.43 1415.19
74930 3986.99 2151.79
74931 691.086 1693.22
74932 4237.76 1598.29
74933 456.07 2312.22
74934 578.44 2474.67
74935 1791.86 2069.52
74936 252.399 2221.4
74937 2188.94 1596.33
74938 2188.94 1596.33
74939 4315.62 1629.13
74940 3154.67 1685.34
74941 293.405 3148.98
74942 597.673 2497.8
74944 182.92 1626.73
74945 2255.45 1516.24
74946 667.264 2710.24
74947 1312.94 2447.74
74948 3639.25 2128.83
74949 1857.39 2117.43
74950 536.564 2944.74
74951 380.694 2795.01
74952 2805.06 2581.09
74953 1888.28 2610.77
74954 2143.92 2545.82
74955 3090.13 1264.47
74956 1574.77 2139.4
74957 2071.01 1527.8
74958 1197.36 2770.91
74959 3679.05 2458.5
74960 2046.77 1449.34
74961 3379.84 1632.28
74962 4149.41 2304.78
74963 1787.39 1496.67
74964 303.887 3151.72
74965 2956 1558.38
74966 2055.62 2574.38
74967 1689.3 1999.05
74968 4025.26 2264.93
74969 730.862 2189.39
74970 18.0883 2619.24
74971 2120.69 1547.05
74972 3520.06 1919.58
74973 1284.04 2748.04
74974 3153.18 1829.27
74975 1343.43 1652.38
74976 2165.24 2095.75
74977 675.256 2869.74
74978 2442.51 1510.91
74979 2442.51 1510.91
74980 517.519 2242.18
74981 4087.48 1632.06
74982 590.136 2767.24
74983 4539.75 1753.07
74984 1896.16 2090.49
74985 2408.6 1312.63
74986 390.212 2859.17
74987 2768.28 2079.37
74988 135.073 2309.18
74989 1189.37 2200.74
74990 1189.37 2200.74
74991 2112.47 2326.29
74992 2112.47 2326.29
74993 957.357 2407.77
74994 2199.35 2185.73
74995 2182.39 2544.06
74996 3658.42 1358.8
74997 2066.84 2038.95
74998 2369.46 2550.21
74999 3143.41 1948.43
75000 4965.64 1700.16
75001 1453.7 2383.38
75002 3743.26 1452.72
75003 400.227 2828.61
75004 1445.81 2077.34
75005 3531.09 1330.1
75006 1952.44 2057.93
75007 2261.89 1540.66
75008 3559.84 2134.82
75009 1559.23 2153.04
75010 1559.23 2153.04
75011 108.98 2274.13
75012 3680.87 1379.59
75013 2277.27 1542.29
75014 2523.22 2016.18
75015 1662 1477.87
75016 567.785 2945.94
75017 511.8 2440.78
75018 23.2871 2602.83
75019 199.189 2283.54
75020 2793.86 2128.23
75021 2549.88 2550.81
75022 2234.01 2034.6
75023 1636.93 1507.23
75024 2364.12 2153.11
75025 1407.35 2374.27
75026 2132.1 1427.8
75027 307.469 3019.25
75028 4240.16 2327.62
75029 1856.46 2030.57
75030 4793.91 1746.48
75031 1368.75 2135.24
75032 2970.42 1540.26
75033 1501.84 2365.58
75034 2183.46 1535.2
75035 2208.01 1444.89
75036 1416.8 2802.92
75037 2793.29 2057.26
75038 67.3168 2478.7
75039 2651.66 1580.34
75040 3482.02 1965.24
75041 3619.18 2459.45
75042 2540.81 1554.99
75043 -3.84435 2550.26
75044 2186.22 2152.74
75045 2539.25 1490.96
75046 1853.84 2669.23
75047 1853.84 2669.23
75048 1471.73 2383.35
75049 99.0058 2960.07
75050 1439.94 2794.79
75051 20.6165 2665.74
75052 490.634 2798.64
75053 1606.87 2392.64
75054 201.269 1376.75
75055 2303.57 2585.53
75056 1419.84 2396.69
75057 1205.94 2740.49
75058 4911.45 1738.12
75059 3587.88 2058.94
75060 3609.23 2072.79
75061 1293.38 2782.11
75062 84.6386 1864.87
75063 3410.36 1240.84
75064 930.095 2757.4
75065 184.883 1513.4
75066 3353.4 1675.59
75067 341.602 2687.37
75068 75.3093 1854.64
75069 20.8968 2481.37
75070 173.328 2705.23
75071 -3.21692 2111.87
75072 286.28 2976.03
75073 1542.96 2720.21
75074 296.887 2823.37
75075 1634.06 2769.41
75076 1634.06 2769.41
75077 1410.59 2138.9
75078 3419.78 1725.45
75079 3579.61 1356.74
75080 4876.28 1703.39
75081 4882.31 1613.88
75082 266.731 2998.49
75083 4311.58 1902.26
75084 248.147 2553.26
75085 1670.01 2325.18
75086 928.755 2476.83
75087 97.5644 1817.47
75088 188.008 1379.79
75089 3340.62 1983.34
75090 81.0448 3376.58
75091 999.646 2765.57
75092 2453.49 2068.91
75093 3136.59 1870.91
75094 2638.04 1488.33
75095 980.245 2796.47
75096 3047.49 2127.28
75097 353.665 1527.72
75098 1515.99 1633.07
75099 1430.72 1651.7
75100 224.436 2637.54
75101 3341.98 1959.59
75102 3342.08 1959.61
75103 479.912 1341.98
75104 479.912 1341.98
75105 3197.15 1369.03
75106 3134.23 1431.81
75107 13.0003 2457.13
75108 3667.42 1346.99
75109 3693.24 1445.65
75110 2511.12 2043.66
75111 4052.51 2193.08
75112 2498.14 1608.19
75113 3019.58 1888.45
75114 1069.45 2476.73
75115 2346.19 2099.45
75116 2208.98 1551.62
75117 153.411 1775.18
75118 1971.27 1988.95
75119 3702.92 1442.22
75120 3702.92 1442.22
75121 371.547 1540.71
75122 3636.98 1453.54
75123 340.313 2251.39
75124 3369.84 2050.61
75125 1237.67 2450.8
75126 1136.23 2200.94
75127 4857.81 1692.84
75128 113.814 1685.57
75129 2259.21 2141.41
75130 3124.68 1645.15
75131 1726.02 2646.36
75132 3961.55 2265.45
75133 1719.13 2142.16
75134 2593.54 1536.41
75135 1322.35 2733.48
75136 1322.35 2733.48
75137 11.0207 2492.02
75138 1462.8 2401.29
75139 55.0289 2583.05
75140 2403.01 1564.82
75141 135.919 1663.18
75142 194.612 1645.56
75143 123.513 2523.51
75144 3366.4 2060.09
75145 3370.73 2039.61
75146 2135.53 2130.43
75147 22.2519 2904.92
75148 4204.75 2281.27
75149 4205.55 2281.49
75150 3292.43 1508.82
75151 1806.76 2032.1
75152 2115.26 2055.22
75153 624.908 1696.25
75154 165.435 1812.57
75155 8.7242 2415.86
75156 1042.68 2388.04
75157 4294.42 1554.48
75158 64.2123 1974.55
75159 258.89 1583.16
75160 362.767 1641.03
75161 4045.05 2254.57
75162 1791.76 2110.2
75163 3417.47 1627.3
75164 3758.05 1740.72
75165 72.7254 1515.13
75166 1192.95 2118.46
75167 44.5401 2876.17
75168 2644.95 2178.55
75169 1409.49 2219.73
75170 3587.95 2040.37
75171 2520.84 1567.52
75172 4683.27 1791.31
75173 2330.42 1555.51
75174 2086.65 2068.96
75175 1990.45 2099.81
75176 -6.4751 2064.36
75177 697.048 2529.13
75178 2295.48 1563.18
75179 1870.74 2345.52
75180 3056.89 1704.12
75181 2920.34 2451.11
75182 192.619 2210.02
75183 1538.21 2405.27
75184 90.7931 2649.86
75185 53.6336 2643.77
75186 4263.57 2106.03
75187 377.053 2138.13
75188 377.053 2138.13
75189 4127.93 1488.59
75190 742.558 2171.86
75191 354.297 1582.8
75192 357.975 2235.01
75193 3037.58 1814.57
75194 614.128 1708.97
75195 2873.02 2070.86
75196 1411.69 1713.02
75197 2417.93 1310.85
75198 3754.92 2137.69
75199 2869.03 1766.57
75200 203.273 1960.99
75201 480.774 1709.7
75202 1288.47 1980.34
75203 454.955 2747.24
75204 3261.19 1718.59
75205 4258.63 2081.68
75206 564.432 1486.87
75207 132.49 3194.82
75208 2355.61 1885.34
75209 1067.59 2750.03
75210 569.585 2151.61
75211 2647.71 1808.35
75212 3669.63 1400.89
75213 1552.02 2028.75
75214 2501.14 1640.8
75215 443.541 1494.15
75216 700.492 1711.64
75217 3210.42 1202.01
75218 2597.39 1600.46
75219 1832.35 1457.69
75220 2215.21 1583.18
75221 2399.33 1863.81
75222 3476.83 2038.25
75223 3093.31 1394.18
75224 3142.98 1792.98
75225 1461.28 2225.22
75226 265.311 2755.65
75227 450.605 1975.46
75228 1736.85 1473.38
75229 1825.04 2019.54
75230 159.737 2241.35
75231 3279.03 1599.48
75232 2534.26 1907.65
75233 1847.34 2003.09
75234 3124.77 1130.45
75235 531.918 1531.22
75236 818.376 2171.96
75237 3215.3 1854.28
75238 193.473 1805.92
75239 325.317 2715.1
75240 722.058 1665.9
75241 2610.08 2511.64
75242 2743.1 1933.4
75243 461.611 2058.78
75244 3316.6 1690.28
75245 88.6 3118.38
75246 501.136 2091.84
75247 5055.92 1550.81
75248 3134.2 2160.98
75249 2407.14 1463.2
75250 38.96 3367.47
75251 2159.68 1767.46
75252 579.218 2187.95
75253 3312.79 1830.59
75254 1365.56 1659.16
75255 279.25 2580.73
75256 2069.93 1833.98
75257 3213.62 1543.38
75258 2455.56 1783.06
75259 3632.48 1323.24
75260 2008.01 2110.8
75261 426.548 2204.94
75262 480.419 1744.91
75263 2462 2560.7
75264 3595.99 1733.98
75265 3595.99 1733.98
75266 1294.88 1676.3
75267 2403.15 1331.15
75268 64.869 3240.32
75269 3608.14 1337.1
75270 3608.14 1337.1
75271 312.646 2670.18
75272 2834.16 1892.77
75273 2400.49 1862.22
75274 254.022 2099.19
75275 911.167 2137.75
75276 405.612 2141.19
75277 3958.26 1541.95
75278 2836.42 2154.65
75279 3285.87 1113.39
75280 2832.11 2440.46
75281 3606.15 2123.62
75282 65.6514 2204.63
75283 66.5707 2204.47
75284 3327.56 1418.74
75285 2716.09 1843.8
75286 1816.86 1346
75287 3335.55 1944.57
75288 3821.09 1691.5
75289 276.278 2674.86
75290 275.413 2675.23
75291 1412.88 2755.56
75292 476.52 1443.02
75293 4256.24 2047.86
75294 1947.16 2601.85
75295 372.19 1970.22
75296 3417.03 1558.29
75297 3303.48 1333.08
75298 271.238 2013.64
75299 1748.7 1339.24
75300 2460.27 1310.87
75301 274.075 1821.1
75302 2217.93 2590.34
75303 824.72 1671.73
75304 3004.96 1446.88
75305 1725.59 1341.99
75306 3556.97 1533.37
75307 3943.58 1521.84
75308 671.478 1562.78
75309 4597.09 1668.59
75310 493.26 2194.81
75311 3380.91 1653.51
75312 944.482 1707.28
75313 1733.55 2727.06
75314 -20.0655 2007.77
75315 -19.5028 2007.89
75316 3533.33 1933.82
75317 3533.14 1933.79
75318 3506.32 2248.37
75319 3506.32 2248.37
75320 5009.21 1532.8
75321 2867.74 2115.28
75322 2867.74 2115.28
75323 563.335 1946.51
75324 2823.43 1473.91
75325 1634.37 2001.16
75326 2569.64 1351.55
75327 4305.01 2226.81
75328 1237.2 1947.16
75329 2970.36 2128.35
75330 2026.94 2529.3
75331 4036.22 1569.18
75332 2851.64 1782.94
75333 2384.67 1452.44
75334 2708.8 2164.49
75335 917.546 1910.37
75336 683.65 2219.89
75337 124.08 2285.61
75338 3326.11 1400.54
75339 2641.9 1322.75
75340 5000.37 1498.64
75341 2969.69 1810.93
75342 1479.25 1836.32
75343 1131.99 1924
75344 2307.43 2128.85
75345 4296.91 1529.31
75346 2416.39 2011.96
75347 1741.1 1524.97
75348 1764.82 2723.92
75349 1764.82 2723.92
75350 2570.03 1457.55
75351 3351.21 1792.87
75352 2826.01 2190.46
75353 442.569 2790.2
75354 3223.49 1526.38
75355 781.924 2217.45
75356 1730.72 1491.62
75357 3514.68 1963.87
75358 3333.81 1805.18
75359 3881.91 1383.65
75360 2609.21 1460.65
75361 1687.43 1463.92
75362 1687.43 1463.92
75363 1513.23 1364.3
75364 899.124 1889.96
75365 1579.99 1470.1
75366 3165.6 2156.51
75367 561.6 1929.16
75368 2520.29 1372.02
75369 3894.74 1902.64
75370 137.161 2236.4
75371 137.161 2236.4
75372 2920.15 1250.75
75373 2282.71 2582
75374 3846.7 1540.95
75375 1980.23 1974.58
75376 3792.06 1302.98
75377 2777.2 1506.74
75378 2534.72 1529.85
75379 25.7167 2226.58
75380 1623.62 1388.84
75381 2590.74 2438.54
75382 453.145 1433.97
75383 2017.24 2594.6
75384 993.522 2190.48
75385 3517.38 2088.39
75386 4222.43 1850.87
75387 2952.76 1702.24
75388 990.407 2784.51
75389 1601.52 1697.44
75390 3356.12 1896.78
75391 4206.1 1825.31
75392 4245.32 2206.99
75393 1385.44 2223.38
75394 243.149 1906.95
75395 3295.96 1413.17
75396 954.241 1646.99
75397 1952.02 1510.97
75398 3696.12 1360.39
75399 917.518 1927.1
75400 3428.1 1615.37
75401 2471.41 2469.43
75402 125.573 3388.15
75403 4468.61 1679.25
75404 2727.15 2483.61
75405 862.611 2199.27
75406 603.489 1927.71
75407 1565.64 1464.81
75408 2665.1 2494.15
75409 3316.53 1935.49
75410 3625.28 1461.65
75411 3141.07 1118.85
75412 3221 1359.65
75413 341.732 1744.02
75414 53.4538 2265.68
75415 1652.41 1505.69
75416 1756.45 1914.67
75417 3740.07 2078.44
75418 3764.95 1378.03
75419 3765.33 1377.89
75420 3204.12 1218.52
75421 4475.67 1710.09
75422 362.655 1620.81
75423 3578.24 1631.51
75424 3408.9 1207.56
75425 4896.76 1529.84
75426 3092.05 1467.78
75427 3552.7 1610.48
75428 2839.28 1204.27
75429 2643.71 1944.08
75430 426.923 2119.11
75431 1821.95 1848.75
75432 3403.93 1702.37
75433 2893.94 1396.87
75434 503.57 1494.29
75435 436.961 1426.54
75436 4906.53 1654.61
75437 1723.48 1472.84
75438 2452.6 1891.77
75439 1882.6 2502.6
75440 114.876 2610.14
75441 2632.3 2521.25
75442 1456.38 1441.47
75443 454.986 2712.88
75444 2187.74 2531.05
75445 2784.87 1357.65
75446 107.538 2175.55
75447 2747.56 1855.55
75448 202.028 2047.85
75449 3254.1 1490.46
75450 4840.18 1640.53
75451 3210.35 1909.88
75452 153.982 2535.88
75453 543.194 1656.73
75454 1287.4 2149.62
75455 1760.27 1455.23
75456 3509.42 1743.68
75457 3396.86 1244.64
75458 4567.25 1780.7
75459 1053.1 1896.4
75460 3148.46 1173.65
75461 892.679 1915.84
75462 2062.92 2513.98
75463 1846.23 1447.3
75464 466.59 1382.85
75465 3803.01 1478.88
75466 550.174 2562.04
75467 291.053 1893.92
75468 1728.19 1356.05
75469 4188.1 1912.67
75470 3521.42 1842.02
75471 4864.62 1727.93
75472 350.662 2016.49
75473 1449.03 1648.1
75474 535.384 1749.63
75475 2808.27 1716.31
75476 3885.36 1467.81
75477 1567.74 1423.42
75478 479.413 1456.65
75479 1528.13 1489.56
75480 498.38 2020.15
75481 1228.34 2001.16
75482 3170.9 1472.11
75483 3643.07 1800.62
75484 1452.65 1663.27
75485 975.479 2137.98
75486 4046.95 1781.2
75487 4292.39 2023.31
75488 904.913 1958.33
75489 2083.63 1546.62
75490 1690.36 1523.72
75491 2628.53 2441.5
75492 2194.65 1958.66
75493 2022.15 1460.88
75494 1550.18 2063.4
75495 2460.32 1391.84
75496 2460.32 1391.84
75497 4588.44 1627.25
75498 746.6 1671.69
75499 3357.94 1585.38
75500 3357.94 1585.38
75501 413.474 2232.02
75502 413.474 2232.02
75503 4826.47 1566.55
75504 2276.6 1229.79
75505 1908.73 2608.99
75506 1784.72 1345.24
75507 177.41 2209.3
75508 388.26 1959.67
75509 3575.08 1993.98
75510 3575.08 1993.98
75511 2607.95 1329.12
75512 2607.95 1329.12
75513 155.272 2018.09
75514 2712.26 2482.93
75515 3619.59 1777.41
75516 479.734 2185.06
75517 3244.02 1479.22
75518 354.239 2286.53
75519 61.0368 2535.15
75520 254.945 1648.51
75521 3217.5 1499.08
75522 1283.42 2100.21
75523 3351.76 1776.62
75524 3500.26 1816.56
75525 3500.1 1816.56
75526 3141.65 1448.94
75527 576.528 1506.12
75528 568.129 2770.06
75529 153.925 2280.74
75530 900.575 2792.9
75531 3405.72 1970.19
75532 2191.27 1861.78
75533 459.052 1263.38
75534 1795.87 1588.34
75535 3953.78 1406.57
75536 1617.53 1331.95
75537 3716.73 1780.56
75538 3716.73 1780.56
75539 2716.15 1374.97
75540 1639.24 1415.79
75541 1662.17 1917.47
75542 3649.95 1708.38
75543 4063.75 2242.67
75544 4064.4 2242.85
75545 966.219 1892.53
75546 3200 1487.56
75547 3200 1487.56
75548 1142.19 1876.38
75549 1566.47 1516.2
75550 2170.46 2550.03
75551 3556.56 1765.81
75552 4267.21 1944.51
75553 2707.8 1896.97
75554 2707.8 1896.97
75555 4720.95 1544.61
75556 4151.87 1965.02
75557 2133.2 1488.2
75558 2133.19 1488.19
75559 3687.72 1344.19
75560 206.013 3274.22
75561 2771.77 2471.98
75562 2067.27 1387.39
75563 2067.27 1387.39
75564 3937.79 1795.32
75565 1256.56 2097.13
75566 1256.56 2097.13
75567 4271.06 1918.27
75568 278.159 2705.73
75569 715.402 1899.59
75570 2254.53 2497.37
75571 3408.66 1257.17
75572 124.231 2654.54
75573 4052.57 1825.04
75574 1114.15 2158.1
75575 3683.03 1988.53
75576 3318.04 1573.95
75577 651.819 1925.57
75578 32.0763 1940.61
75579 671.72 1723.07
75580 3407.94 1653.72
75581 3995.48 1568.01
75582 1182.97 2778.28
75583 2716.87 1612.84
75584 1276 2059.51
75585 3193.21 1285.01
75586 2754.19 1840.58
75587 3199.72 1273.69
75588 1469.04 1450.21
75589 2243.77 1265.37
75590 2097.79 2551.86
75591 2467.62 1866.99
75592 2368.74 2546.36
75593 3249.94 1371.52
75594 2489.69 1848.03
75595 984.346 2121.66
75596 453.348 2147.96
75597 3460.44 1810.09
75598 1369.5 1387.85
75599 2673.9 1610.52
75600 3477.48 1855.17
75601 3081.41 1763.64
75602 1508.24 1478.72
75603 542.592 1487.48
75604 541.815 1487.34
75605 4022.33 1564.21
75606 66.4128 2478.97
75607 1608.97 1365.13
75608 25.4373 2463.82
75609 465.833 1510.72
75610 3216.57 1354.8
75611 3216.57 1354.8
75612 3490.23 2244.54
75613 3729.71 1443.56
75614 3259.82 1311.19
75615 3259.82 1311.19
75616 3559.25 1782.49
75617 3559.25 1782.49
75618 1603.99 2077.51
75619 4611.53 1680.9
75620 4610.32 1680.98
75621 107.618 3339.91
75622 1442.44 1605.2
75623 2639.7 1809.58
75624 458.082 1651.62
75625 2222.28 2470.65
75626 4882.19 1538.86
75627 4828.15 1580.89
75628 4279.09 1940
75629 3830.32 1492.34
75630 3668.44 1678.58
75631 3356.75 1730.83
75632 2873.44 2465.45
75633 4411.24 1814.48
75634 3364.46 1508.58
75635 2389.71 1568.68
75636 5074.64 1562.09
75637 357.362 2028.56
75638 1313.96 1905.64
75639 2811.55 918.809
75640 3372.59 1800.15
75641 4781.83 1523.85
75642 2321.07 1593.36
75643 1776.32 1320.02
75644 1410.54 2074.55
75645 3358.77 1565.89
75646 3358.77 1565.89
75647 3296.52 1306.91
75648 1118.43 2067.25
75649 322.319 1719.47
75650 1125.57 2024.42
75651 1125.57 2024.42
75652 3501.69 1768.08
75653 4250.84 2250.99
75654 257.084 2737.05
75655 159.785 2480.99
75656 1564.31 2753.33
75657 523.657 1362.89
75658 2274.17 1980.07
75659 1905.12 1495.47
75660 3336.61 1785.58
75661 3849.48 2232.62
75662 3841.27 1888.04
75663 107.201 2636.91
75664 3323.58 1558.25
75665 3323.58 1558.25
75666 3891.89 1490.28
75667 3518.57 1217.3
75668 1795.42 2338.45
75669 275.216 2144.25
75670 2270.25 1265.18
75671 3093.78 1931.6
75672 2026.86 1773.52
75673 2814.02 2418.62
75674 3648.66 1723.66
75675 794.446 1985.59
75676 1390.52 1631.46
75677 665.974 1937.77
75678 3426.07 1704.54
75679 2182.35 2544.15
75680 133.106 2255.21
75681 133.106 2255.21
75682 3581.48 1867.9
75683 358.026 2689.3
75684 3846.43 1901.2
75685 2047.83 1546.49
75686 3597.16 1294.56
75687 3652.82 1307.75
75688 1189.93 1959.14
75689 3372.36 1971.29
75690 1593.96 2743
75691 1205.92 1946.49
75692 1167.37 2775.08
75693 2446.4 1352.46
75694 1987.82 1987.45
75695 3293.2 1321.56
75696 3534.73 1881.99
75697 4502.25 1534.75
75698 110.379 2624.07
75699 110.379 2624.07
75700 3577.16 1600.05
75701 2008.29 2017.14
75702 3153.67 2374.03
75703 3004.37 2010.61
75704 2262.34 1605.79
75705 3712.94 1766.03
75706 234.593 1846.35
75707 1597.36 2665.84
75708 403.331 1879.76
75709 3892.61 1831.27
75710 1929.51 2628.08
75711 635.524 1963.43
75712 425.133 1521.6
75713 1845.88 2523.2
75714 1845.88 2523.2
75715 585.484 1754.93
75716 4846.65 1692.2
75717 4826.98 1650.18
75718 551.852 2811.46
75719 1963.1 2625.42
75720 1121.91 1872.57
75721 2720.37 1480.51
75722 547.578 1968.62
75723 4049.54 2234.38
75724 4049.54 2234.38
75725 780.695 1983.45
75726 2525.08 1466.03
75727 379.783 2031.3
75728 566.185 2001.37
75729 3763.66 1829.16
75730 2585.66 2466.22
75731 3965.8 1889.78
75732 3612.52 1259.44
75733 477.044 1505.75
75734 490.003 1527.13
75735 2305.33 1591.23
75736 2699.05 1396.29
75737 3487.23 1717.3
75738 2129.11 2494.6
75739 1681.09 1788.1
75740 2680.75 1808.41
75741 304.945 2164.47
75742 3101.62 1879.53
75743 2284.31 1253.89
75744 3650.11 1770.68
75745 3605.18 1519.44
75746 1751.91 1503.77
75747 3155 1228.44
75748 1734.46 1329.85
75749 4837.03 1548.25
75750 2940.16 1567.87
75751 642.811 2013.92
75752 642.811 2013.92
75753 1470.61 1394.39
75754 3211.3 1478.27
75755 248.221 2237.99
75756 4319.3 2216.06
75757 3446.26 1213.04
75758 1588.34 2117.92
75759 378.162 2730.34
75760 373.522 2152.5
75761 3235.17 1207.29
75762 3314.01 1841.86
75763 2226.08 1984.39
75764 1004.96 2795.64
75765 385.353 1612.19
75766 1547.73 2038.22
75767 3419.73 1875.72
75768 395.921 1256.72
75769 395.921 1256.72
75770 241.016 2667.82
75771 2225.28 1941.8
75772 1503.82 1351.85
75773 5087.33 1617.19
75774 1920.95 1876.23
75775 3722.01 1845.57
75776 267.051 1620.54
75777 3558.67 1331.01
75778 431.269 1464.34
75779 5068.17 1670.67
75780 2242.68 1292.38
75781 792.922 1959.67
75782 3591.48 1656.56
75783 837.007 2569.89
75784 2282.08 1837.54
75785 2853.22 2468.79
75786 3381.55 1875.19
75787 4761.79 1730.34
75788 4948.58 1622.14
75789 2213.95 1512.5
75790 2478.94 2053.97
75791 1915.92 1501.09
75792 2476.51 1344.19
75793 3263.57 1476.22
75794 635.962 2025.57
75795 1453.51 1616.47
75796 334.272 1806.49
75797 3059.46 2407.73
75798 3411.9 1682.6
75799 3267.22 1695.26
75800 1868.06 1783.21
75801 3298.44 1132.22
75802 2377.23 1791.49
75803 2733.22 1576.37
75804 2538.04 2531.96
75805 4995.84 1544.98
75806 2172.41 1436.77
75807 2168.23 1984.14
75808 253.887 2758.11
75809 629.798 2219.61
75810 3853.9 1857.34
75811 2611.82 1349.19
75812 4867.75 1568.01
75813 508.941 1507.12
75814 1697.25 1475.18
75815 4150.82 2176.67
75816 3716.46 1749.54
75817 601.939 1982.59
75818 601.939 1982.59
75819 4150.81 2126.93
75820 121.891 2298.55
75821 490.958 2177.34
75822 906.027 1526.49
75823 4593.43 1785.77
75824 3024.74 1703.97
75825 681.673 2066.9
75826 1560.97 2101.11
75827 3294.56 1154.86
75828 1884.95 1443.47
75829 3462.56 1830.63
75830 3462.56 1830.63
75831 2730.96 1881.32
75832 351.468 1581.79
75833 2643.32 2441.22
75834 4248.17 2225.97
75835 3231.41 1285.32
75836 4268.9 2015.46
75837 1161.14 2075.51
75838 2311.31 2551.29
75839 531.545 1520.42
75840 2557.61 1488.76
75841 2847.15 2438.92
75842 1125.18 2796.97
75843 3821.68 1755.99
75844 4244.31 1922.15
75845 2247.17 2566.29
75846 1661.58 1451.42
75847 2765.51 1471.65
75848 879.06 1625.45
75849 1911.86 2003.64
75850 4960.38 1558.05
75851 1889.24 1545.28
75852 2263.06 2547.97
75853 3975.08 1490.23
75854 4188.13 2121.22
75855 2014.93 1558.12
75856 4602.38 1985.38
75857 3383.02 1789.56
75858 3648.08 1655.42
75859 2241.07 1517.6
75860 3204.83 1968.52
75861 2814.6 1495.67
75862 1698.64 2737.01
75863 3716.2 1345.54
75864 2012.37 2504.38
75865 517.847 1521.15
75866 2343.64 1319.45
75867 2079.22 1488.8
75868 118.4 1964.31
75869 3750.51 1641.26
75870 2288.29 1308.68
75871 2906.78 2426.32
75872 2655.19 1465.09
75873 4078.58 1543.2
75874 447.607 1686.2
75875 2816.86 2580.1
75876 3489.42 1692.08
75877 1210.3 2772.33
75878 3419.49 1792.8
75879 2212.23 2097.37
75880 1025.7 1966.63
75881 1740.4 1468
75882 0.829023 2003.36
75883 2049.49 1973.16
75884 1213.79 1875.37
75885 347.082 2709.14
75886 4083.98 2149.75
75887 2565.14 1327.42
75888 2811.01 1350.31
75889 237.428 2513.95
75890 2503.97 1340
75891 719.856 1937.93
75892 3398.14 1796.19
75893 1026.08 2021.96
75894 815.708 1655.99
75895 3564.89 1986.9
75896 1500.54 1711.36
75897 3345.44 1459.22
75898 136.42 2565.85
75899 3584.62 1720.14
75900 2867.09 1510.49
75901 5075.56 1650.71
75902 1917.14 1486.68
75903 2767.99 1363.8
75904 3547.36 1947.73
75905 1968.3 2606.01
75906 3318.36 1960.87
75907 243.578 1920.81
75908 382.465 2631.33
75909 295.903 1836.25
75910 2316.47 1975.54
75911 2060.22 1561.18
75912 2060.22 1561.18
75913 -0.12791 2040.11
75914 3936.49 2035.28
75915 2667.33 1314.54
75916 3516.32 1800.74
75917 3845.44 1807.43
75918 542.86 1342.22
75919 2915.8 1454.03
75920 3229.85 1307.49
75921 4152.65 1602.86
75922 1661.4 2647.93
75923 473.959 1298.14
75924 3870.75 1456.87
75925 4800.75 1548.51
75926 2694.33 2423.35
75927 1945.84 1561.83
75928 1692.67 1802.82
75929 332.907 2039.6
75930 332.041 2039.69
75931 438.505 2169.75
75932 1958.9 1469.42
75933 3407.91 1295.43
75934 1145.97 1903.27
75935 2003.77 1526.3
75936 2359.48 1460.89
75937 3153.72 1378.5
75938 1923.82 1804.34
75939 1767.93 2124.6
75940 3389.03 1672.19
75941 654.48 2000.89
75942 2045.8 1560.49
75943 2330.18 1251.87
75944 1759.87 2113.47
75945 256.768 2116.42
75946 3120.3 2174.12
75947 318.822 2076.48
75948 1186.17 2166.3
75949 2142.21 2070.64
75950 101.436 2261.93
75951 3498.12 1828.79
75952 890.849 2759.41
75953 5090.19 1521.17
75954 5090.19 1521.17
75955 2630.72 1795.16
75956 3303.93 1374.57
75957 582.31 2053.3
75958 1707.26 2528.39
75959 3718.86 1449.25
75960 2021.63 1528.34
75961 3312.77 1914.32
75962 299.616 1779.22
75963 861.24 1954.21
75964 375.086 1985.94
75965 2018.57 1878.67
75966 3828.75 1514.63
75967 3903.11 1842.5
75968 3926.86 1902.4
75969 3209.14 1327.17
75970 4880.07 1515.4
75971 806.269 1720.79
75972 1893.51 1564.62
75973 2547.56 2001.07
75974 384.994 2206.6
75975 2511.5 1325.31
75976 3381.8 1730.57
75977 519.902 1742.05
75978 697.375 2785.84
75979 157.7 2220.92
75980 3398.41 1267.4
75981 1630.02 1323.32
75982 3731.67 1695.8
75983 1142.65 2799.65
75984 1142.65 2799.65
75985 3436.37 1790.89
75986 2426.13 1304.2
75987 4214.76 1959.73
75988 2838.96 1470.47
75989 2700.48 1471.12
75990 1987.91 2492.55
75991 342.039 2030.99
75992 1690.18 1315.81
75993 3020.82 1522.41
75994 4033.57 2056.19
75995 3102.86 1788.31
75996 271.271 2131.04
75997 1803.3 1453.26
75998 3173.35 1961.79
75999 3676.91 2003
76000 4911.19 1679.22
76001 4083.09 1930.06
76002 2111.01 1818.79
76003 2039.69 2118.07
76004 2281.11 1858.56
76005 3336.27 1631
76006 420.356 1406.9
76007 3979.9 1522.4
76008 48.239 2551.71
76009 3794.11 1380.41
76010 2817.08 1726.17
76011 1916.08 2089.14
76012 1581.72 1904.8
76013 2015.1 1953.11
76014 1490.58 1999.52
76015 673.302 1674.6
76016 4156.81 2203.16
76017 290.151 2347.34
76018 4575.24 1617.14
76019 400.227 2828.61
76020 206.338 1636.97
76021 1723.52 1437.24
76022 1723.52 1437.24
76023 124.996 2571.94
76024 3694.17 1811.27
76025 2949.32 1392.58
76026 3382.67 1406.57
76027 4971.16 1544
76028 1640.97 1494.75
76029 3754.48 1653.42
76030 2590.7 1315.62
76031 3144.03 1970.74
76032 713.268 1683.52
76033 1078.3 1880.96
76034 1830.18 2729.8
76035 2264.37 1299.88
76036 21.3919 2905.35
76037 585.977 2795.64
76038 3660.53 1781.1
76039 3660.53 1781.1
76040 1440.58 2015.14
76041 684.792 1563.88
76042 2603.28 1820.86
76043 1981.03 1404.53
76044 4259.32 2198.58
76045 3373.13 1884.84
76046 975.572 1871.81
76047 2804.38 904.353
76048 3251.13 1352
76049 279.677 1569.66
76050 2441.4 1338.51
76051 536.688 1434.91
76052 2458.19 1346.04
76053 346.15 2039.75
76054 731.293 1889.26
76055 657.974 1963.57
76056 657.974 1963.57
76057 4143.12 2091.69
76058 4286.44 1821.43
76059 4189.84 1934.2
76060 3778.61 1403.26
76061 1554.36 1455.35
76062 1330.28 1654.59
76063 3795.27 1804.79
76064 2579.98 1633.16
76065 2281.77 1573.3
76066 2197.68 1947.2
76067 518.984 1392.7
76068 3781.42 1808.17
76069 438.101 2766.92
76070 1980.03 1895.56
76071 3323.44 1458.37
76072 2728.56 1387.87
76073 2728.57 1387.85
76074 868.269 2768.6
76075 3310.57 1787.77
76076 531.142 1477.53
76077 531.142 1477.53
76078 4607.4 1946.18
76079 1960.71 2092.07
76080 2877.36 1718.44
76081 2624.09 1516.99
76082 4582.21 1780.91
76083 2516.2 1338.95
76084 2516.2 1338.93
76085 3154.15 1240.83
76086 3100.01 1273.84
76087 429.845 1999.42
76088 2967.14 1685.8
76089 428.482 2737.91
76090 3581.91 1259.44
76091 176.167 1962.02
76092 2750.83 2455.8
76093 2936.89 1465.44
76094 1826.66 1800.97
76095 3259.18 1557.62
76096 3259.18 1557.62
76097 3145.01 1388.49
76098 3145.01 1388.49
76099 291.609 2149.46
76100 1534.38 2103.3
76101 3578.18 1668.51
76102 2703.2 1385.73
76103 1309.19 2044.45
76104 1309.19 2044.45
76105 2185.42 1577.04
76106 1241.45 1926.6
76107 4218.07 2172.5
76108 297.672 1745.49
76109 3256 1619.64
76110 3531.76 1642.28
76111 3215.79 1313.12
76112 5048.58 1620.98
76113 1587.51 1339.7
76114 2451.55 1500.44
76115 1660.42 1470.71
76116 1660.42 1470.71
76117 3165.29 1234.01
76118 2290.76 1975.85
76119 3885.45 1928.73
76120 2603.07 1391.97
76121 2641.88 2419.71
76122 3574.73 1218.85
76123 3671.11 1849.86
76124 1364.08 1675.28
76125 3677.42 1338.88
76126 3041.34 2413.13
76127 3238.52 1430.14
76128 2371.1 2076.54
76129 4260.63 1896.71
76130 2763.43 1461.49
76131 3258.14 1340.44
76132 3258.14 1340.44
76133 3348.88 1644.3
76134 2036.14 1429.24
76135 3554.13 1266.39
76136 2286.97 2072.82
76137 484.598 1636.55
76138 138.876 2072.9
76139 4865.99 1551.17
76140 5037.41 1557.1
76141 3233.78 1383.95
76142 619.864 2016.6
76143 2848.4 1513.47
76144 3883.11 1802.76
76145 2370.15 1876.02
76146 3872.17 1786.88
76147 1518.68 1352.16
76148 3323.2 1755.53
76149 1485.28 1931.53
76150 4060.38 1806.14
76151 492.993 1423.73
76152 4843.73 1557.4
76153 155.014 2097.18
76154 445.31 2118.68
76155 445.31 2118.68
76156 819.754 1997.47
76157 1123.87 1660.63
76158 580.09 1490.18
76159 2799.61 1477.26
76160 3623.76 1757.64
76161 2037.02 2047.54
76162 3259.22 1121.69
76163 2505.93 1464.38
76164 1826.64 1866.82
76165 3409.98 1851.52
76166 2353.61 1328.74
76167 3265.25 1617.87
76168 3941.56 1871.2
76169 1184.93 1841.79
76170 2548.11 1471.68
76171 3997.06 1610.38
76172 2468.06 1474.81
76173 1168.27 2786.79
76174 3298.3 1480.47
76175 1609.18 1706.44
76176 4554.56 1709.92
76177 3870.42 1470.53
76178 3453.24 1858.62
76179 3859.03 1810.69
76180 2963.76 2412.4
76181 683.374 1994.17
76182 1502.73 2013.33
76183 4760.94 1580.23
76184 1883.96 1953.24
76185 372.733 1457.07
76186 371.882 1456.92
76187 2412.61 1444.44
76188 4195.99 1999.94
76189 571.803 2035.36
76190 3504.45 1755.03
76191 3950.82 1855.67
76192 2920.74 1464.44
76193 2756.26 1326.03
76194 3182.87 1426.57
76195 3248.91 1227.58
76196 2402.03 1240.53
76197 3830.68 1821.4
76198 443.132 1654.26
76199 2100.17 1811.13
76200 3826.38 1409.39
76201 1539.45 1405.27
76202 1428.11 1340.76
76203 4824.21 1498.39
76204 3146.02 1104.97
76205 1118.39 1881.94
76206 2030.43 2017.66
76207 1891.81 1421.5
76208 3248.96 1534.34
76209 3249.03 1534.3
76210 1893.84 1349.8
76211 3108.33 1739.5
76212 4922.72 1697.08
76213 1054.32 1867.81
76214 1646.19 1475.82
76215 5069.21 1523.57
76216 2523.92 1489.36
76217 2813.94 1566.15
76218 3367.23 1720.43
76219 3367.23 1720.43
76220 3888.9 1945.17
76221 264.995 2498.89
76222 3493.99 1994.51
76223 4234.88 1827.67
76224 2081.92 1990.69
76225 2013.31 1544.03
76226 3363.61 1864.71
76227 3363.61 1864.71
76228 621.786 1876.96
76229 3712.33 1824.62
76230 3632.97 1291.26
76231 495.77 2032.98
76232 495.77 2032.98
76233 4062.43 1431.77
76234 4480.92 1691.8
76235 2744.21 1480.77
76236 2744.22 1480.76
76237 1658.47 2002.66
76238 2624.37 1825.4
76239 148.674 2433.83
76240 239.716 1773.96
76241 652.257 2870.95
76242 601.364 1454.9
76243 2689.88 1493.44
76244 1809.22 1527.89
76245 3257.05 1299.04
76246 787.164 1903.85
76247 2509.55 1605.46
76248 3338.78 1670.97
76249 149.481 2473.86
76250 2742.87 1888.26
76251 2742.87 1888.26
76252 4291.71 2249.35
76253 1864.14 2728.26
76254 2653.09 1391.29
76255 4257.47 1995.4
76256 2658.07 1320.66
76257 1908.15 1815.68
76258 431.72 2822.19
76259 1647.86 2046.3
76260 922.944 1864.55 
