4 844.877 1435.04
8 2113.63 1744.16
11 662.838 1149.41
27 2907.08 1598.61
29 1501.27 1500.22
36 2385.83 1690.83
54 957.42 1129.92
61 2561.71 1677.19
90 1706.99 1504.94
94 2462.26 1702.74
96 1037.66 1385.09
120 646.922 1307.59
138 597.444 1288.48
190 3091.69 1577.33
197 1327.76 1643.1
222 3067.11 1471.68
231 2181.36 1738.3
232 2181.36 1738.3
246 862.088 1196.09
258 3113.66 1660.95
260 841.372 1379.28
264 1375.71 1502.62
266 1593.7 1500.84
267 1593.7 1500.84
274 2254.33 1686.26
288 987.622 1567.42
309 1875.41 1599.2
313 656.622 1400.3
329 3129.8 1734.09
332 1372.4 1653.15
336 970.112 1438.88
337 620.753 1346.97
355 694.123 1509.18
358 2624.8 1657.86
359 2624.8 1657.86
363 1017.64 1255.48
383 648.547 1517.94
411 991.81 1511.34
414 2755.06 1711.01
415 1581.51 1567.62
422 1679.67 1626.48
423 2656.95 1654.41
434 1032.67 1108.2
443 1769.18 1739.09
448 3112.75 1774.29
474 1528.2 1515.93
506 664.097 1584.25
511 1531.09 1827.31
519 803.102 1085.43
525 3086.32 1546.52
526 1223.86 1575.47
529 840.096 1409.53
540 1402.48 1535.84
545 626.876 1500.97
561 1075.91 1739.87
566 2510.76 1688.76
568 2080.64 1997.2
574 892.14 1401.22
576 2476.82 1746.3
578 1646.29 1493.53
595 1602.95 1459.4
596 2189.51 1707.54
598 756.307 1414.95
599 756.307 1414.95
612 1558.4 1628.22
619 1398.38 1659.92
635 1531.34 1611.16
644 3682.89 1796.41
664 2296.81 1629.57
665 2296.81 1629.57
673 1014.27 2097.8
674 3908.86 1665.83
682 1238.3 1464.27
683 1238.3 1464.27
684 916.899 1484.64
685 916.899 1484.64
691 1369.35 1587.13
707 2413.33 1694.1
754 875.726 1292.88
755 1096.24 1486.41
766 1109.78 1373.46
776 1160.33 1430.77
786 1188.46 1661.03
792 2290.52 1713.11
796 2411.39 1579.14
802 696.121 1439.1
809 1529.24 1639.14
831 1278.25 1643.3
838 1774.06 1632.15
857 637.085 1363.61
859 1016.53 1118.59
865 1689.36 1655.86
886 2265.27 1615.76
887 2265.26 1615.76
898 1807.14 1633.74
908 761.944 1382.47
915 910.272 1622.22
937 2751.68 1680.21
949 907.339 2691.43
957 644.908 1063.58
958 646.012 1064
963 2487.54 1584.65
966 922.171 1589.48
989 2870.59 1554.52
998 1718.54 1488.31
1023 1342.14 1463.03
1038 899.813 1544.96
1044 1092.62 1625.52
1050 730.871 1476.44
1053 2312.78 1651.98
1054 2312.78 1651.98
1060 1073.78 1621.46
1067 619.03 1288.97
1087 1179.73 1454.16
1090 2490.12 1718.1
1114 806.424 1848.55
1122 848.147 1125.14
1146 1416.41 1563.89
1147 1416.41 1563.89
1165 640.59 1226.31
1169 1550.11 1517.17
1182 3094.37 1981.31
1196 924.064 1128.67
1202 2558.23 1631.14
1204 1178.49 1431.34
1205 1178.49 1431.34
1229 694.612 1313.7
1242 3060.01 1921.1
1275 1591.32 1622.78
1281 2673.13 1683.81
1297 2556.85 1768.77
1306 738.472 1177.58
1314 1031.05 1343.94
1327 3081.96 1723.78
1328 1178.82 1407.54
1339 2372.19 1618.89
1342 3242.74 1571.55
1345 703.093 1216.84
1348 902.255 1088.6
1355 2272.71 1589.63
1358 951.439 1162.68
1374 1525.95 1740
1381 1173.36 1618.77
1385 718.719 1107.03
1386 836.439 1177.16
1387 836.439 1177.16
1392 1174.73 1595.45
1394 2385.19 1582.02
1410 2857.87 1717.81
1426 1095.22 1602.61
1427 1095.22 1602.61
1443 1114.91 1467.83
1456 810.873 1338.93
1469 923.405 1200.16
1478 2623.99 1722.92
1491 2939.49 1520.82
1493 2341.84 1772.34
1499 635.924 1167.12
1502 2892.29 1745.14
1512 745.742 1291.26
1515 1273.28 1470.15
1523 1402.94 1554.3
1524 2295.68 1750.65
1525 2295.67 1750.65
1542 987.3 1124.43
1552 879.455 1130.75
1559 1638.37 1733.59
1560 947.501 1080.99
1561 947.501 1080.99
1566 2871.94 1701.33
1574 1166.37 1552.56
1590 942.775 1194
1606 1017.01 1096.37
1608 750.222 1497.52
1617 1004.51 1088.05
1623 1756.22 1460.59
1630 1105.26 1633.23
1637 2167.71 1664.24
1641 1582.03 2133.35
1645 798.064 1567.41
1656 813.642 1387.17
1670 654.287 1480.69
1672 1248.42 1506.67
1673 735.226 1611.83
1739 1023.55 1413.23
1763 752.737 1216.54
1785 620.068 1589.35
1807 954.264 1200.18
1808 3093.4 1960.44
1815 3689.07 1824.16
1839 1636.59 1449.11
1842 964.096 1294.13
1843 966.294 1081.18
1855 775.036 1566.9
1870 1659.83 1483.73
1880 2168.81 1678.59
1881 2325.51 1679.54
1909 1103.2 1350.27
1912 4187.31 2109.39
1924 769.695 1537.02
1925 769.695 1537.02
1926 818.425 1181.18
1927 2263.81 1694.79
1932 1589.35 1736.59
1970 1006.42 1436.5
1982 1003.93 1452.71
1983 866.826 1114.99
2011 1765.85 1743.03
2012 1765.84 1743.03
2013 2693.56 1676.99
2024 791.286 1100.86
2025 1316.15 1667.12
2029 2351.98 1663.74
2035 1245.21 1687.12
2042 777.87 1521.18
2048 671.636 1458.67
2054 1622.79 1495.99
2057 2737.27 1635.83
2066 1766.08 1472.97
2087 1089.04 1535.76
2131 3264.87 1766.84
2138 1600.34 1562.11
2144 957.441 1125.11
2146 1560.02 1448.29
2148 848.548 1087.84
2152 1722.57 1588.84
2170 1260.69 1752.72
2176 984.078 1224.69
2189 869.332 1199.92
2190 869.332 1199.92
2200 892.063 1252.33
2202 1423.45 1593.38
2204 1451.29 1747.88
2207 2178.92 1605.05
2218 2215.23 1592.2
2226 1647.13 1536.99
2227 1323.44 2237.75
2231 672.088 1097.59
2238 871.098 1085.17
2264 2681.57 1754.48
2267 861.284 1229.95
2270 1684.99 1739.47
2291 2546.46 1785.57
2305 3671.75 1819.2
2326 1165.46 1535.95
2338 1173.37 1484.92
2351 1626.77 1482.19
2355 2877.49 1636.68
2356 1455.71 1512.87
2358 813.642 1387.17
2399 869.281 1265.6
2406 2182.27 1669.39
2407 2182.27 1669.39
2414 2372.25 1635.27
2420 2424.56 1564.03
2428 1435.59 1571.46
2430 733.745 428.019
2433 2104.65 1723.15
2438 1733.6 1677.89
2441 945.597 1284.41
2481 816.107 1212.86
2489 963.01 1272.38
2523 1098.22 1442.12
2527 2394.8 1673.69
2528 2394.8 1673.69
2531 2848.82 1745.07
2588 1204.07 1570.47
2590 1563.83 1525.16
2591 1563.83 1525.16
2594 2599.51 1652.44
2603 2488.11 1790.71
2611 2961.92 1751.25
2615 987.333 1262.38
2624 2500.48 1654.47
2629 1136.05 1559.78
2631 1016.67 1371.49
2635 1223.49 1717.74
2636 459.107 1542.07
2657 1179.56 1337.61
2673 2866.56 1730.12
2680 1753.02 1480.01
2701 2692.33 1557.02
2708 2065.85 1643.09
2713 2340.33 1654.86
2714 3595.89 1807.69
2720 2085.93 1645.26
2730 2659.06 1588.18
2744 902.295 1145.26
2764 1733.67 1578.88
2781 2766.93 1546.04
2795 717.525 1162.95
2814 1676.54 1686.49
2832 743.958 1562.9
2834 3220.7 1632.91
2845 1185.9 1581.17
2854 1007.42 1409.02
2868 746.539 2144.48
2891 1271.51 1574.29
2912 2148.01 1802.45
2923 1673.89 1534.41
2936 2333.67 1635.48
2950 962.671 1497.08
2958 633.627 1302.83
2959 1219.59 1633.77
2970 3080.44 1718.49
2979 2654.74 1678.77
2983 957.575 1407.64
3006 1096.51 1462.29
3008 1620.64 1641.58
3009 2369.1 1604.95
3029 768.458 1444.14
3036 2366.78 1769.97
3040 1540.4 1744.62
3044 698.895 1813.39
3045 2370.3 1703.01
3046 2370.3 1703.01
3048 1524.68 1476.56
3049 2466.3 1577.44
3067 1902.09 1738.62
3070 1646.09 1666.45
3084 2493.36 1599.38
3090 3279.05 1644.87
3093 2228.04 1765.48
3094 2228.04 1765.48
3126 1089.3 1674.5
3132 1182.76 1500.2
3139 1777.6 1713.41
3153 830.955 1617.7
3156 1516.17 1566.52
3159 3019.01 1457.3
3162 741.238 1098.29
3168 675.474 1620.28
3172 2599.26 1558.99
3173 2599.26 1558.99
3180 1538.72 1498.14
3187 2861.79 1754.73
3240 1163.38 1476.27
3244 928.922 1300.05
3245 1095.29 1556.68
3249 1267.87 1594.33
3251 952.263 1468.38
3255 735.576 1521.6
3258 800.678 1133.9
3259 2740.4 1699.11
3260 2288.05 1694.4
3263 1527.46 1550.72
3274 230.276 2027.91
3281 1111.41 1359.21
3293 1577.19 1685.36
3297 3269.61 1742.85
3312 1150.45 1588.62
3318 1705.04 1457.55
3331 654.232 1778.99
3341 1607.39 1489.52
3345 854.207 1554.09
3352 988.612 1277.07
3358 1431.13 1498.47
3374 1145.77 1377.39
3377 2128.38 1792.96
3384 2376.38 1762.11
3385 2376.38 1762.11
3388 716.752 1431.9
3411 3075.04 1696.74
3419 2518.01 1749.5
3427 1927.05 1728.1
3439 759.232 1486.28
3445 1688.88 1651.83
3452 936.894 1447.53
3453 936.894 1447.53
3464 1590.07 1571.68
3472 799.203 1277.63
3484 2119.52 1680.33
3485 2119.52 1680.33
3498 1194.53 1442.01
3526 1189.61 1389.73
3543 801.067 1223.45
3604 2713.1 1777.28
3610 1568.14 1646.66
3621 2892.73 1633.29
3625 703.706 1361.53
3626 703.706 1361.53
3672 878.316 1612.2
3673 1790.49 1618.58
3676 1669.44 1501.91
3681 2086.54 1633.51
3708 2654.49 1654.16
3709 2691.52 1786.4
3714 1542.25 1778.03
3722 1215.93 1505.77
3724 2511.67 1683.55
3727 959.77 1319.96
3731 986.453 1474.12
3751 744.515 1485.64
3754 1651.2 1501.43
3762 3740.32 1837.31
3765 868.405 1909.58
3774 2658.51 1763.31
3785 1556.87 1577.8
3788 3722.86 1833.25
3810 1748.94 1495.11
3818 1402.09 1640.22
3845 2184.94 1782.48
3852 1402.34 1676.55
3866 960.706 1633.73
3875 903.481 1244.72
3904 1714.32 1764.24
3905 855.397 1373.01
3911 3023.29 1478.78
3914 1560.45 1500.66
3915 838.791 1391.75
3916 2208.09 1628.8
3917 2208.09 1628.8
3923 649.333 1460.54
3926 1772.1 1555.93
3927 2919.39 1759.36
3939 2664.36 1597.98
3958 807.669 1427.42
3966 2283.92 1606.77
3974 1350.77 1598.56
4003 1571.78 1566.75
4025 1112.39 1710.48
4028 964.119 1469.16
4032 1789 1497.19
4047 1573.09 1765.27
4049 1185.08 1563.66
4078 1116.48 1579.06
4098 2532.94 1751.07
4104 1400.17 1751.38
4107 935.406 2183.46
4111 1709.08 2384.68
4131 1802.47 1647.41
4135 1695.19 1548.79
4147 3179.79 1984.65
4157 922.378 1622.39
4158 693.89 1460.28
4159 693.89 1460.28
4165 938.968 1352.38
4169 2634.61 1752.94
4172 1565.23 1668.23
4179 687.525 1628.45
4212 1005.92 1221.62
4213 1005.92 1221.62
4214 4591.71 1741.53
4229 883.56 1529.43
4235 828.556 426.823
4265 2355.96 1763.59
4266 2355.96 1763.59
4273 2636.26 1783.07
4277 2341.94 1613.27
4291 972.671 1445.72
4321 2793.25 1675.13
4343 2891.77 1712.68
4350 2419.46 1685.73
4365 1158.16 1633.75
4372 1446.01 1603.13
4396 1212.97 1607.93
4402 2427.75 1654.43
4406 1210.79 1658.1
4407 1210.53 1658.07
4411 1346.53 1714.01
4412 1346.53 1714.01
4423 1761.8 1619.66
4457 1192.99 1557.36
4458 599.242 1484.6
4466 800.921 1597.17
4476 2201.51 1767.36
4485 1003.97 1399.52
4486 1003.46 1399.39
4507 2388.66 2217.68
4508 2766.47 1861.23
4512 2497.56 1696.14
4524 1112.08 1651.33
4559 985.16 1379.02
4560 2265.8 1716.24
4582 1210.27 1668.22
4600 917.52 1513.26
4612 1386.41 1591.15
4619 580.557 1577.74
4623 3018.8 1468.86
4632 1070.21 1149.29
4664 3080.44 1718.49
4675 1148.64 1624.78
4703 2859.9 1544.16
4738 2735.79 1787.85
4761 2473.16 1802.29
4767 2152.54 1680.07
4897 1582 2020.33
4976 2826.87 1620.55
5002 1145.15 1411.78
5102 1466.61 1606
5114 1022.77 1225.85
5128 1090.18 1538.52
5137 3350.85 1698.48
5181 1029.9 1385.57
5338 3700.94 1817.33
5346 1574.55 1515.23
5442 1686.52 1479.42
5491 836.439 1177.16
5600 600.361 1634.11
5621 812.667 1102.49
5636 1259.38 1576.36
5732 637.439 1189.08
5770 2118.75 1736.83
5851 967.287 1197.37
5865 671.961 1293.86
5868 839.702 1480.39
5901 1401.59 1719.8
6028 744.13 2057.5
6163 2719.69 1551.68
6170 1356.1 1435.58
6399 1241.92 1533.31
6479 2213.95 1660.46
7037 1907.08 1831.5
9904 1051.87 2676.25
11175 1486.5 2220.1
11887 1095 1981.19
11974 927.657 2653.03
12541 1220.48 2350
13922 2928.54 1952.49
14669 1361.85 2429.44
14778 1446.4 1682.36
16025 2075.61 2261.13
16167 1191.07 2368.32
17026 2264.98 2188.59
17037 2361.55 2298.14
17041 4431.7 2062.49
17118 843.928 2731.61
17152 2160.04 2219.02
17177 1792.54 2393.55
17184 1670.21 2317.66
17211 2259.22 2276.45
17218 1799.59 2406.59
17265 686.535 2855.93
17271 1064.02 2799.93
17297 781.709 2815.86
17422 1113.16 2457.92
17443 1038.2 2585.32
17476 2919.94 2174.43
17496 1456.35 2422.42
17540 4422.13 2096.2
17561 1534.45 2231.53
17571 1710.38 2326.31
17583 2227.62 2233.26
17595 2220.13 2291.26
17604 1440.36 2364.7
17664 1173.47 2585.16
17715 1827.93 2350.35
17727 1163.49 2370.51
17729 2319.47 2207.49
17730 1837.59 2218.73
17742 756.551 2684.1
17783 693.55 2824.38
17800 1499.73 2212.74
17809 1471.47 2383.09
17832 1537.6 2307.27
17835 980.711 1161.82
17838 2959.98 2128.98
17861 3702.88 2105.31
17863 2256.44 2245.29
17879 679.311 2774.03
17884 1006.22 2812.79
17890 1247.96 2351.79
17893 2568.22 2265.21
17900 1560.19 2356.93
17906 1314.9 2263.32
17911 2415.45 2207.28
17912 3183.39 2181.86
17916 2412.33 2264.1
17928 2183.24 2253.64
17933 1682.54 2294.21
17935 663.26 2509.35
17942 1886.25 2401.62
17945 1631.03 2430.94
17947 1152.17 2557.08
17948 616.207 2641.71
17949 845.821 2665.93
17953 733.289 2562.26
17959 1039.36 2617.22
17970 3084.65 2241.22
17971 1277.67 2379.56
17990 2205.23 2203.23
17994 1709.79 2304.33
18019 2090.95 2160.41
18021 1021.61 2762.24
18022 1655.83 2422.89
18023 1655.9 2422.84
18031 791.754 2554.57
18033 1466.08 2445.62
18034 880.471 2864.6
18037 2942.32 2272.82
18043 1325.79 2536.18
18046 2772.59 2153.42
18058 1673.68 2258.21
18061 2500.59 2278.46
18065 2679.62 2229.12
18069 3030.17 2193.99
18081 1424.66 2384.91
18084 1256.7 2483.33
18089 1589.68 2324.9
18101 1251.2 2395.1
18105 1277.96 2555.65
18115 2276.13 2221.17
18131 694.037 2584.25
18148 799.823 2654.26
18156 2140.55 2302.53
18160 1705.44 2346.47
18165 907.339 2691.43
18166 2346.28 2238.74
18208 1767.57 2352.86
18209 1767.57 2352.86
18214 1016.73 2861.93
18216 547.404 2132.08
18219 2657.93 2243.07
18228 937.68 2898.43
18235 889.328 2881.3
18237 1004.71 2618.66
18244 1051.78 2658.33
18247 2157.81 2324.7
18248 2157.81 2324.7
18252 917.905 2900.83
18256 958.708 2727.91
18262 1452.76 2382.01
18268 2453.43 2168.31
18270 3034.38 2369.12
18272 2314.37 2266.95
18286 826.453 2733.86
18290 1788.17 2353.5
18292 1075.32 2791.65
18294 2224.02 2256
18295 2580.06 2281.28
18296 656.238 2541.6
18297 1019.98 2337.82
18307 1430.21 2261.79
18311 852.667 2591.05
18313 953.775 2455.92
18322 2350.68 2167.72
18326 717.307 2455.82
18334 2386.95 2255.3
18335 2386.95 2255.3
18337 2323.7 2276.01
18338 2323.71 2276.01
18339 928.18 2741.91
18344 1046.63 2632.28
18347 1470.28 2401.8
18356 907.819 2674.02
18364 1260.46 2584.76
18369 1506.02 2494.05
18371 775.824 2508.93
18376 1745.5 2427.6
18380 3305.98 2054.86
18394 2528.11 2279.16
18400 820.952 2589.6
18401 820.952 2589.6
18402 1742.42 2294.04
18409 2742.95 2162.73
18410 2742.95 2162.73
18423 1228.41 2580.57
18425 817.479 2711.99
18426 971.713 2752.7
18432 664.655 2816.82
18433 3387.02 2170.04
18435 1555.97 2307.3
18437 758.588 2645.32
18439 2942.62 2121.22
18452 892.539 2524.91
18460 1227.52 2458.33
18461 1227.85 2458.17
18474 1253.2 2438.26
18486 1714.01 2364.08
18490 1544.58 2356.57
18491 2347.48 2214.98
18498 711.421 2867.57
18510 2177.84 2304.55
18512 2113.62 2197.5
18513 2113.62 2197.5
18527 2735.6 2307.97
18530 767.253 2729.32
18531 1557.87 2462.54
18532 945.43 2801.32
18536 886.181 2870.15
18539 1214.36 2466.88
18540 2306.44 2317.39
18541 660.025 2555.21
18542 2269.96 2332.34
18543 701.187 2765.72
18559 654.858 2474.63
18560 655.919 2474.27
18562 1745.25 2326.86
18567 2537.59 2206.24
18571 883.503 2755.02
18573 1071.75 2774.48
18580 2495.83 2170.05
18593 623.484 2617.37
18600 2271.49 2159.44
18601 2271.49 2159.44
18606 1558.65 2329.92
18607 906.656 2655.38
18611 2504.36 2209.51
18620 1464.63 2290.98
18622 1459.92 2226.12
18633 1023.91 2496.46
18635 979.015 2772.32
18645 876.07 2574.82
18648 1124.34 2473.41
18667 1421.31 2249.23
18679 2594.31 2289.42
18682 1734.43 2252.8
18686 1385.82 2526.64
18692 945.164 2483.91
18696 938.471 2729.58
18704 3011.21 2114.97
18708 2081.78 2185.12
18713 4438.24 2086.33
18724 855.744 2805.62
18752 2446.29 2238.78
18756 945.448 2708.67
18770 3170.79 2215.25
18774 638.889 2491
18780 2238.1 2259.43
18781 1023.9 2693.45
18786 1652.12 2369.31
18787 834.655 2454.27
18788 1078.02 2803.46
18793 1470.65 2365.02
18802 2245.12 2227.95
18809 812.575 2633.81
18811 2256.25 2183.53
18812 1052.96 2794.57
18813 1087.4 2716.91
18816 1541.86 2407.97
18817 1781.83 2287.22
18820 856.907 2444.06
18826 862.587 2629.97
18835 814.276 2451.02
18840 790.278 2798.3
18841 856.448 2761.54
18844 1346.8 2432.89
18850 2766.6 2263.79
18854 675.92 2468.61
18857 617.647 1888.65
18858 702.238 2450.31
18859 706.188 2559.23
18860 2842.58 2216.47
18863 900.767 2786.91
18868 734.304 2799.77
18877 1806.66 2373.38
18878 1806.66 2373.38
18879 1595.27 2206.69
18892 1752.43 2410.22
18896 2926.67 2098.19
18897 1053.96 2732.21
18904 701.419 2608.71
18910 4389.9 1999.27
18914 741.906 2837.97
18915 1658.06 2212.74
18932 1239.5 2518.07
18936 1265.62 2425.53
18938 776.061 2523.91
18948 1719.47 2374.04
18949 1719.47 2374.04
18950 1340.44 2449.52
18954 1161.63 2297.16
18962 1011.11 2594.31
18977 748.637 2606.26
18986 1121.71 2439.43
18990 3294.49 2093.43
19003 1600.92 2382.15
19019 791.841 2621.46
19024 997.969 2773.73
19032 1646.73 2257.28
19036 1654.62 2359.39
19038 1062.76 2711.5
19046 1829.46 2304.45
19047 2100.5 2251.91
19049 1798.18 2337.65
19052 1814.21 2271.26
19059 1021.47 2575.18
19078 1738.59 2238.72
19082 643.73 2503.42
19083 643.73 2503.42
19089 1558.84 2269.17
19090 2602.32 2304.37
19091 2610.61 2119.92
19092 1129.68 2573.13
19093 1203.78 2553.52
19096 1724.94 2336.74
19102 1416.01 2298.36
19114 860.021 2580.09
19120 1829.72 2381.14
19121 3077.27 2195.7
19136 887.787 2457.83
19137 888.505 2457.56
19150 659.652 2501.75
19168 1208.55 2322.06
19169 1208.55 2322.06
19175 961.677 2598.57
19184 863.926 2468.57
19193 637.723 2473.38
19221 964.463 2561.9
19257 642.976 2463.5
19273 1084.81 2840.78
19277 1627.81 2275.5
19280 1838.57 2315
19309 1900.47 2369.9
19314 1097.64 2293.31
19334 2267.02 2235.5
19363 612.365 2637.43
19370 2741.08 2163.35
19371 2741.08 2163.35
19376 1270.09 2419.5
19383 1817.62 2228.67
19400 2144.53 2216.33
19405 636.187 2614.87
19406 3130.56 2276.33
19430 1260.88 2531.48
19445 2822.2 2152.45
19455 2090.98 2127.74
19460 4450.8 2011.88
19466 1740.94 2206.47
19476 1589.95 2222.03
19480 1680.48 2191.59
19498 2292.24 2136.58
19499 1396.1 2422.81
19501 1162.4 2485.91
19519 1526.07 2329.11
19538 1688.31 2356.52
19545 1670.21 2317.66
19546 838.033 2839.94
19572 2657.93 2243.07
19585 1457.09 2272.55
19594 2485.09 2146.85
19602 1457.7 2243.37
19603 2875.46 2299.12
19613 1475.19 2232.87
19640 2907.47 2285.73
19644 1728.93 2227.95
19645 747.878 2900.01
19647 2321.48 2276.26
19655 1220.26 2480.24
19662 2778.64 2114.24
19694 2680.82 2121.41
19703 1181.54 2329.75
19711 713.975 2500.83
19718 748.567 2524.49
19720 2566.44 2189.56
19721 608.587 2615.4
19727 2192.42 2129.43
19731 1808.36 2291.54
19739 812.575 2633.81
19745 1536.22 2177.41
19748 825.74 2569.16
19749 709.077 2691.74
19753 2107.83 2112.5
19756 652.091 2717.76
19757 4056.85 1960.74
19764 652.135 2733.21
19766 905.719 2833.81
19769 970.97 2606.27
19782 1010.5 2594.61
19796 4288.22 1961.67
19832 1675.21 2423.39
19834 697.383 2541.97
19836 1251.83 2567.4
19837 1190.22 2393.52
19841 1617.93 2379.48
19847 1020.71 2751.43
19848 808.023 2428.73
19849 808.023 2428.73
19850 741.669 2672.26
19851 741.669 2672.26
19862 1222.16 2298.89
19873 2157.46 2286.38
19886 2128.99 2172.34
19922 1124.34 2473.41
19933 969.557 2582.01
19935 1827.37 2045.18
19943 661.71 2435.43
19952 863.011 2480.17
19977 728.392 2831.21
19979 889.986 2481.25
19981 1203.78 2553.52
19994 714.027 2607.21
20007 742.597 2590.91
20024 907.324 2469.35
20052 2384.82 2100.31
20066 730.005 2467.75
20083 1738.59 2238.72
20102 1355.25 2508.98
20121 633.977 2664.15
20124 624.336 2439.52
20126 1059.95 2624.95
20133 3661.91 2089.73
20140 2288.55 2137.57
20145 2617.35 2322.79
20149 1276.51 2239.25
20158 1575.22 2367.44
20161 1084.61 2667.47
20168 1565.92 2242.64
20176 907.41 2573.82
20185 1017.21 2445.51
20280 3025.86 2411.33
20282 764.039 2670.62
20297 994.984 2525.57
20320 2434.84 2191.17
20330 637.797 2491.37
20353 3685.6 2050.94
20367 1241.39 2417.79
20433 3802.14 1974.32
20437 3358.24 2092.13
20459 1573.5 2390.12
20460 797.489 2514.67
20461 1226.42 2528.24
20463 832.7 2480.57
20476 1149.22 2294.2
20536 680.006 2753.75
20593 1549.37 2308.15
20594 1549.37 2308.15
20645 2946.69 2081.98
20666 2575.52 2231.11
20677 1217.85 2279.16
20680 1749.09 2256.38
20691 621.801 2450.37
20707 1341.39 2111.99
20711 2834.97 2174.06
20724 952.979 2688.85
20726 2384.02 2148.27
20733 877.669 2695.1
20739 3137.51 2107.2
20781 869.401 1990.26
20811 2860.82 2047.49
20815 663.419 2650.35
20818 1219.89 2566.36
20836 1127.56 2024.65
20858 3543.72 2083.57
20864 1529.82 2359.22
20868 3065.96 1998.2
20873 922.688 2003.2
20907 2414.38 1998.47
20908 2414.38 1998.47
20913 1532.93 2010.99
20945 3977.95 1945.61
20961 756.551 2684.1
20989 3587.46 2092.17
21003 712.343 2514.06
21005 3257.86 2180.15
21006 1558.92 2034.92
21007 2928.83 2200.31
21041 3377.49 1976.18
21058 3625.71 2069.04
21064 834.655 2454.27
21076 963.375 2646.15
21078 2399.25 2085.5
21086 899.267 2279.12
21088 2653.03 2062
21104 2053.44 2288.34
21111 725.206 2430.73
21130 2792.82 2129.34
21131 677.605 2487.76
21132 750.705 2488.76
21133 1063.07 2275.69
21147 2487.5 2241.06
21148 975.083 2810.65
21150 4451.56 1911.23
21159 2315.66 2090.68
21168 1402.99 2084.49
21182 1202.46 2211.02
21185 2684.84 2133.31
21187 2954.98 1901.3
21200 2237.44 2034.85
21223 2969.73 2272.89
21224 1075.11 1912.96
21233 1195.03 2477.54
21264 1461.55 2208.59
21271 2732.79 2128.97
21300 1453.49 2116.94
21303 883.503 2755.02
21367 1487.71 2190.64
21397 1799.71 2170.83
21409 1558.84 2269.17
21411 2558.93 2214.62
21440 3730.15 2059.18
21447 2745.06 2136.05
21484 3216.28 2203
21489 970.399 2240.66
21517 2994.42 2129.92
21531 3768.17 2063.07
21533 1520.65 2079.02
21543 970.692 1991.2
21574 1000.04 2131.27
21583 862.961 2876.89
21584 2005.35 2092.66
21612 1525.89 2257.85
21623 1321.02 1963.44
21676 1702.26 2180.26
21711 4456.36 1933.52
21716 4265.14 1993.81
21727 434.322 2883.9
21732 2534.95 1901.41
21739 1359.94 2232.56
21740 3395.53 2125.24
21742 2577.88 2221.57
21747 589.001 2581.32
21749 1130.63 1946.08
21758 2452.04 2104.16
21761 990.274 2328.97
21779 883.667 1958.42
21785 4279.66 1771.13
21799 3622.03 2123.83
21804 3650.66 2072.58
21806 974.092 2046.15
21809 2608.4 2005.3
21840 2429.98 1918.48
21846 3835.06 1978.01
21866 908.462 2563.43
21872 1407.37 2192.74
21873 1407.37 2192.74
21893 4298.82 1992.7
21906 1149.58 2294.07
21913 3889.12 1952.13
21922 1101.67 1888.58
21928 915.011 1808.5
21930 1180.25 2450.42
21931 1920.9 1934.95
21933 4339.65 1886.74
21958 1642.37 2113.11
21976 1647.63 2163.28
21998 3508.06 2050.05
22009 2226.25 2161.1
22011 2617.75 1979.11
22035 1706.18 1910.61
22045 3288.37 2056.68
22048 863.489 2521.8
22064 1074.52 1846.87
22065 839.557 2854.8
22113 1825.44 2004.86
22155 3525.84 2053.19
22156 638.497 2416.76
22165 1398.57 2322.59
22191 902.178 2130.16
22214 2997.05 2020.34
22228 3824 1966.89
22235 3015.04 1978.78
22239 1798.18 2337.65
22245 1786.82 2086.67
22251 1363.44 2443.16
22265 620.087 1805.1
22267 2658.57 2020.68
22269 1937.19 2127.05
22289 3744.32 2046.62
22296 1741.58 2035.14
22297 3722.11 2046.51
22303 1775.48 2173.55
22310 2116.8 2144.52
22314 2080.02 2090.74
22329 1706.65 1954.49
22344 1499.73 2212.74
22386 3850.58 2119.68
22403 1746.73 2228.98
22413 1134.98 1871.5
22420 703.218 2382.85
22442 3449.63 2126.21
22455 1502.61 2000.02
22475 852.923 1918.69
22483 1407.07 2482.61
22506 1196.02 1844.88
22513 2044.65 2110.87
22536 3748.21 1757.96
22543 1514.65 1963.4
22548 1220.75 2513.11
22556 2877.53 1900.15
22557 3582.04 2117.9
22576 2664.63 2289.62
22577 1454.83 1918.3
22586 2766.39 1980.51
22594 1240.81 2141.3
22599 4437.87 1947.74
22604 1832.68 1928.99
22605 761.149 2181.13
22619 4100.28 1966.7
22627 2813.97 2037.62
22631 2289.93 2148.54
22679 1575.75 1967.33
22701 1053.95 2020.69
22703 2586.24 1952.5
22715 1305.07 2055.69
22716 1305.07 2055.69
22727 1214.78 2251.8
22731 2246.82 1947.12
22734 1059.61 2598.87
22752 2497.95 2155.17
22760 1290.03 2235.77
22766 1280.39 1955.19
22767 614.004 2157.47
22779 769.83 2400.82
22784 2859.93 2219.54
22795 1421.37 2095.58
22796 1415.75 1930.86
22802 2578.91 1999.72
22803 2578.91 1999.72
22808 2538.09 1996.33
22811 2996.74 1832.89
22812 1163.18 1982.37
22819 3686.15 2068.26
22829 2637.08 1926.53
22870 2730.66 2103.45
22876 1447.33 1881.09
22882 1788.17 2353.5
22899 1236.48 2536.62
22912 720.739 2059.19
22913 2955.2 1871.74
22917 4022.42 2030.07
22920 1372.44 2187.73
22935 1444.25 2028.94
22938 3661.91 2089.73
22949 1559.68 2027.17
22973 896.253 2366.34
22978 1008.39 2336.97
22980 2617.74 1897.03
22986 1162.45 1874.99
22987 1749.85 2075.9
23029 596.284 2418
23030 1588.53 2004.09
23047 1727.27 1908.91
23051 2707.29 1990.61
23057 2641.31 2200.01
23060 2622.5 2203.93
23065 970.692 1991.2
23070 3962.31 1933.13
23073 2510.96 1889.59
23076 991.496 2838.29
23090 1266.25 1965.11
23116 1347.89 2217.26
23128 824.688 1986.98
23136 4588.87 1897.05
23139 2322.71 2139.17
23148 2473.83 2090.51
23152 1529.83 2030.98
23163 932.642 2154.29
23175 1534.03 2053.8
23177 1533.37 2085.39
23188 3681.1 2118.76
23197 2689.75 1919.65
23221 3012.17 2125.93
23223 1959.32 2356.75
23225 574.805 2317.53
23231 2468.98 2067.66
23245 856.89 1951.24
23246 1181.56 2108.26
23254 812.716 1803.19
23259 644.163 1834.49
23261 2688.94 2063.98
23273 982.103 2494.16
23276 1005.94 2286.05
23279 2904.93 1906.06
23283 758.951 2221.61
23291 2724.97 1889.96
23313 2250.54 1891.13
23315 1010.48 2843.79
23325 776.214 2357.81
23327 2498.18 2080.91
23330 846.812 2177.15
23336 606.981 2384.51
23337 2206.7 1907.16
23348 1577.52 2046.69
23350 2487.66 1881.3
23355 2096.49 1940.46
23358 624.957 2343.11
23360 789.633 1892.15
23362 1796.54 2007.84
23364 4378.57 1970.87
23377 996.714 1945
23381 2833.16 2080.11
23391 2355.93 1986.98
23395 791.092 2307.43
23410 1525.56 2224.02
23414 2457.24 1990.13
23425 2076.03 2114.99
23437 3515.76 2059.81
23439 958.988 2069.18
23448 1108.71 1936.69
23459 1105.8 2151.96
23463 801.423 2290.38
23535 1748.6 2117.16
23536 1748.6 2117.16
23538 4459.72 1959.14
23553 1504.16 1950.89
23569 1088.03 1844.29
23570 1124.13 2154.03
23598 1112.57 2104.16
23602 2247.1 2097.54
23608 2473.73 1894.76
23613 989.298 2105.05
23629 2124.56 1908.73
23630 2351.13 1875.22
23648 2948.64 1940.57
23718 987.499 1966.01
23727 696.555 2947.07
23728 2960.13 2183.61
23729 988.687 1770.27
23737 2062.21 1743.9
23745 601.989 1866.16
23752 1125.37 1867.85
23756 573.468 2366.85
23763 877.647 2297.09
23770 1085.77 2213.32
23773 1232.84 2165.62
23779 1083.4 2147.18
23784 3873.21 2087.74
23787 2996.55 1945.13
23798 678.431 2361.04
23818 2437.14 2088.35
23819 4241.21 1776.39
23824 1449.23 2033.61
23829 621.939 3214.44
23832 3545.22 2065.17
23834 2921.25 1889.62
23848 3076.74 2122.73
23850 1000.09 2222.16
23861 2652.78 2256.17
23865 879.534 2200.56
23873 1247.35 1935.43
23881 594.618 1902.29
23885 4455.76 2099.35
23887 761.149 2181.13
23889 1122.55 2195.96
23894 3008.2 2143.58
23900 853.465 1890.49
23901 2836.47 2205.72
23905 1058.91 2399.94
23906 2108.9 2068.56
23912 1908.23 1860.77
23929 1367.24 2034.76
23936 1015.86 2223.96
23939 944.044 1861.38
23945 1451.92 1979.48
23952 899.47 2258.19
23957 1221.45 2137.27
23958 1316.7 1988.02
23963 1553.88 2057.96
23965 1527.63 1861.01
23968 2189.92 2177.91
23970 3849.94 1949.85
23973 1210.46 2045.99
23977 1320.81 2072.09
23981 1713.6 2130.73
23982 1713.6 2130.73
23991 2820.4 1956.27
24001 883.006 1978.81
24005 1666.38 2137.87
24008 1553.62 1860.24
24014 1174.23 2156.95
24016 3086.23 1997.73
24019 1702.26 2180.26
24027 626.381 2213.8
24030 937.449 1737.91
24036 1193.06 2017.46
24037 1193.06 2017.46
24041 1574.99 1929.88
24042 1643.06 2037.11
24060 2221.89 1904.21
24062 1827.03 2267.18
24064 4865.51 1896.96
24072 2525.81 2081.4
24073 1344.79 2057.8
24074 917.062 2505.77
24077 4571.8 1913.8
24099 929.657 1947.81
24105 611.559 1994.17
24112 3538.05 2109.81
24113 2715.47 1909.58
24141 3942.44 2092.18
24146 2568.63 1927.81
24149 671.378 2043.49
24151 3779.29 2127.64
24154 2268.3 2094.46
24172 809.94 2389.72
24176 961.144 2073.19
24179 643.952 1763.42
24181 1183.42 1545.41
24184 964.563 2008.33
24186 1602.35 2109.87
24190 1071.11 2152.78
24192 807.191 2345.42
24207 741.211 2083.18
24208 741.211 2083.18
24211 2492.99 1937.84
24219 929.616 1794.88
24226 1926.07 2182.31
24227 2355.26 2110.23
24237 2656.52 2036.97
24244 654.232 1778.99
24245 2713.38 2031.46
24246 2713.38 2031.46
24249 2927.95 2076.73
24251 676.051 1868.45
24255 2360.21 1922.48
24256 1253.94 2226.5
24269 960.843 2369.48
24283 2787.64 1915
24284 2754.84 1962.75
24291 4234.4 1968.57
24298 2363.93 2052.74
24303 3414.06 2144.07
24306 2859.95 2080.42
24311 2205.8 1955.4
24314 2856.93 1860.66
24321 3466 2139.02
24324 968.689 1925.02
24327 3571.83 2077.32
24339 673.052 2083.62
24346 772.963 2265.83
24347 772.963 2265.83
24350 783.093 1918.81
24359 1569.21 1874.12
24362 4286.42 2016.8
24366 1618.5 1877.66
24369 3744.89 1921.08
24371 1151.16 1983.33
24375 2662.42 1914.1
24377 277.466 1913.17
24378 2863.76 1955.6
24379 3898.03 2098.12
24391 1787.03 2129.29
24392 2496.32 2004.12
24394 1259.16 2259.81
24395 787.664 1981.45
24401 2032.13 1899.9
24406 737.419 1910.68
24418 2750.37 1951.8
24422 3272.98 1895.06
24429 2878.39 2076.6
24430 2211.83 1941.48
24431 2497.28 1963.56
24436 2486.69 1992.79
24440 1237.4 2252.2
24441 4437.87 1947.74
24443 1552.1 1989.59
24444 1079.91 2264.16
24447 809.209 1780.38
24449 719.613 1960.6
24450 1225.85 2105.27
24451 1437.73 2112.84
24452 1437.73 2112.84
24453 3180.44 2043.83
24475 4497.48 1880.01
24477 1406.59 1956.96
24484 1772.67 1975.52
24486 907.428 2176.47
24489 1251.47 2112.78
24501 1955.54 1878.43
24502 3179.75 2062.56
24503 841.749 2077.81
24509 2260.95 1903.91
24517 1708.4 2049.1
24518 1083.08 2234.35
24520 1116.93 1928.44
24521 850.52 1691.58
24525 1727.47 1955.72
24529 2248.89 1871.8
24531 896.848 2399.19
24532 1424.45 2112.04
24533 1424.45 2112.04
24539 2577.44 1878.81
24540 1108.08 1980.08
24541 1823.83 1840.11
24546 4853.11 1903.36
24547 2870.38 2067.34
24548 2662.6 1903.16
24549 1458.57 2020.53
24555 1745.51 1900.63
24556 2592.23 2058.35
24557 801.65 2182.94
24558 1426.81 2180.14
24559 1744.65 2096.13
24563 4476.81 1943.26
24567 2691.85 1994.74
24569 1237.22 2188.4
24572 2264.41 2053.58
24576 2734.61 1849.31
24578 1756.77 1875.15
24592 1433.86 1938.79
24595 2813.89 2019.93
24596 1771.95 1961.11
24597 993.63 2285.34
24599 845.88 2144.37
24602 706.357 1236.1
24626 2688.12 1957.92
24627 2688.12 1957.92
24628 2550.51 1956.71
24630 922.676 1739.22
24631 2637.95 1965.56
24638 2163.84 1934.3
24639 877.233 1760.95
24643 3136.91 1929.21
24644 2440.3 1948.51
24651 3138.41 1878.17
24652 578.929 2189.36
24656 639 2200.39
24662 2293.43 1935.3
24666 738.493 1962.26
24671 2578.31 2161.86
24675 2578.75 1917.21
24683 2650.12 1895.57
24686 968.392 2312.42
24689 3019.92 1820.54
24715 993.607 2101.48
24717 2848.11 1936.55
24722 3241.41 1942.92
24729 922.688 2003.2
24732 1450.81 2158.02
24735 1623.55 2042.61
24744 688.534 2261.03
24745 2271.37 1866.65
24749 2782.11 1999.57
24753 757.193 2313.69
24754 1092.98 2363.06
24757 1208.43 2164.5
24759 799.126 2050.47
24764 3265.78 1865.09
24768 738.74 1777.58
24771 1515.67 2181.79
24773 924.04 1903.48
24774 1942.75 2430.35
24780 4539.94 1879.6
24783 2515.94 1914.27
24792 2636.31 2038.99
24794 775.065 1753.11
24796 759.843 2099.62
24797 2340.3 1868.11
24798 2558.94 1886.41
24800 2689.66 1973.73
24804 586.285 1795.3
24817 2472.89 2007.45
24830 859.93 1807.79
24837 2923.16 1923.97
24841 2338.35 2042.52
24842 863.744 2331.83
24843 3973.86 2052.58
24847 3093.08 1822.49
24848 3093.08 1822.49
24853 2398.99 2166.15
24854 1717.87 2154.64
24862 792.183 1780.48
24868 719.568 1726.17
24871 1744.09 1850.39
24873 2737.54 1867.08
24874 2737.54 1867.08
24876 1908.29 1858.62
24878 1727.27 1908.91
24879 1974.76 2312.14
24892 2188.04 1873.86
24893 3214.43 2180
24894 1114.73 2222.95
24896 2680.93 2085.34
24897 1221.45 2137.27
24905 970.399 2240.66
24906 2377.43 1858.98
24907 2377.43 1858.98
24914 3306.84 1918.4
24917 2540.92 2266.39
24918 1210.46 2045.99
24921 1663.26 2029.39
24923 1602.25 2049.21
24925 3818.49 1907.43
24926 2389.21 2242.28
24927 2689.75 1919.65
24932 2512.93 1871.14
24938 1011.66 2043.94
24941 930.79 2360.93
24946 761.159 1684.05
24952 612.765 1917.05
24956 1006.44 1917.37
24958 1214.3 2118.3
24960 1054.76 2609.32
24964 1822.93 1925.16
24967 919.217 2059.43
24970 1999.97 1817.79
24983 1449.99 1807.33
24984 790.855 2243.81
24985 790.855 2243.81
24991 3303.61 1853.68
24992 2389.98 2057.37
24993 1212.23 1310.09
24995 3738.14 1766.1
24996 1712.05 2081.05
24999 1405.32 2395.8
25000 3613.58 1705.77
25004 1009.16 2376.91
25011 1325.06 2149.14
25013 2696.02 2010.42
25014 2351.92 2002.61
25015 4250.33 2006.21
25016 4250.33 2006.21
25021 3426.16 1877.34
25022 897.727 2225.84
25023 1468.27 2422.96
25024 1384.56 2083.22
25027 2484.34 1848.66
25029 2403.43 1893.38
25030 2403.43 1893.38
25031 3788.12 1956.95
25033 2542.55 2004.83
25036 1391.75 2034.15
25043 954.048 1696.46
25044 2572.18 1944.96
25048 1402.94 2443.34
25054 2288.99 1845.33
25055 1409.88 1791.9
25057 2772.98 2065.24
25058 1547.79 1812.96
25059 4232.9 1836.39
25060 777.186 2291.7
25061 2408.55 1851.58
25062 1214.09 2221.56
25066 3743.83 2105.48
25067 2739.38 1860.63
25071 2080.2 2053.08
25072 3449.63 2126.21
25074 563.04 2102.81
25078 1975.11 1733.4
25079 1670.39 2119.27
25085 697.568 1700.51
25086 1726.35 1925.34
25088 1071.64 1803.86
25092 3722.11 2046.51
25097 1452.99 1899.88
25100 1708.4 2049.1
25102 1397.7 1820.83
25103 1397.7 1820.83
25104 1820.2 1814.67
25106 1021.11 2370.71
25108 705.806 1875.39
25109 1371.75 1798.08
25112 714.614 2324.45
25115 1670.12 1815.53
25121 4441.97 1935.23
25125 3096.56 2093.94
25128 4346.74 1846.02
25141 3278.14 1920.96
25147 2193.04 2072.36
25148 2193.04 2072.36
25150 3327.24 1856.32
25152 3524.08 2094.19
25153 2314.94 2077.48
25157 1134.98 1871.5
25158 578.575 2121.03
25160 2349.43 1942.07
25163 864.521 2253.78
25164 3272.98 1895.06
25168 3323.11 1905.42
25170 2656.52 2036.97
25175 1968.32 1991.99
25176 825.548 1785.78
25178 1624.39 1822.74
25182 763.671 1730.95
25186 903.674 2068.7
25193 688.757 1777.98
25198 3367.83 2137.4
25203 1649.8 2075.65
25205 669.733 2134.93
25207 482.89 3540.62
25209 2299.67 1980.48
25211 1226.01 2232.2
25212 4470.37 1927.08
25216 2782.01 1857.35
25218 693.965 2390.66
25219 4580.9 1885.1
25221 1439.29 2189.43
25225 880.407 1816.18
25227 399.625 2115.59
25228 2927.43 1850.5
25229 2603.62 2069.79
25232 3581.91 1817.58
25236 2843.18 1893
25239 562.503 2207.36
25246 3147.39 2055.27
25259 917.64 2401.7
25265 2160.69 1928
25268 1215.74 2203.2
25269 1204.56 1836.28
25270 2772.04 1994.38
25271 2372.04 1936.03
25273 1643.58 1792.93
25274 2584.23 2090.81
25276 958.987 2223.6
25281 3268.91 2138.85
25284 638.212 2018.67
25288 970.83 1851.86
25290 1308.08 2548.78
25293 869.04 2240.84
25295 2523.53 1895.67
25297 2128.45 1881.56
25298 1737.84 1913.4
25300 1586.46 2079.35
25301 1586.46 2079.35
25304 3717.57 2107.87
25309 651.685 1713.24
25311 1429.59 1972.93
25312 700.409 1907.89
25313 582.36 1770.12
25317 2794.21 2055.81
25318 3815.75 1981.95
25325 2260.22 2042.5
25326 2260.22 2042.5
25327 2879.41 2054.53
25335 794.012 2113.62
25336 2652.3 1849.96
25338 3490.57 2161.46
25339 976.889 1708.1
25340 2993.58 1973.46
25344 2642.69 1930.07
25345 1236.77 2006.4
25347 203.974 2690.48
25348 1821.76 1904.47
25351 1761.01 1944.98
25354 2892.23 2035.94
25355 4853.69 1887.51
25359 767.553 2137.66
25360 4105.32 1772.22
25361 2792.12 1895.89
25365 970.737 1697.19
25366 1115.26 2127.49
25367 3307.14 1944.79
25368 3890.5 1975.31
25369 3647.26 1684.22
25370 2669.95 2022.68
25371 1312.1 2017.95
25372 734.695 2018.11
25373 734.695 2018.11
25374 2393.42 1926.64
25376 1340.08 1959.56
25377 2099.79 2008.38
25380 1419.34 1803.82
25382 2126.39 1940.85
25383 964.564 2143.33
25384 735.904 2335.52
25385 843.673 1844.4
25390 742.269 1953.89
25396 1159.27 2219.29
25399 3532.63 1896.42
25400 2523.16 2043.4
25401 3228.87 1835.95
25402 3228.87 1835.95
25403 560.047 2057.72
25405 4852.43 1913.69
25408 2691.85 1994.74
25409 757.706 1930.26
25411 947.68 2220.27
25412 947.68 2220.27
25413 2545.15 2071.93
25414 567.849 2119.37
25415 1792.59 2041.11
25420 2467.89 1860.25
25423 1241.36 2236.52
25424 1241.36 2236.52
25430 657.172 1978.93
25432 3093.53 2057.81
25436 1309.79 1869.19
25437 3516.44 2042.82
25438 591.697 1943.43
25439 568.998 1799.88
25441 1663.04 1939.13
25442 1663.04 1939.13
25443 3874.98 2101.13
25445 3604.2 1829.62
25447 976.128 2115.47
25450 983.536 2132.1
25452 193.194 1656.99
25453 847.59 2212.19
25454 3181.13 1964.21
25455 2145.41 1882.03
25458 3594.28 2125.11
25459 2170.37 2006.17
25460 2751.47 1868.58
25461 2009.52 2240.2
25464 2839.25 1968.38
25465 1364.53 2095.8
25467 4190.25 1997.62
25472 3570.12 2140.56
25474 3179.71 2024.53
25475 1080 2105.04
25476 3285.97 1900.22
25477 2355.08 2046.95
25479 1911.12 1804.11
25481 1095 1981.19
25483 1098.96 2197.18
25484 1429.52 2054.25
25485 426.564 1604.22
25495 742.342 2247.52
25498 1494.11 1965.3
25502 2679.64 2003.94
25503 2928.79 1870.36
25506 3661.06 2114.96
25508 1363.54 2075.93
25510 1170.11 1947.65
25513 1101.19 2025.23
25514 1587.7 1865.81
25516 629.403 1758.22
25519 1178.7 1904.28
25520 3062.78 1777.78
25524 828.716 2024.15
25525 1633.33 2150.11
25527 3235.99 2024.24
25533 2071.98 1939.66
25534 988.567 2595.69
25535 1124.04 1965
25536 1812.94 1825.33
25541 582.601 1697.97
25543 4231.44 1873.57
25545 1150.16 2174.12
25547 609.509 2229.09
25548 3126.39 2133.69
25551 986.68 2312.82
25552 1178.52 2187.02
25553 1178.52 2187.02
25554 655.771 2142.85
25556 1821.33 2172.82
25557 1118.07 1861.97
25560 2570.85 2032.68
25562 94.3785 1608.81
25563 1528.09 2156.54
25564 1702.48 1882.73
25567 2215.74 2064.45
25569 909.276 2280.1
25571 1084.82 2079.6
25575 2616.96 2082.39
25576 2599.01 1887.8
25579 2305.2 1883.46
25580 2305.2 1883.46
25582 643.575 2227.83
25583 2947.03 2062.87
25584 1611.28 1984.4
25585 750.507 1986.22
25593 1556.07 2108.85
25594 2298.3 2229.37
25598 1843.34 1871.75
25600 1751.51 1941.62
25601 1498.87 2006.47
25602 872.625 1965.19
25606 2527.09 1954.28
25609 2637.95 1965.56
25613 791.256 2338.31
25615 2871.83 2003.2
25616 923.24 1739.24
25618 1674.86 1934.7
25621 2172.95 2107.89
25628 1370.1 1714.93
25633 803.034 2278.58
25634 639 2200.39
25637 1165.64 1827.12
25644 3861.8 1981.27
25645 3138.09 1845.68
25646 1301.86 1950.41
25647 1301.86 1950.41
25649 2962.8 1845.9
25657 1326.99 1694.68
25659 2182.26 2056.58
25660 2637.08 1926.53
25664 3966.42 1945.35
25665 2813.13 1884.26
25667 2179.48 2011.78
25671 2044.01 1500.37
25672 520.597 3469.97
25674 1102.89 1730.29
25676 2359.47 1901
25677 2359.47 1901
25681 1058.09 2718.76
25683 2889.34 1998.76
25684 2889.34 1998.76
25686 1537.41 1917.9
25688 726.262 1027.28
25690 587.903 1679.07
25691 2736.68 1836.34
25693 921.044 2198.46
25694 520.382 3404.7
25698 1131.52 2405.51
25703 515.169 1709.36
25705 660.359 1854.1
25712 919.534 2312.95
25713 2645.31 1728.81
25714 2645.31 1728.81
25715 2779.49 1960.22
25718 752.662 2832.31
25723 823.626 2156.07
25724 823.626 2156.07
25725 3835.61 1788.08
25730 2088.43 1911.88
25731 4298.97 1762.88
25732 1693.6 2080.85
25735 3112.27 2068.31
25737 3097.61 2227.35
25738 1289.3 2194.93
25741 453.66 3121.65
25742 759.843 2099.62
25745 992.139 1993.49
25746 1005.31 1654.71
25748 1173.37 1728.84
25753 2954.98 1901.3
25754 594.618 1902.29
25755 2696.19 1731.39
25756 802.571 2261.35
25757 1674.3 2092.89
25758 624.747 1676.6
25761 791.092 2307.43
25762 2820.4 1956.27
25767 2338.35 2042.52
25770 2733.27 2014.22
25771 609.166 1780.88
25772 1007.73 1857.77
25775 1613.63 1918.68
25776 1613.63 1918.68
25781 829.945 2127.3
25783 2667.05 2129.61
25786 3624.01 1724.95
25790 635.214 1871.29
25792 1785.89 2028.07
25796 1317.12 1928.8
25797 2902.88 1943.59
25798 517.566 1677.91
25808 3653.76 1724.2
25810 711.654 2346.44
25812 2707.29 1990.61
25813 877.888 2350.91
25823 488.805 3059.19
25824 1089.29 2860.8
25828 626.381 2213.8
25833 2439.57 2066.96
25837 2036.43 1853.4
25838 360.857 1032.87
25840 567.265 1976.66
25841 1260.35 2179.02
25843 3493.66 1794.24
25846 1691.96 2001.5
25849 990.306 1821.86
25852 1005.71 1829.81
25853 2798.11 2157.83
25854 1140.1 1724.3
25856 1073.39 1634.29
25857 898.866 2642.65
25859 2646.67 1821.22
25860 3372.74 2109.87
25861 1128.68 1865.47
25865 732.392 2354.4
25869 2392.12 2071.97
25871 3275.5 1935.74
25872 3242.1 1903.2
25879 87.8648 2325.65
25880 1214.3 2118.3
25885 2000.6 1838.97
25888 1010.78 2067.01
25889 343.27 1930.11
25890 1394.71 1803.63
25896 1002.86 1763.39
25898 3845.91 1933.12
25899 2675.74 2083.76
25901 547.686 2266.85
25903 1611.97 2176.29
25905 942.296 2292.69
25907 2117.52 2030.29
25909 1712.05 2081.05
25919 611.25 2495.53
25921 3379.65 1804.78
25922 3765.71 1772.42
25928 2565.61 1984.86
25930 968.3 2272.05
25933 1245.76 1956.34
25935 733.696 2682.83
25938 1679.36 2048.49
25939 961.144 2073.19
25943 3092.9 1832.8
25944 3092.9 1832.8
25945 854.691 1994.48
25946 1781.31 2091.55
25947 1265.83 2573.83
25949 723.159 2403.96
25950 723.159 2403.96
25951 1367.24 2034.76
25955 2756.79 2094.11
25962 3093.79 1882.05
25963 3093.79 1882.05
25964 4096.32 1849.16
25967 641.832 1700.22
25970 2523.75 2029.58
25979 2732.79 2128.97
25980 1919.44 1823.71
25983 875.372 1754.28
25984 875.372 1754.28
25985 2468.16 2276.5
25986 2691.8 1832.22
25989 1708.93 1802.23
25993 1688.65 1900.35
25994 1207.5 1432.96
25995 2497.43 1560.14
26000 4163.87 1892.2
26001 2499.03 2034.57
26002 45.3706 2348.26
26006 861.675 2099.92
26009 809.94 2389.72
26012 1007.36 1979.6
26013 3094.19 2016.5
26014 960.843 2369.48
26016 4045.04 2005.98
26017 3788.93 1757.14
26018 2252.6 1841.7
26019 692.685 1251.22
26025 707.718 1938.94
26026 754.312 2070.97
26032 2701.1 2176.26
26036 3408.4 2164.2
26038 1978.95 1499.26
26040 964.563 2008.33
26041 4565.52 1749.63
26042 4565.52 1749.63
26043 702.849 2203.68
26045 710.421 1898.97
26046 543.459 1678.09
26047 127.643 3477.55
26048 4554.6 1722.08
26050 676.37 2237.95
26051 2937.21 2085.29
26054 549.249 2209.76
26056 592.654 1924.82
26058 833.173 2362.83
26059 1313.08 1898.8
26065 1002.14 1808.65
26066 1615.71 1551.36
26067 3307.63 1908.27
26068 1478.38 1721.34
26069 2454.16 1772.15
26070 1127.32 1791.03
26071 1956.88 1892.72
26072 564.808 2238.92
26079 756.231 2359.71
26080 4129.23 1789.66
26082 536.764 1752.01
26086 534.454 1839.99
26089 3867.41 1777.35
26090 3386.13 2116.15
26091 820.5 1840.09
26095 1124.13 2154.03
26096 864.521 2253.78
26099 4106.7 1748.69
26100 827.25 1950.96
26101 827.946 1950.91
26105 784.845 1691.64
26110 2600.7 1654.03
26115 3710.2 1800.45
26116 1967.51 1472.24
26118 2442.45 1970.95
26120 1772.67 1975.52
26121 2349.43 1942.07
26122 4349.02 1871.65
26123 887.884 2422.9
26124 1093.83 2130.27
26127 1237.68 2252.11
26129 1424.53 1903.79
26130 595.433 2385.3
26132 2837.08 1795.56
26135 1202.43 2064.68
26136 2171.36 1848.57
26141 958.987 2223.6
26144 735.414 1691.45
26150 563.752 1677.92
26154 2376.39 1924.11
26156 961.662 1753.67
26157 3263.12 1821.96
26159 648.606 1836.36
26161 653.128 1994.97
26163 1792.14 1789.05
26165 970.83 1851.86
26167 1650.04 2014.99
26168 571.581 2308.97
26171 701.419 2126.91
26172 3888.05 1824.84
26173 3888.05 1824.84
26176 2446.28 2238.78
26179 970.148 1826.95
26181 1264.52 2204.92
26183 1216.57 2067.72
26184 1216.57 2067.72
26186 772.963 2265.83
26190 4079.17 1924.35
26192 3640.46 1695.35
26194 2423.19 1918.65
26195 2423.19 1918.65
26198 2239.81 2107.47
26204 4960.21 1844.81
26206 2389.55 1771.71
26210 4529.56 1881.31
26211 1233.9 1885.62
26214 1134.48 2049.9
26216 1930.45 1768.05
26221 3308.92 1918.6
26222 3295.26 1871.73
26224 2808 1858.91
26225 2248.38 2072.64
26226 3030.87 1850.33
26230 595.39 1688.22
26232 4480.15 1876.9
26235 887.803 2157.27
26236 653.304 1796.29
26237 572.884 1833.62
26239 3082.53 1829.37
26240 708.028 1775.78
26241 2995.34 1878.13
26242 1154.29 2077.73
26243 102.133 2330.15
26244 1150.79 2211.25
26245 1150.79 2211.25
26246 3149.69 1961.15
26247 1958.13 2014.25
26248 1148.07 2143.36
26249 1148.07 2143.36
26250 3091.51 1784.93
26251 3091.51 1784.93
26257 1506.89 2101.39
26258 2613.61 1937.66
26259 2229.38 2057.74
26260 1951.99 1643.11
26261 1086.55 2013.07
26268 493.609 3059.32
26269 1223.3 2034.97
26273 1914.81 2141.35
26275 2838.56 1991.3
26276 1320.1 1480.19
26279 993.63 2285.34
26282 3751.01 1674.61
26288 1928.25 1743.3
26293 2885.6 2024.03
26295 1008.15 2521.84
26297 4889.85 1797.03
26300 4983.33 1823.06
26301 977.637 2323.73
26303 820.353 1772.36
26310 1276.42 2216.16
26312 1932.46 1817.05
26317 732.642 1974.62
26319 1377.77 1931.31
26321 1216.87 2096.01
26325 2101.14 1827.64
26327 599.955 2020.39
26329 3699.41 1880.92
26330 1191.28 1793.17
26331 3839.93 1771.81
26332 3686.72 1675.97
26333 456.918 3086.04
26334 3180.24 1948.46
26336 862.118 2207.54
26337 862.118 2207.54
26338 670.419 2025.7
26339 692.088 1954.87
26340 2454.1 1863.89
26342 744.328 1821.54
26343 2411.39 1579.14
26344 332.549 2903.76
26346 688.667 1814.6
26348 2404.32 1948.02
26351 1825.84 2019.41
26352 2635.48 2045.25
26353 3046.1 1801.43
26354 708.619 2066.66
26356 677.427 1692.21
26358 1202.81 1897.96
26361 1612.87 2002.68
26362 1612.87 2002.68
26364 3432.94 1848.25
26366 2640.16 1849.56
26369 2643.48 1871.06
26372 1778.99 1920.54
26374 790.461 1702.47
26375 2351.08 1965.71
26376 2351.08 1965.71
26377 3390.29 2150.93
26380 859.308 1964.03
26382 1937.51 2142.41
26385 3142.38 1844.97
26386 699.825 556.022
26387 1458.36 2053.36
26391 1421.68 1980.79
26392 2635.46 1980.85
26394 997.961 2012.29
26396 2730.22 1918.7
26397 2123.51 1960.27
26398 2511.6 1955.19
26400 1638.66 1986.53
26401 1108.01 2138.63
26403 1249.63 1891.69
26404 3694.36 1736.05
26410 1704.44 2022.85
26411 2515.21 2014.72
26414 1574.22 2113.41
26415 793.412 1631.18
26417 2511.68 1927.96
26419 716.472 2090.77
26420 716.472 2090.77
26422 1115.05 1793.12
26425 2487.97 1822.22
26426 2275.66 1928.23
26427 1425.28 1944.74
26430 986.68 2312.82
26431 2929.65 1815.86
26433 867.275 1519.23
26434 2547.14 1927.04
26438 2989.58 1912.8
26439 1143.91 2060.07
26440 1143.58 2060.13
26441 2221.1 2096.15
26442 1717.93 2007.5
26446 4716.55 1938.75
26448 599.345 361.549
26455 936.474 2228.52
26458 981.245 2265.43
26460 572.988 2148.33
26472 2709.1 2063.09
26473 839.581 2335.55
26475 1898.3 1868.29
26480 1730.65 2030.3
26481 2564.53 2010.55
26483 1056.1 2436.46
26484 92.861 1331.52
26486 2572 2081.15
26488 2329.2 1925.43
26492 653.779 2194.05
26494 1406.77 1840.35
26499 1540.16 2023.23
26501 2177.85 2023.82
26502 2898.16 1675.3
26503 748.414 2162.05
26505 2893.98 2055.02
26507 1208.57 2151.87
26509 1148.15 2032.72
26510 1313.73 1559.84
26511 2492.43 1913.01
26512 1936.97 2033.73
26519 1630.19 2007.56
26523 1812.91 1987.03
26524 1376.67 1854
26528 1357.68 2163.95
26529 1357.68 2163.95
26531 2580.96 1911.73
26535 667.528 1854.26
26536 824.417 2127.97
26537 1674.38 1797.7
26539 4365.48 1872.51
26540 3967.74 1975.11
26542 1475.97 2385.14
26543 1126.04 2038.32
26544 1125.69 2038.37
26546 1782.11 2326.77
26548 1594.78 2250.99
26549 3362.44 1653.42
26551 684.787 3556.41
26556 4399.13 2018.32
26557 1428.7 1828.24
26558 2744.45 2054.74
26559 2243.15 1846.64
26562 2246.82 1947.12
26565 655.424 2258.22
26566 586.005 2258.34
26567 2212.37 1735.9
26568 2212.37 1735.9
26569 1406.11 2040.89
26571 2172.94 2107.89
26572 2578.75 1917.21
26574 2539.32 1827.56
26575 3241.41 1942.92
26577 855.261 2355.27
26580 3189.27 1836.14
26584 4031.01 2020.43
26587 1820.45 2116.77
26589 2567.71 1973.24
26590 4932.16 1906.59
26591 1645.22 2132.35
26592 2813.44 2096.25
26594 2332.22 1601.06
26595 1309.08 2203.09
26597 4517.3 1806.24
26598 3222.88 1667.51
26599 3813.61 1804.61
26600 2059.01 1652.9
26602 3852.69 1833.84
26604 942.661 2330.76
26605 942.661 2330.76
26607 595.654 1360.29
26608 3470.56 2033.73
26610 713.431 2283.48
26611 713.431 2283.48
26614 1172.98 1929.13
26615 2608.4 2005.3
26618 891.351 1880.5
26622 4683.68 1898.11
26623 4683.68 1898.11
26625 2310.74 1857.32
26627 2158.32 1849.38
26628 3738.17 2123.25
26629 1056.67 1943.17
26630 1797.29 1469.56
26631 2996.55 1945.13
26633 550.306 2365.68
26636 878.493 2694.68
26641 4776.48 1915.57
26642 4570.02 2035.07
26643 4570.02 2035.07
26644 4217.11 1751.99
26645 1199.97 2549.5
26646 2883.57 1966.87
26647 689.629 2657.67
26650 2067.29 1811.89
26652 1275.52 1762.94
26653 1569.57 1732.06
26654 1569.57 1732.06
26656 885.03 1628.57
26657 238.173 1952.9
26660 686.91 2470.11
26661 519.484 3429.99
26662 519.484 3429.99
26663 620.087 1805.1
26665 2826.87 1620.55
26668 3759.55 1852.09
26669 880.833 2674.22
26670 3903.5 1725.4
26671 3455.03 2047.12
26672 931.225 2111.83
26674 221.354 912.631
26676 2848.92 2099.32
26677 3638.22 1744.05
26680 2996.96 2219.01
26681 910.597 2753.52
26682 2923.98 2036.98
26683 770.533 2601.67
26684 2329.02 2001.32
26685 3738.51 1869.56
26686 652.55 2253.99
26688 2963.79 1707.01
26692 4189.98 1855.43
26693 1214.33 1767.07
26695 4421.49 1961.29
26697 587.343 2160.08
26699 989.909 1852.38
26700 121.03 2571.08
26701 3415.06 1793.99
26702 616.492 2369.74
26703 746.735 2848.61
26704 2993.05 2276.25
26705 955.296 2256.01
26706 1728.96 2227.93
26707 3305.92 2106.43
26708 2413.32 1971.32
26710 3048.6 2163.02
26712 265.539 1459.49
26713 3919.29 1800.11
26714 1046.66 2534.41
26715 2600.14 1840.6
26716 1050.86 1377.42
26719 1233.8 1883.95
26720 2921.51 2239.66
26721 1472.75 2217.69
26722 769.563 2657.45
26724 2620.24 1852.32
26725 1095.1 2826.16
26726 1164.23 1763.73
26727 1241.07 2141.24
26728 1254.39 2157.5
26729 2850.73 2153.46
26731 918.116 3199.59
26735 2646.8 1769.09
26736 2060.2 2004.71
26737 2368.33 1965.62
26738 1040.65 2269.33
26739 1377.74 1848.29
26740 4379.1 1841.68
26741 2205.44 1855.21
26742 1009.66 1564.45
26743 1301.28 2048.06
26748 3000.75 1799.99
26749 3000.75 1799.99
26750 2488.38 2169.51
26751 2232.19 2008.89
26752 2232.19 2008.89
26753 3055.18 1949.68
26754 3055.18 1949.68
26755 1415.35 1903.75
26756 3312.45 2028.02
26758 1575.18 1640.93
26759 607.902 2324.07
26760 1623.15 1893.5
26761 2412.31 1602.96
26763 1028.93 2806.23
26764 1230.91 1969.27
26767 2389.81 1981
26768 2389.81 1981
26771 1742.3 1879.57
26776 1414.29 2042.96
26777 867.139 1728.92
26782 617.154 1710.58
26784 4372.17 1982.72
26785 658.852 1374.7
26793 4356.25 1997.74
26794 4138.75 1876.04
26795 1690.72 2254.05
26797 2465.44 1559.68
26799 3853.73 1813.65
26800 3301.55 2128.49
26801 2956.59 2180.41
26805 804.99 3006.08
26807 726.404 2061.22
26808 3756.28 1904.3
26809 1450.69 1410.22
26812 2735.6 2307.97
26813 993.263 2752.13
26814 993.263 2752.13
26815 1232.08 2016.86
26816 2144.87 1557.5
26817 2763.85 1938.7
26818 2763.85 1938.7
26819 851.773 1658.42
26821 1030 1852.99
26823 1643.58 1792.93
26826 846.805 2022.63
26828 594.07 2117.55
26829 2652.77 2256.17
26833 1600.43 2407.75
26835 2554.65 1952.26
26836 726.455 1078.63
26839 1708.93 1802.23
26841 1234.5 1553.39
26842 875.122 1178.12
26843 4708.13 1970.2
26844 827.245 1822.69
26845 2740.64 1825.25
26846 2366.57 1585.43
26847 3495.49 1754.28
26850 2659.83 2207.38
26851 432.207 1195.04
26852 1209.19 2607.15
26854 3259.62 2001.92
26856 1.99624 845.262
26858 2152.28 1744.79
26860 774.202 1088.19
26861 1721.48 1792.34
26864 3769.08 1752
26867 318.25 889.722
26868 1770.53 1930.98
26871 3090.58 1801.45
26872 4209.39 1999.19
26873 3321.72 1841.03
26874 1659.45 1513.89
26875 413.882 390.906
26876 1228.03 2580.78
26877 662.727 1924.85
26879 1410 1791.91
26880 4045.04 2005.98
26885 842.422 1042.21
26886 792.754 2621.05
26889 4636.24 1719.79
26890 1659.65 2343.94
26891 1002.73 1781.61
26892 3517.72 1700.74
26894 3455.31 1893.46
26896 2580.35 2085.6
26897 651.685 1713.24
26898 3368.51 1959.53
26899 662.749 2435.1
26900 2314.32 1976.73
26901 2314.32 1976.73
26902 2314.32 1976.73
26903 4599.63 1840.91
26904 3502.69 1737.49
26905 2928.67 2254.96
26906 4401.05 1999.39
26908 1014.42 2207.67
26909 1695.96 1566.57
26912 1374.71 2384.85
26918 862.294 1662.87
26919 3460.82 1739.86
26920 2147.26 2326.06
26922 2144.14 2283.99
26923 2144.15 2283.99
26924 578.805 792.162
26925 1054.58 2731.85
26926 1301.7 2493.7
26927 1002.75 2503.54
26928 4292.04 1972.25
26932 1164.34 2468.99
26934 1385.38 2109.49
26937 722.374 1532.17
26940 1838.09 2279.95
26941 3463.75 1911.13
26942 3019.93 2422.96
26946 4115.27 2015.05
26947 3741.44 1799.85
26950 951.574 1656.12
26952 373.518 2792.62
26953 449.503 2338.95
26954 4862.37 1872.26
26959 689.682 593.846
26960 2393.42 1926.64
26962 560.656 2251.54
26964 454.314 2619.96
26965 2803.76 2076.1
26966 2803.76 2076.1
26968 668.358 1420.85
26969 1718.54 1488.31
26970 1047.48 2450.93
26971 3050.28 1587.23
26972 873.262 1503.13
26973 721.421 540.051
26974 730.871 1476.44
26978 694.796 2439.16
26981 833.441 1504.35
26982 1839.67 2181.18
26983 634.404 373.422
26984 4031.81 1842.76
26987 774.404 2658.11
26989 638.015 1880.14
26993 981.45 2355.7
26996 2184.08 2144.97
26997 2184.08 2144.97
26998 602.779 1865.08
27001 3477.65 2102.78
27002 1366.52 1448.92
27004 445.558 1411.69
27006 700.429 1257.39
27007 744.014 2036.21
27008 2628.37 1831.6
27009 585.953 2181.04
27011 1273.96 2190.44
27012 991.869 1728.28
27013 991.874 2395
27014 957.374 2197.28
27015 957.374 2197.28
27016 795.968 1463.39
27017 1702.39 1933.47
27018 663.534 1630.15
27020 1702.27 2311.91
27021 1702.27 2311.91
27026 1614.77 2106.09
27027 950.644 1773.17
27028 3233.25 1981.72
27032 2991.56 1686.79
27035 3386.09 2116.13
27036 585.207 2214.1
27040 1025.68 1585.49
27042 1756.78 1875.14
27044 2195.81 1816.52
27045 1439.48 2329.25
27046 1439.48 2329.25
27047 748.593 3127.16
27052 3291.27 1745.74
27054 237.354 3105.08
27056 4721.46 1780.54
27057 858.636 2679.12
27058 1975.52 1755.05
27059 2593.95 1812.14
27060 982.99 1962.67
27061 2394.82 1569.28
27062 983.336 1835.76
27064 317.274 739.016
27065 781.112 1051.67
27066 675.705 2200.9
27068 847.59 2212.19
27070 4466.51 1821.74
27072 942.566 1978.73
27074 3898.39 1773.51
27077 92.8378 2505.94
27079 1591.38 1622.79
27080 1805.04 1423
27081 694.967 1078.22
27082 4779.28 1742.49
27083 212.323 871.847
27085 2389.21 1844.48
27086 4117.65 1984.82
27087 3338.08 2037.06
27089 937.907 1562.74
27090 1337.26 1674.59
27091 756.917 1610.76
27092 3810.48 1719.01
27093 1611.24 1477.9
27098 72.7232 1061.26
27099 964.29 1713.9
27101 696.296 1292.22
27103 1655.69 1930.27
27104 1165.78 1536.01
27105 4784.04 1897.56
27106 839.464 1600.63
27108 808.669 2110.86
27109 807.926 2110.98
27110 2934.31 1547.45
27112 542.755 410.228
27113 2543.56 1721.8
27115 1109.06 1936.66
27116 672.088 1097.59
27117 3833.08 1720.74
27118 1607.49 1594.06
27120 2706.55 1926.6
27123 947.606 1902.28
27124 1204.2 1544.9
27126 817.112 1129.18
27127 2064.17 1840.96
27128 3803 1824.16
27129 3323.61 1885.1
27130 3323.61 1885.1
27131 200.303 1810
27132 200.303 1810
27134 1577.57 1985.49
27135 943.296 2199.27
27137 571.167 2071.47
27138 3499.92 1699.06
27146 1338.48 1879
27147 1412.77 1716.35
27149 890.097 2026.3
27150 601.223 1700.4
27151 2242.21 1663.9
27152 1398.74 2322.5
27153 2682.83 2013.97
27154 693.67 2656.24
27155 1075.72 1897.53
27156 1191.47 1602.54
27158 551.435 2011.99
27160 2279.78 1572.18
27161 2892.29 1745.14
27162 3262.54 1788.94
27163 2595.16 2110.08
27165 798.064 1567.41
27167 1230.4 2204.94
27168 1515.63 1486.72
27169 3257.47 2052.26
27173 3379.75 1828.88
27174 1130.22 1603.38
27178 3348.13 1647.12
27179 2730.31 1594.56
27180 2447.73 1873.25
27181 607.999 1345.1
27182 588.378 1878.83
27183 676.475 1641.08
27184 1374.49 1972.95
27185 2633.55 2083.26
27186 2612 1651.99
27187 1693.08 2284.25
27188 1693.08 2284.25
27191 4711.8 1889.13
27192 806.693 1932.07
27193 992.714 1770.53
27194 3470.28 2121.39
27195 1137.7 2298.76
27198 760.963 2125.43
27199 764.768 1761.81
27200 3554.79 1798.38
27201 705.286 1763.24
27202 688.011 1733.84
27204 980.987 1861.88
27205 981.478 1861.87
27206 1234.72 1751.19
27208 1710.46 1822.96
27210 669.228 1340.8
27213 841.769 2062.42
27214 1798.06 2128.7
27215 1557.7 1961.72
27216 250.68 2410.02
27218 156.199 2734.44
27220 1086.04 2114.39
27221 603.863 1608.91
27223 570.481 1920.8
27225 1578.84 1809.83
27226 928.688 1246.05
27227 4723.4 1926.16
27228 679.948 1823.34
27229 958.739 1975.25
27230 2273.81 1822.67
27235 1226.12 2105.21
27237 2537.49 1739.74
27238 1945.77 2026.75
27239 714.79 2359.47
27240 960.72 2114.53
27243 3214.46 1878.9
27244 3723.8 1890.89
27245 3723.8 1890.89
27246 62.0801 1074.49
27247 1671.86 2177.95
27248 2554.52 1919.55
27249 948.183 2036.26
27250 948.183 2036.26
27252 655.886 1873.51
27255 971.027 2359.38
27256 685.539 2153.74
27257 685.539 2153.74
27258 685.539 2153.74
27260 1946.72 2178.74
27261 1242.35 1919.31
27262 2406.13 1912.75
27263 2406.13 1912.75
27265 2309.53 1902.96
27266 922.538 2259.98
27267 2459.59 1900.23
27268 1423.77 1926.64
27269 708.619 2066.66
27270 824.428 1118.89
27272 688.992 2304.88
27274 2476.51 1610.92
27275 732.365 2032.7
27276 154.739 1732.02
27278 1101.19 2025.23
27279 1324.78 2124
27281 922.292 3190.72
27282 784.846 2078.15
27283 319.153 1351.15
27284 2832.25 1710.45
27287 1212.29 1772.87
27288 2628.1 1942.23
27289 1576.33 1843.94
27290 1073.94 1825.56
27293 2783.41 1560.04
27295 615.083 2336.99
27296 870.493 2157.41
27297 1366.84 1417.02
27298 2323.14 1778.08
27299 1745.87 1688.7
27300 2621.22 1912.73
27301 1341.65 1983.06
27302 4165.34 2006.38
27304 761.201 1948.63
27308 1716.47 2108.84
27310 4309.95 2109.03
27311 823.574 2279.19
27312 823.574 2279.19
27313 1135.02 1890.85
27314 1563.97 2067.24
27316 1216.72 1864.95
27318 1573.64 1821.21
27319 865.813 1878.42
27320 3418.14 1846.48
27321 1325.69 2223.77
27322 2584.85 1842.51
27323 1238.57 2053.57
27324 1238.57 2053.57
27325 3656.29 1868.1
27326 643.669 1724.71
27328 3718.64 1737.82
27329 4270.87 1890.3
27330 842.637 1938.85
27331 2353.71 1789.45
27334 1713.88 1899.42
27337 2415.39 1936.41
27338 3597.96 1695.97
27339 3597.96 1695.97
27340 2781.59 2103.03
27341 1145.24 2097.61
27343 782.959 2052.62
27344 4118.85 1747.63
27345 2774.24 1799.67
27348 776.976 1988.81
27349 776.976 1988.81
27350 667.605 2791.87
27351 649.041 2406.93
27352 1195.6 2237.56
27354 1228.34 1872.27
27355 1522.68 2100.81
27357 1143.57 2240.53
27358 1240.3 1872.22
27362 1183.06 2238.32
27363 950.038 1949.79
27364 3093.53 2057.81
27367 1622.29 1862.14
27370 2423.55 1929.55
27371 3772.86 1911.54
27372 3124.17 2030.65
27373 1881.34 1472.83
27375 774.769 2111.52
27378 2028.5 1495.8
27379 1595.37 1770.86
27380 1595.42 1770.86
27381 751.611 1901.52
27382 1498.57 1852.04
27383 1199.5 1894
27384 839.728 1893.1
27385 1850.1 1876.61
27386 1850.1 1876.61
27387 2398.72 1620.43
27388 2398.72 1620.43
27389 3187.37 1708.08
27390 4365.48 1872.51
27391 607.267 1220.02
27392 1545.57 1743.07
27393 2583.69 1726.72
27394 857.937 2348.59
27395 1433.73 1557.4
27396 1632.53 1587.24
27397 2100.71 2015.12
27398 1656.69 1843.77
27399 3552.22 1922.46
27400 674.338 1785.34
27402 3641.91 1694.03
27403 4903.2 1932.85
27404 4677.25 1929.72
27405 309.054 1344.27
27406 817.141 1573.62
27407 2809.84 1690.25
27408 2349.98 2295.88
27409 869.321 2499.55
27410 1368.69 2010.34
27411 2440.3 1948.51
27412 3716.4 1706.34
27413 3720.21 1743.06
27415 1019.72 1520.78
27416 3402.52 1787.1
27417 777.996 1658.59
27418 842.095 1379.46
27419 4757.26 1734.74
27420 4835.7 1838.51
27421 650.489 1657.61
27422 1325.14 1740.17
27423 1720.29 1670.81
27424 1296.39 1591.37
27425 1282.94 1755.01
27426 1300.11 1849.49
27427 593.852 1602.4
27428 2796.85 1771.18
27429 1057.04 2159.04
27430 4595.6 1721.22
27431 4230.53 1883.65
27432 1326.76 1705.34
27433 1302.58 1571.59
27434 1011.28 1576.15
27435 1380.02 1988.92
27436 3325.82 1669.27
27437 3689.06 1855.36
27439 1300.86 1604.53
27440 1300.86 1604.53
27441 856.588 1225.12
27442 4565.63 1855.92
27443 2730.46 1762.77
27444 3667.01 1681.39
27445 809.65 1136.8
27446 591.875 1384.35
27447 939.105 2116.31
27448 624.109 1635.45
27450 2093.38 1785.33
27451 1766.11 1936.81
27452 2702.64 1940.52
27453 4409.28 1977.18
27454 2575.71 1798.62
27455 2575.71 1798.62
27456 3544.06 1821.11
27457 2817.41 1912.4
27458 257.519 1033.75
27459 2069.69 1832.81
27460 2158.32 1849.38
27461 3043.99 1493.94
27462 808.887 1471.58
27463 1287.85 2137.08
27464 2992.61 2051.37
27465 1569.52 1732.06
27466 2525.66 1985.59
27467 2875.98 2148.37
27468 4101.1 2009.93
27469 828.731 1905.98
27470 3623.39 1666.75
27471 799.232 627.53
27472 1286.7 1405.83
27474 1097.43 1766.93
27476 4270.77 1732.03
27477 454.362 1408.47
27478 454.362 1408.47
27479 849.614 1862.56
27480 3932.55 1872.94
27481 771.901 2567.59
27482 279.846 2374.51
27483 448.742 3366.45
27484 2269.08 1802.46
27485 3653.3 2034.01
27486 904.99 1703.52
27487 1015.27 1323.59
27488 53.2843 1654.61
27489 172.029 1663.39
27490 841.259 1770.99
27491 1998.21 1797.72
27492 1608.07 1765.7
27493 4536.71 1829.07
27494 1717.87 2154.64
27495 780.924 2199.32
27496 1279.49 1899.35
27497 628.011 2099.04
27498 3374.93 1741.59
27499 4747.83 1837.66
27500 2847.16 1494.94
27501 4517.03 1728.22
27502 1180.68 1699.96
27503 659.847 1374.92
27504 2287.34 1693.4
27505 1803.99 2166.5
27506 244.07 1849.03
27507 3647.69 2065.98
27508 4564.04 1771.13
27509 3638.22 1744.05
27510 4827.61 1736.24
27511 4756.1 1861.24
27512 2831.64 1816.39
27513 1707.27 1761.6
27514 4353.83 1761.35
27515 2995.76 2090.05
27516 1277.73 1670.11
27517 1236.97 2311.81
27518 1282.63 1558.79
27519 1572.87 1547.5
27520 106.215 2361.5
27521 3221.64 1739.85
27522 2981.47 1583.41
27523 3546.98 1690.54
27524 3703.87 1767.68
27525 4108.73 1732.22
27526 1164.52 1763.74
27527 2919.16 1605.18
27528 2069.63 1975.83
27529 1282.29 1588.38
27530 875.726 1292.88
27531 3332.66 2010.16
27532 2329.02 2001.32
27533 1546.03 2208.42
27534 1012.99 2068.3
27535 1564.22 1802.95
27536 4911.33 1853.56
27537 1779.97 1805.39
27538 2834.78 2016.04
27539 2347.24 1681.39
27540 3373.04 1966.43
27541 3508.96 1935.6
27542 3684.3 1779.73
27543 670.77 2178.2
27544 670.77 2178.2
27545 658.342 2742.11
27546 2541.45 1818.93
27547 1331.18 1767.07
27548 2769.55 1592.74
27549 1643.64 1946.47
27550 3671.53 1710.66
27551 582.347 2024.33
27552 2841.69 1732.33
27553 3606.84 1742.09
27554 1087.09 2172.33
27556 3862.22 1717.8
27557 1037.44 1597.3
27558 648.557 1667.64
27559 1149.9 1511.92
27560 1191.13 2261.61
27561 2001.33 1984.79
27562 3369.36 1766.95
27564 107.966 1471.12
27565 106.367 1470.9
27566 728.525 1382.54
27567 945.979 1733.29
27568 572.637 1901.58
27569 919.217 2059.43
27570 808.354 1988.84
27571 2973.55 1802.97
27572 620.068 1589.35
27573 825.985 3149.1
27574 4202.97 1737.74
27575 1131.27 1513.68
27576 654.232 1778.99
27577 1448.18 1937.46
27578 2133.54 2216.14
27579 2522.49 1855.1
27580 682.769 1371.4
27581 19.8729 1012.59
27582 3371.21 1786.04
27583 3460.82 1739.86
27584 2433.3 1990.01
27585 2433.3 1990.01
27586 891.33 1651.03
27587 4850.76 1944.06
27588 761.246 2004.37
27589 949.572 2755.29
27590 4573.42 1666.48
27591 617.154 1710.58
27592 3069.35 2094.69
27593 881.35 1556.12
27594 1235.48 1987.98
27595 3879.95 1786.9
27596 696.885 1241.18
27597 3735.12 1811.19
27598 3735.12 1811.19
27599 3066.44 1844.03
27600 2953.06 1726.35
27601 4807.89 1745.95
27602 3386.86 1979.04
27603 1777.7 1486.62
27604 1230.66 1969.3
27605 624.772 1842.62
27606 623.772 1842.64
27607 782.724 846.22
27608 2662.42 1816.78
27609 2662.42 1816.78
27610 1501.2 2406.99
27611 1632.08 2399.59
27612 1638.37 1733.59
27613 2290.87 1594.33
27614 3678.56 1877.06
27615 4194.15 1931.78
27616 483.168 3369.94
27617 685.989 2426.39
27618 4593.55 1829.04
27619 3430.78 2017.23
27620 721.823 2945.04
27621 770.491 1537.14
27622 1065.37 2114.03
27623 4682.26 1876.39
27624 4827.68 1752.31
27625 4828.89 1752.27
27626 1924.12 2071.32
27627 1137.24 2228.35
27628 1728.53 1756.83
27629 858.998 1640.08
27630 437.887 2746.26
27631 1762.21 1498.08
27632 4163.02 1807.66
27633 1385.54 2109.45
27634 2622.53 2119.83
27635 4379.1 1841.68
27636 3659.66 1779.64
27637 1071.76 2185.28
27638 2492.65 1612.45
27639 2492.65 1612.45
27640 2730.31 1594.56
27641 2730.31 1594.56
27642 2730.31 1594.56
27643 1136.47 2331.76
27644 1201.49 2090.89
27645 1193.06 2017.46
27646 1051.5 1607.79
27648 530.585 3308.49
27649 530.585 3308.49
27650 1048.03 1150.2
27651 1915.32 1738.58
27652 2314.94 2077.48
27653 2314.93 2077.48
27654 2534.95 1901.41
27655 2596.34 1778.89
27656 3525.21 1675.14
27657 4006.65 1743.82
27658 2362.84 2098.09
27659 1808.85 2020.11
27660 988.918 1641.78
27661 2542.2 1677.52
27662 1245.88 1682.32
27663 4662.76 1721.44
27664 2250.54 1891.13
27665 810.873 1338.93
27666 1133.16 1338.39
27667 1133.16 1338.39
27668 4178.59 1799.66
27669 575.51 3263.04
27670 59.5814 2468.91
27671 4157.12 1751.82
27672 1344.99 2132.11
27673 1889.84 1427.21
27674 3232.85 2008.64
27675 2725.47 2240.22
27676 3092.21 1814.38
27677 1574.17 1636.37
27678 2699.09 1797.23
27679 1718.7 1471.63
27680 1106.34 1523.84
27681 1555.87 2307.35
27682 1590.97 1516.85
27683 2520.43 1767.82
27684 1197.94 2179.04
27685 3132.45 1709.53
27686 4461.15 1892.77
27687 3735.93 1783.61
27688 3455.26 2017.01
27689 675.077 1884.57
27690 1679.36 2048.49
27691 900.206 1232.34
27692 4939.07 1861.67
27693 1372.6 2218.23
27694 1191.47 1602.54
27695 1739.64 1518.1
27696 329.833 1913.51
27697 775.82 1567
27698 3467.1 1777.69
27699 4501.35 1743.49
27700 3610.93 2032.26
27701 104.896 2731.01
27702 1051.21 2565.48
27703 2285.44 2120.59
27704 2891.22 1733.99
27705 565.404 3225.84
27706 4030.89 1867.76
27707 4013.67 1851.43
27708 4045.03 1849.88
27709 1046.32 1343.54
27710 1190.25 1829.23
27711 4708.49 1952.66
27712 2249.01 1797.26
27713 1359.99 1698.01
27714 2975.24 1827
27715 1336.64 1651.06
27716 377.778 1399.59
27717 4552.91 1786.09
27718 685.565 2555.79
27719 4542.75 1845.56
27720 653.128 1994.97
27721 748.924 2021.41
27722 4209.12 1856.75
27723 1182.08 2136.41
27724 1127.91 1651.3
27725 2307.75 1592.2
27726 1269.88 1487.64
27727 3801.66 1904.19
27728 4499.12 1729.86
27729 4499.12 1729.86
27730 4154.27 1929.51
27731 700.388 2001.58
27732 4755.78 1898.35
27733 1203.92 1544.84
27734 1368.76 2153.4
27735 2571.64 1564.65
27736 1013.09 1066.14
27737 838.132 1645.15
27738 1311.28 1760.43
27739 904.164 1673.21
27740 1965.93 1612.05
27741 3599.99 1775.24
27742 1967.82 1635.48
27743 1223.49 1717.74
27744 754.003 1366.29
27745 1381.9 1879.11
27746 1005.36 1612.41
27747 3446.34 2030.3
27748 793.914 1940.33
27749 2556.53 1539.78
27750 3371.98 2150.48
27751 1567.58 1992.22
27752 3475.05 1896.42
27753 3475.01 1896.41
27754 3475.01 1896.41
27755 3616 1820.85
27756 450.439 2635.86
27757 451.822 2635.33
27758 794.012 2113.62
27759 4240.96 1897.02
27760 2111.89 1648.2
27761 3318.04 1958.08
27762 3506.22 1780.8
27763 3506.22 1780.8
27764 3659.24 1682.78
27765 1908.17 2003.64
27766 2689.62 1532.08
27767 3265.17 1844.08
27768 1279.19 1368.18
27769 2167.27 2081.94
27770 1644.63 1461.68
27771 913.513 1950.01
27772 1235.15 1728.84
27773 1235.15 1728.84
27774 2241.71 1613.51
27775 3899.29 2110.56
27776 2187.86 2087.61
27777 2187.86 2087.61
27778 2739.38 1860.63
27779 911.414 1385.74
27780 2363.66 1825.48
27781 3904.08 1846.84
27782 3295.34 1991.55
27783 3295.34 1991.55
27784 4159.28 1876.71
27785 4270.4 1878.51
27786 1624.69 1754.73
27787 1744.65 2096.13
27788 1014.08 1511.98
27789 4805.63 1951.49
27790 2881.78 1588.98
27791 1238.75 1369.83
27792 2858.74 1625.96
27794 2268.75 1835.37
27795 3088.39 1544.48
27796 1916.73 1683.63
27797 3893.17 1858.58
27798 3997.06 1628.36
27799 1338.36 1620.28
27800 1338.36 1620.28
27801 2386.64 1982.67
27802 4196.31 1895.5
27803 4501.89 1697.7
27804 4637.83 1748.3
27805 4237.32 1995.45
27806 4532.64 1746.18
27807 2231.67 2124.61
27808 1004.51 2233.99
27809 446.189 1625.68
27810 1095.97 1714.03
27811 636.548 3616.29
27812 3640.95 2033.43
27813 2149.95 2137.57
27814 3231.91 1585.58
27815 3231.91 1585.58
27816 4709.16 1806.67
27817 853.887 1265.54
27818 3359.41 1779.35
27819 711.678 2166.16
27820 633.944 1565.51
27821 368.46 2383.01
27822 1259.38 1576.36
27824 4525.76 1854.68
27825 2863.95 1797.58
27826 2863.95 1797.58
27827 1058.6 1644.74
27828 1232.77 1805.56
27829 1940.52 1745.6
27830 3773.98 1791.72
27831 1511.16 1767.14
27832 1024.91 1997.26
27833 3296.91 1770.25
27834 3233.25 1981.72
27835 3360.43 1638.91
27836 3360.39 1638.92
27837 653.988 2180.64
27838 1687.71 2211.78
27839 3476.53 2013.92
27840 2591.69 2310.26
27841 2804.89 1724.73
27843 1617.4 1438.38
27844 2411.79 1598.31
27845 1254.41 1597.45
27846 1765.84 1743.03
27847 2353.71 1789.45
27848 1208.32 2235.17
27849 2559.51 1794.13
27850 3369.7 1976.05
27852 3404.52 2037.45
27853 4371.91 1698.4
27854 2697.59 1701.31
27855 744.467 2235.27
27856 4471.47 1736.05
27857 3486.04 1685.34
27858 3035.23 2029.34
27859 992.843 1288.49
27860 1075.55 1387.92
27861 1254.62 2625.24
27862 4497.18 1683.24
27863 4672.29 1945.1
27864 2964.5 1697.08
27865 4065.91 1947.31
27866 1646.12 1666.45
27867 1137.05 1706.54
27868 3654.9 1748.2
27869 2227.36 1655.97
27870 683.118 1565.9
27871 4285.96 2016.75
27872 570.874 1711.14
27873 1599.91 1643.56
27874 1599.91 1643.56
27875 1708.88 1869.15
27876 3454.07 1940.04
27877 1263.87 1714.84
27879 584.322 1605.49
27880 2907.72 1583.61
27881 2056.35 1717.78
27882 4566.02 1731.19
27883 1091.34 1653.92
27884 937.907 1562.74
27885 3839.33 1671.64
27886 1546.68 2272.21
27887 2376.39 1924.11
27888 680.955 577.525
27889 976.128 2115.47
27890 2194.98 2097.59
27891 2194.97 2097.6
27892 902.008 1301.43
27893 902.008 1301.43
27894 3275.57 1756.54
27895 3916.39 1859.17
27896 3640.27 1776.92
27897 662.914 1326.98
27898 617.041 1607.48
27900 4249.46 1652.23
27901 712.958 1602.85
27902 823.445 2193.11
27903 823.445 2193.11
27904 2156.68 1636.04
27905 2156.68 1636.04
27906 4078.01 1994.33
27907 1324.39 1362.48
27908 1135.73 1641.9
27909 958.387 2134.19
27910 3562.97 1751.26
27911 3041.47 1704.72
27912 1731.94 1556.83
27913 3277.96 2012.43
27914 983.536 2132.1
27915 3018.09 1620.14
27916 2838.56 1991.3
27917 580.765 775.132
27918 1039.39 1428.92
27919 2909.38 1600.4
27920 173.93 860.951
27921 3504.82 1676.56
27922 2856.6 1807.58
27923 887.036 3408.59
27924 3432.94 1848.25
27925 4317.75 1759.87
27926 1562.33 2171.22
27927 2187.78 1833.12
27928 4171.23 1762.25
27929 3043.52 1645.04
27930 2166.04 1625.53
27931 2227.36 1683.39
27932 585.207 2214.1
27933 738.713 1302.64
27934 738.713 1302.64
27935 3530.1 2023.13
27936 4339.65 1886.74
27937 4145.21 1713.62
27939 1779.49 1585.87
27940 3179.94 1913.59
27941 2610.48 1779.05
27942 4078.76 1871.47
27943 445.642 1321.15
27944 2741.2 1923.17
27945 2741.2 1923.17
27946 602.82 1608.8
27947 855.397 1373.01
27948 505.812 2002.31
27949 4262.21 1898.66
27950 2487.66 1881.3
27951 875.952 1144.05
27952 875.207 1143.76
27953 874.448 1573.01
27954 1909.95 1607.84
27955 4002.7 1861.79
27956 1058.2 1508.32
27957 1195.58 1495.85
27958 1195.58 1495.85
27959 709.472 657.306
27960 2528.96 1724.1
27961 2609.12 2055.49
27962 4838.85 1950.08
27963 1538.32 1564.53
27964 3554.02 1779.82
27965 1090.78 1573.89
27966 642.057 3237.84
27967 707.231 1570.57
27968 2153.01 1798.66
27969 3902.29 1697.76
27970 1004.79 1281.53
27971 3843.98 1652.73
27972 660.104 1807.38
27973 1550.04 1555.43
27974 3007.27 1576.96
27975 4442.25 1922.45
27976 2509.29 1776.35
27977 1338.38 1305.23
27978 4658.53 1745.28
27980 3463.24 1855.29
27981 630.933 1544.56
27982 3272.87 1694.4
27983 2537.59 1818.59
27984 2969.4 1911.45
27985 3005.8 1909.41
27986 1181.11 1746.79
27987 658.923 2008.53
27988 925.918 1559.78
27989 2258.92 1989.99
27990 2264.4 2053.58
27991 846.036 1197.3
27992 845.268 1197.03
27993 4580.09 1885.07
27994 3822.6 1634.91
27995 2978.3 2060.67
27996 994.358 1364.13
27998 2753.46 1572.56
27999 1096.02 1740.35
28000 3290.61 1794.77
28001 3290.61 1794.77
28002 2404.31 1948.02
28003 2873.68 1980.6
28004 231.683 393.896
28005 2690.25 1982.28
28006 2572.86 1804.01
28007 3820.92 1922.89
28008 917.52 1513.26
28009 4165.29 1864.11
28010 2055.24 1693.11
28011 922.047 1459.21
28012 3911.95 1833.95
28013 986.453 1474.12
28014 3005.18 1622.42
28015 2894.49 1925.49
28016 4624.6 1821.79
28017 1181.78 1400.02
28018 1031.5 1198.46
28020 2523.16 2043.4
28021 960.706 1633.73
28022 2987.77 1495.8
28023 1406.9 1840.35
28024 1237.45 1900.92
28025 818.05 3214.02
28026 2676.08 1782.38
28027 1148.41 2143.28
28028 17.3321 2444.4
28029 4487.27 1802.23
28030 266.017 1958.73
28031 2257.06 1747.62
28032 3490.06 2143.15
28033 1014.71 1424.88
28034 3109.29 2035.53
28035 786.829 1713.12
28036 786.829 1713.12
28037 1907.49 1754.66
28038 1659.33 1592.59
28039 938.385 1253.94
28040 712.753 1391.21
28041 712.753 1391.21
28042 1249.46 1439.03
28043 3992.44 1852.26
28044 2806.66 1765.42
28045 571.783 1507.39
28046 1206.31 1884.51
28047 4086.46 1685.31
28048 4224.54 2066.77
28049 4762.9 1827.09
28050 4762.9 1827.09
28051 2767.23 1601.72
28052 2046.24 1584.94
28053 4149.62 1999.97
28054 754.336 677.479
28055 2142.08 2021.42
28056 3648.93 1789.26
28057 3157.66 1668.16
28058 684.96 1746.76
28059 2847.17 1912.87
28060 4202.97 1868.56
28061 1390.85 1481.45
28062 4251.76 1841.14
28063 1126.96 1491.01
28064 2787.64 1915
28065 1208.75 1746.65
28066 871.87 1085.49
28067 2143.95 1968.99
28068 2143.95 1968.99
28069 547.234 2318.6
28070 1385.62 2132.6
28071 3888.04 1670.93
28072 715.714 1632.45
28073 715.714 1632.45
28074 756.682 1545.64
28075 3619.69 1745.14
28076 191.89 345.172
28077 2091.25 1674.16
28078 3089.33 1743.46
28079 3167.27 1709.45
28080 1365.62 2048.28
28081 3155.56 1658.57
28082 792.165 1101.2
28083 1109.75 1673.45
28084 3407.19 2178.37
28085 1551.68 2134.45
28086 2898.95 1860.08
28087 2952.22 1933.2
28088 2952.23 1933.2
28089 3712.74 1864.14
28090 949.728 1515.1
28091 3509.45 1711.47
28092 898.103 1930
28093 1595.62 1702.76
28094 1595.62 1702.76
28095 2351.13 1875.22
28096 2639.15 1762.71
28097 3528.52 1788.2
28098 3528.52 1788.2
28099 3179.74 1830.24
28100 562.965 2432.48
28101 1416.35 1504.43
28102 2086.56 1633.51
28103 1984.5 2082.28
28104 3029.56 1675.82
28105 1654.85 1684.53
28106 827.961 1165.2
28107 3215.09 1957.78
28109 2199.42 1776.74
28110 2458.8 1831.65
28111 4172.77 1747.36
28112 664.439 538.101
28113 3750.13 1694.85
28114 4542.4 1709.88
28115 3187.51 1590.7
28116 4084.98 1748.05
28117 3499.56 1718.01
28118 4037.24 1661.88
28119 725.007 2457.88
28120 926.404 1095.04
28121 1563.4 1778.56
28122 695.379 1801.71
28123 562.19 2330.89
28124 962.513 1421.42
28125 3792.79 1847.01
28126 3554.5 1679.39
28127 1422.94 2132
28128 1833.32 1948.32
28129 3793.43 1828.99
28130 3640.14 1674.54
28131 3181.04 2103.67
28132 1402.97 2041.95
28133 3864.78 1634.79
28134 2152.54 1680.07
28135 2805.33 1793.57
28136 2805.33 1793.57
28137 3028 1502.01
28138 3028 1502.01
28139 953.165 1483.4
28140 953.718 1483.52
28141 1393.1 1456.13
28142 1192.72 1480.16
28143 5011.83 1860.9
28144 1772.11 1555.94
28145 3578.57 1721.35
28146 753.53 514.44
28147 1987.92 1809.39
28148 3673.15 1850.47
28149 3673.15 1850.47
28150 1793.53 1652
28151 1565.23 1668.23
28152 4186.17 1953.13
28153 911.508 1641.7
28154 1670.55 1597
28155 2736.83 2019.65
28156 4103.84 1664.98
28157 695.499 1535.66
28158 4961.63 1794.77
28159 1241.92 1533.31
28160 1416.53 1462.91
28161 884.818 1362.47
28162 3030.37 1664.44
28163 1107.44 1465.3
28164 1154.27 1484.84
28165 2687.31 1574.92
28166 638.407 1118.33
28167 2323.61 1582.1
28168 840.732 1297.94
28169 840.732 1297.94
28170 3217.5 2012.01
28171 758.665 1337.8
28172 2206.7 1614.08
28173 4755.03 1875.08
28174 761.591 1782.46
28175 3860.39 1886.67
28176 4042.12 1683.71
28177 4042.12 1683.71
28178 2722.27 1713.88
28179 1624.74 1580.9
28180 3021.71 1928.57
28181 816.107 1212.86
28182 1360.51 2200.99
28183 592.332 1579.81
28184 2846.22 1607.32
28185 3734.4 2071.34
28186 1137.96 2040.78
28187 2764.7 1742.13
28188 4234.06 1764.25
28189 2264.05 1939.92
28190 2311.98 1694.2
28191 936.048 1119.09
28192 1973.67 1979.18
28193 2808.09 1557.82
28194 3586.78 1688.21
28195 1207.46 1333.07
28196 3189.57 1608.41
28197 815.977 1257.1
28198 2994.99 1577.91
28199 1098.18 1869.6
28200 652.553 344.637
28201 3730.22 1704.43
28202 1712.89 1710.64
28203 1712.89 1710.64
28204 1712.12 1647.71
28205 1727.8 1777.96
28206 2959.03 1615.83
28207 969.381 2030.36
28208 1619.38 1590.71
28209 1116.24 1747.02
28210 2593.97 1793.19
28211 3801.55 1713.02
28212 2300.41 1680.4
28213 986.806 1593.02
28214 986.806 1593.02
28215 659.48 1318.17
28216 3213.82 1725.74
28217 4738.69 1721.66
28218 2849.98 1578.19
28219 2882.18 1787.39
28220 4294.59 1900.71
28221 1740.31 1977.71
28222 2714.75 2003.89
28223 892.95 1460.28
28224 560.734 2077.11
28225 2577.55 2071.44
28226 3383.47 1744.36
28227 1798.45 1823.25
28228 1702.63 1914.79
28229 562.967 1723.6
28230 721.986 564.181
28231 2878.95 1563.83
28232 2821.46 1730
28233 2762.3 1732.01
28234 2762.3 1732.01
28235 1267.47 1861.42
28236 1494.2 1965.29