Visibility for camera _SAM1073.JPG
2800
16635 1143.93 1759.97
16833 3401.15 1405.57
17075 1072.39 1786.14
17096 623.456 1805.4
17308 3327.16 1306.68
17420 3276.21 983.839
17445 3352.8 1070.72
17502 2431.13 1569.12
17540 3335.6 1238.62
17654 3167.99 780.558
17787 1833.65 1643
17812 1943.04 1002.65
18234 850.648 1787.96
18353 1345.87 1633.79
18386 1416.69 937.743
18433 276.971 1702.9
18505 1264.51 1642.97
18713 3344.02 1151.81
19105 3239.56 848.249
19135 1584.99 1661.01
19143 1943.41 908.443
19197 2309.46 1554.6
19217 2977.11 1521.13
19293 3423.18 1311.53
19325 3076.81 1514.57
19344 1607.82 1779.66
20033 3075.16 1259.41
20042 3945.76 837.027
20081 2028.74 1531.71
20294 4118.48 1585.12
20307 2015.2 1554.34
20353 1111.7 1313.96
20492 226.122 1892.12
20493 2737.13 1254.67
20573 2780.65 1290.52
21288 759.477 1099.79
21410 1173.1 737.357
21427 3093.25 1225.22
21440 1231.83 1343.6
21531 1345.15 1341.69
21756 1068.26 1568.83
21776 3922.09 1206.25
21780 603.757 1648.57
21804 1023.64 1402.39
21846 1280.87 804.588
21869 3001.04 1235.54
21913 1424.39 712.014
21961 3393.78 1050.29
21998 617.567 1339.11
22075 1724.08 1444.1
22117 4674.17 798.501
22302 1261.17 856.356
22323 528.188 1446.24
22386 1582.24 1478.65
22415 2188.19 1291.59
22432 2566.7 714.197
23115 3126.42 1331.39
23159 1903.25 639.754
23203 2610.51 1300.39
23206 3014.87 1174.3
23234 774.856 1446.13
23326 1403.18 1301.97
23379 3076.78 546.572
23437 641.137 1368.64
23443 1469.88 766.035
23444 1461.79 1514.95
23513 458.837 1378.35
23524 455.616 1451.76
23562 2729.78 1791.65
23580 1255.62 1374.87
23614 4061.41 1189.94
24053 1167.39 1385.14
24054 1167.39 1385.14
24064 4757.57 736.802
24112 729.467 1539.31
24266 3050.52 720.462
24310 756.401 1616.28
24334 2872.42 1778.38
24379 1724.34 1411.58
24386 2818.73 788.556
24389 2594.13 1263.29
24410 1410.36 743.428
24427 2766.07 1319.11
24442 3857.3 673.81
24470 2781.18 1232.74
24487 1672.96 1569.5
24524 2566.71 1867.11
24535 1519.04 885.607
24582 454.519 1427.24
25318 1226.69 815.691
25443 1653.87 1425.84
25572 1791.13 490.146
25860 269.8 1548.38
26010 1852.9 1351.9
26036 348.02 1694.68
26062 3059.32 1758.57
26322 1497.69 1439.2
26449 1133.28 1101.8
26466 5077.58 583.767
26468 815.54 1337.3
47907 3493.9 584.959
48750 3294.77 1261.6
49189 1650.09 938.836
49267 2403.39 1902.36
49548 2796.01 1203.28
50775 2956.99 837.84
50874 3285.07 1133.29
51131 3533.52 1362.6
51235 3938.03 729.341
52069 866.406 2035.82
53764 2566.7 714.197
53885 866.406 2035.82
53914 3504.4 1204.17
53934 4245.16 1392.56
54053 3462.3 1119.73
54482 2421.76 775.362
54684 2344.02 766.675
54701 2992.19 900.848
54712 3794.43 989.175
54733 3289.55 1097.51
55568 4201.7 634.496
55596 2552.29 785.659
55625 3493.89 439.076
56608 3353.42 806.715
58880 1619.58 962.487
65795 4177.82 562.986
66667 816.71 1312.5
66671 1359.35 1496.18
66673 1145.69 691.912
66727 1667.39 664.103
66755 1060.12 653.056
66771 1042.52 666.445
66810 1535.7 1448.2
67044 3964.58 680.616
67122 5157.56 669.511
67136 4221.52 613.099
67137 3362.88 834.193
67184 1078.35 1306.8
67212 2352.1 868.154
67218 3972.47 869.829
67222 2877.73 699.935
67225 963.386 1497.51
67268 1060.12 653.056
67274 2140.25 631.914
67278 1010.72 1488.2
67287 2410.26 1310.18
67292 355.599 865.069
67299 5025.05 704.57
67301 3427.9 448.856
67340 3525.59 858.878
67353 2786.6 1778.92
67361 5056.76 796.552
67367 2246.06 1323.29
67387 4257.47 1175.86
67388 2407.76 721.054
67414 3464.81 1157.48
67416 1954.19 686.062
67430 5032.75 742.574
67603 401.485 821.709
67690 563.51 1526.9
67711 2512.28 782.747
67776 5131.51 810.885
67779 5153.22 644.099
67830 3711.55 966.996
67834 2852.56 1377.46
67932 2740.18 1346.18
67963 1076.76 694.679
67976 5001.16 750.891
67977 5001.16 750.891
68011 2892.76 845.076
68012 2837.2 829.196
68015 4238.11 1497.34
68043 3623.78 1132
68066 3853.74 739.358
68128 2421 845.747
68147 1226.36 1551.87
68156 3421.76 1159.29
68165 3430.48 1020.65
68226 4187.01 658.372
68278 755.752 1494.18
68284 2940.49 1127.42
68292 1202.55 630.396
68296 926.449 1566.5
68330 4369.74 790.222
68331 4257.47 1175.86
68339 3010.02 1783.36
68344 2410.88 879.601
68348 3711.19 568.455
68359 3480.9 1180.02
68414 623.417 1616.18
68417 3410.5 1360.4
68422 2300.88 868.184
68424 1762.03 1574.99
68429 3427.9 448.856
68433 2589.11 665.018
68446 3286.06 906.576
68457 3822.01 721.906
68464 1593.31 955.75
68472 1203.47 651.163
68482 4009.19 796.316
68487 478.78 1406.21
68492 3202.32 1290.4
68502 4112.35 520.912
68505 1302.49 1521.85
68510 2723.17 1318
68540 3172.67 589.992
68563 410.392 1417.98
68564 3594.53 482.375
68567 2879.56 1392.16
68569 3285.15 727.87
68585 4848.2 796.759
68613 191.168 1696.8
68615 2458.81 713.035
68623 4107.77 1346.94
68627 524.81 1686.12
68632 3394.04 1167.98
68634 3635.66 999.214
68639 4014.86 929.725
68650 310.863 1329.17
68662 3521.87 438.921
68673 855.729 1622.35
68685 2733.34 1296.92
68696 1207.61 736.408
68698 2661.9 1822.26
68708 1973.07 936.819
68709 2927.59 804.601
68714 3493.9 1410.44
68733 987.797 1304.68
68747 3502.13 537.019
68751 4066.33 908.603
68755 3481.86 723.413
68756 1212.08 1443.69
68763 211.69 1442.41
68766 2976.71 1299.78
68769 1462.5 709.064
68771 1309.86 1281.38
68772 2333.95 810.017
68775 659.98 996.054
68776 5211.22 766.128
68777 2756.72 686.489
68844 1968.52 1571.93
68847 2002.92 1199.11
68873 3830.01 958.877
68901 1825.48 1571.14
68910 2222.74 1528.34
68914 3914.02 1156.24
68921 3080.43 741.833
68922 3571.31 1386.77
68924 2355.52 1069.85
68940 3187.89 812.437
68949 5012.62 848.59
68952 3949.91 1187.2
68956 3761.69 1089.34
68959 4223.46 1535.79
68973 2444.44 1486.64
68976 4130.46 1532.8
68978 3502.13 537.019
68979 3723.53 1442.86
68982 185.26 1126.89
68986 2070.44 1574.51
68990 3061.89 1209.67
68991 1383.02 1613
69006 1359.76 1698.9
69010 3434.44 1121.39
69023 2178.58 1544.63
69034 325.701 1130.88
69038 2026.73 1558.95
69050 3484.27 515.279
69061 964.73 1078.32
69071 2051.14 992.815
69082 2547.39 1219.76
69087 1950.84 975.294
69107 3423.14 1419.93
69343 4818.16 1011.92
69378 2352.66 1003.05
69389 2176.86 1447.12
69563 3647.61 600.165
69569 748.587 1741.91
69600 2172.45 1212.26
69603 1207.58 1773.42
69725 2232.24 1215.15
69769 3033.26 558.897
69866 3921.29 1086.18
69909 1569.5 1518.78
69938 2449.03 1017.15
69976 2389.95 1563.7
70007 2385.01 1542.76
70022 4340.12 1370.86
70060 5100.92 922.461
70118 525.763 1805.87
70123 4042.79 1148.96
70156 3055.38 761.133
70169 3767.48 1465.61
70206 3578.76 976.026
70240 3727.25 1418.64
70255 3030.33 1058.95
70277 2909.79 1527.99
70308 3220.76 895.717
70333 2749.04 1535.93
70341 2980.51 1327.56
70357 3104.98 1262.47
70378 3788.33 1476.27
70381 3648.16 836.119
70389 178.358 1328.55
70411 3458.49 1488.45
70418 2806.58 965.498
70422 3409.51 1460.79
70433 946.686 1676.72
70482 1970.52 1595.77
70483 1846.66 1034.54
70488 2037.31 1021.8
70503 3806.46 936.181
70548 2639.31 1584.12
70595 816.854 1760.7
70608 2421.76 775.362
70638 2245.1 1887.13
70655 3165.51 1412.3
70668 4284.23 1063.51
70683 5076.73 944.673
70692 3452.9 1753.26
70693 3452.9 1753.26
70695 2373.07 1598.8
70697 4580.3 920.664
70702 3441.72 560.818
70715 2378.71 1264.45
70722 4699.9 982.716
70767 4744.8 957.747
70771 4592.95 941.053
70796 4063.75 1587.96
70816 3439.47 1464.38
70826 3696.44 734.339
70830 1963.59 1023.75
70839 3638.35 659.799
70849 1951.15 1037.55
70881 2537.68 1465.73
70911 2672.8 1193.82
70932 3441.16 1502.26
70985 5044.74 943.094
71009 1057.57 1526.62
71012 2400.96 1580.15
71050 1210.39 1640.2
71069 448.384 1404.36
71092 3156.64 1325.5
71097 126.582 1842.8
71098 2030.01 1961.83
71101 1821.21 1661.36
71109 4264.74 850.791
71117 3816.17 1231.85
71118 1312.2 1667.09
71126 1785.19 1482.35
71130 3378.59 1308.82
71134 4337.33 1329.86
71137 3441.59 1329.49
71138 2127.83 1036.13
71143 2602.13 1916.64
71144 2602.13 1916.64
71161 2443.57 1453.56
71164 3097.31 609.094
71165 3442.86 1403.1
71166 4224.54 1374.72
71181 2361.5 724.565
71186 2870.22 1261.08
71192 3199.7 1030.28
71195 239.63 1127.46
71209 1614.16 2036.64
71210 1614.16 2036.64
71213 3648.59 1515.06
74425 3227.71 1316.19
74426 4145.11 1566.34
74440 2013.9 1656.2
74442 763.838 1888.58
74447 3662.55 1525.85
74448 5074.29 906.302
74457 352.854 2093.17
74463 2406.81 1043.11
74485 1626.44 1085.21
74487 793.863 653.299
74501 2494.37 1009.11
74508 2188.69 1634.27
74510 2646.21 1567.4
74518 5145.6 927.463
74522 3357.27 1278.17
74527 1670.45 1776.64
74530 330.478 2036.04
74531 1246.67 1737.26
74532 5103.73 874.836
74537 2040.74 1714.5
74542 120.905 2199.48
74550 259.256 2112.63
74554 2172.03 1920.02
74557 2402.66 1003.47
74561 2324.63 1597.26
74569 3135.39 1282.76
74570 214.071 2479.72
74571 1855.32 1002.66
74573 722.529 2039.52
74574 3113.76 1484.11
74576 1186.49 1685.04
74580 136.727 2217.65
74582 169.99 1304.12
74585 734.448 1103.16
74587 2944.91 1528.81
74590 2630.93 983.49
74592 1794.4 1063.3
74598 1424.54 2052.19
74604 4032.95 1610.27
74612 1647.93 2048.87
74619 1879.47 1039.93
74626 2293.84 1492.28
74628 4048.95 1585.64
74630 5183.98 959.505
74637 47.317 2158.15
74640 113.126 2094.04
74641 3154.87 1498.93
74643 2108.85 1023.27
74647 2313.21 1522.06
74651 196.975 1837.55
74655 244.138 2510.59
74656 145.319 1884.31
74661 2146.84 824.735
74663 3679.93 657.445
74664 2033.28 973.753
74665 3122.73 1509.38
74668 2517.78 997.167
74670 62.0155 2135.48
74671 1038.39 2061.52
74676 1317.22 1742.46
74681 1793.83 964.828
74683 2254.54 1590.36
74689 2071.24 957.538
74694 502.466 1783.66
74695 3358.69 1317.92
74697 5153.84 879.181
74699 65.7752 741.467
74700 3835.07 782.733
74704 2886.52 1247.98
74706 3668.46 709.749
74709 3597.88 647.709
74710 3597.88 647.709
74713 1711.02 1562.8
74714 4962.54 802.998
74720 2344.32 1188.11
74727 45.4579 2133.9
74735 3464.4 548.901
74741 243.436 2034.99
74743 3061.91 1184.14
74744 1690.56 1654.98
74752 1096.08 1642.56
74753 2003.2 1017.91
74756 2317.49 1177.27
74757 1816.34 922.282
74758 1321.48 1731.45
74759 1248.33 1651.7
74761 663.996 1119.21
74763 5224.59 911.812
74766 2008.15 968.134
74768 294.203 2453.77
74769 3552.37 1441.28
74770 3687.7 1446.1
74776 3483.44 1450.48
74781 2508.12 936.772
74784 390.041 1815.06
74785 3111.28 1165.56
74787 991.996 1748.2
74788 991.996 1748.2
74789 3769.85 762.034
74790 2135.41 1935.23
74794 13.5823 1492.07
74795 2303.79 1857.14
74797 3355.21 1484.48
74805 3756.75 713.172
74809 1148.69 2068.21
74812 570.02 1786.9
74818 945.085 1851.89
74822 3047.6 1513.07
74824 2566.09 914.805
74826 2096.35 964.735
74828 3093.47 1326.33
74831 2656.37 1002.82
74833 1093.94 1674.3
74834 2006.19 1002.33
74839 3090.84 1290.13
74842 3671.77 728.367
74847 1265.15 2047.3
74848 2616.85 1020.28
74852 2192.11 1004.68
74858 2747.97 1232.77
74862 4594.69 971.561
74863 1390.11 2051.6
74864 1649.49 1574.77
74869 960.26 1659.03
74872 3686.26 679.318
74873 2689.14 898.549
74874 3463.87 1269.91
74875 5039.64 872.141
74876 1350.95 2075.56
74877 2577.06 935.315
74878 1823.54 2035.28
74891 1979.04 1577.48
74893 1381.58 2076.03
74894 1737.93 2033.83
74895 4308.99 1037.77
74896 4231.41 1600.33
74900 3468.11 1513.77
74902 2421.63 1451.83
74904 3358.08 1341.61
74908 2483.29 931.719
74910 4951.41 925.66
74914 5095.99 788.59
74915 703.276 1108.3
74918 1585.83 2050.83
74925 954.421 2050.89
74926 131.428 1877.35
74927 3629.8 641.398
74929 3602.43 693.522
74931 436.196 1131.65
74935 1726.29 1599.1
74936 169.059 1840.46
74943 3188.82 1115.68
74948 3658.84 1568.1
74949 1804.04 1633.99
74951 449.998 2150.98
74953 1900.7 1939.08
74954 2151.34 1900.85
74957 1925.56 970.802
74960 1885.85 888.961
74961 3384.07 1075.17
74965 2912.1 956.183
74966 2064.37 1918.77
74967 1605.93 1531.13
74971 1985.73 989.228
74973 1322.03 2045.17
74974 3137.47 1218.82
74975 1141.05 1067.7
74976 2121.49 1588.08
74978 2340.91 969.182
74979 2340.91 969.182
74982 634.212 2016.99
74988 81.9681 1955.35
74995 2187.3 1899.11
74996 3691.5 639.103
74999 3131.95 1343.73
75000 5108.7 935.827
75002 3784.16 746.104
75005 3546.64 600.261
75006 1892.35 1572.26
75012 3715.46 663.786
75013 2160.93 975.264
75014 2483.69 1477.66
75018 66.4353 2196.83
75019 137.068 1905.6
75022 2184.1 1524.79
75023 1438.28 952.687
75026 1979.43 858.636
75030 4913.95 973.422
75031 1297.11 1679.07
75032 2927.91 934.989
75034 2052.69 971.931
75038 67.9649 2084.21
75039 2576.26 998.773
75040 3498.61 1445.05
75045 2444.36 936.136
75049 226.685 2304.01
75056 1394.36 1811
75061 1339.73 2078.01
75063 3407.38 483.053
75064 971.346 2033.46
75069 25.5129 2110.35
75077 1341.33 1682
75078 3430.89 1186.08
75079 3602.58 634.72
75081 5031.98 849.439
75083 4372.86 1101.09
75084 257.946 2037.1
75091 1044.37 2045.44
75092 2417.11 1529.99
75093 3124.38 1263.89
75094 2554.75 919.377
75098 1327.1 1041.95
75099 1237.84 1062.18
75101 3348.23 1421.44
75103 59.6157 643.958
75104 59.6157 643.958
75105 3173.71 740.74
75106 3103.16 798.177
75108 3700.97 624.436
75113 2998.3 1285.73
75115 2308.55 1570.9
75116 2085.81 988.608
75118 1900.11 1497.93
75119 3738.97 733.621
75120 3738.97 733.621
75121 26.4923 958.753
75123 267.374 1850.3
75127 4991.6 935.521
75130 3101.35 1030.32
75131 1742.6 1956.27
75135 1357.4 2032.97
75136 1357.4 2032.97
75138 1440.28 1815.3
75143 133.542 2087.67
75145 3381.77 1503.56
75147 141.232 2303.78
75148 4234.47 1582.57
75151 1734.92 1559.38
75160 54.9851 1079.23
75164 3790.69 1058.83
75172 4790.42 1011.22
75173 2217.82 983.324
75175 1938.13 1608.33
75178 2181.61 992.727
75180 3027.84 1083.95
75182 128.91 2020.09
75183 1515.5 1811.43
75184 146.496 2215.14
75185 108.801 2219.3
75186 4306.91 1370.43
75187 269.152 1733.87
75188 269.152 1733.87
75189 4208.76 563.794
75190 657.877 1739.91
75192 280.498 1841.7
75194 356.167 1148.11
75195 2856.52 1475.61
75196 1228.03 1116.34
75197 2280.52 677.404
75198 3778.23 1580.7
75199 2828.94 1163.19
75200 15.8454 1517.6
75201 212.012 1159.91
75202 1172.92 1487.56
75203 504.73 2070.07
75204 3257.28 1149.35
75205 4302.08 1339.33
75206 199.106 762.842
75207 313.85 2384.36
75208 2287.47 1323.2
75209 1110.21 2034.29
75210 475.304 1744.46
75211 2593.57 1208.94
75212 3702.7 686.508
75213 1467.41 1572.41
75214 2416.55 1071.22
75215 82.7629 853.002
75216 452.503 1151.55
75217 3178.85 510.077
75218 2519.52 1023.14
75219 1647.08 884.683
75220 2095.21 1016.58
75222 3492.09 1513.65
75223 3055.52 760.857
75224 3126.17 1183.15
75225 1409.88 1744.41
75226 334.184 2189.27
75228 1537.94 905.779
75229 1749.22 1543.17
75230 83.9908 1886.62
75231 3272.28 1027.52
75233 1771.53 1523.15
75234 3079.71 396.762
75235 185.838 834.894
75236 735.315 1735.33
75237 3205.36 1241.77
75239 376.758 2119.98
75240 460.251 1103.35
75241 2615.68 1900.02
75242 2710.16 1360.73
75243 325.327 1603.83
75244 3316.29 1136.99
75245 252.927 2367.26
75246 377.357 1650.1
75247 5235.77 755.696
75248 3129.34 1525.65
75249 2296.47 922.86
75250 280.052 2545.29
75251 2059.3 1181.07
75252 495.228 1770.03
75253 3313.71 1279.36
75254 1167.57 1073.35
75255 295.377 2039.63
75256 1972.06 1262.91
75258 2377.99 1185.14
75259 3662.65 596.69
75260 1960.01 1616.68
75261 341.933 1810.74
75262 222.536 1195.91
75263 2471.74 1937.16
75264 3615.94 1077.96
75265 3615.94 1077.96
75266 1094.1 1093.85
75267 2267.1 704.528
75268 265.968 2447.64
75269 3634.93 613.479
75271 351.996 2093.29
75272 2802.36 1302.3
75273 2334.35 1287.63
75274 125.02 1683.74
75275 823.19 1702.36
75276 298.935 1741.16
75277 4020.58 852.253
75278 2818.28 1543.7
75279 3256 240.515
75280 2838 1842.85
75281 3624.3 1568.46
75284 3321.64 810.448
75285 2669.39 1249.19
75286 1600.66 700.057
75287 3341.06 1405.17
75288 3862.27 983.385
75289 320.461 2120.24
75290 319.591 2120.37
75291 1450.1 2054.16
75292 97.3169 773.032
75293 4304.11 1300.09
75294 1961.26 1936.3
75295 193.722 1495.23
75296 3424.38 982.502
75297 3290.01 705.479
75299 1519.83 697.662
75300 2329.18 671.941
75301 31.8568 1327.73
75302 2230.57 1946.41
75303 575.782 1105.34
75304 2956.6 800.12
75305 1491.87 703.673
75306 3573.26 813.156
75307 4004.75 826.561
75308 345.259 814.303
75309 4709.84 894.042
75310 406.177 1791.14
75311 3385.89 1100.88
75312 717.786 1135
75313 1764.15 2033.87
75317 3552.44 1405.65
75318 3519.57 1688.38
75319 3519.57 1688.38
75320 5189.74 747.976
75321 2851.69 1510.16
75322 2851.69 1510.16
75323 388.63 1456.06
75325 1549.86 1534.77
75326 2458.81 713.035
75327 4339.38 1493.51
75328 1108.52 1438.68
75329 2958.59 1510.2
75330 2030.8 1886.16
75331 4104.82 886.208
75332 2811.5 1181.17
75333 2268.05 912.2
75334 2689.6 1562.85
75335 753.765 1397.42
75336 607.864 1782.04
75337 64.3443 1941.93
75338 3318.72 789.162
75339 2536.54 664.066
75340 5184.02 700.087
75341 2940.54 1207.51
75342 1336.51 1275.24
75343 987.554 1411.47
75344 2271.54 1597.57
75345 4397.99 790.095
75346 2372.21 1482.8
75347 1558.74 965.473
75348 1796 2032.34
75349 1796 2032.34
75350 2475.63 888.947
75351 3356.59 1255.53
75352 2810.95 1575
75353 503.155 2109.21
75354 3211.07 927.867
75355 710.214 1776.07
75356 1537.32 929.443
75357 3530.9 1437.99
75358 3336.94 1265.82
75360 2521.09 885.901
75361 1485.25 899.112
75362 1485.25 899.112
75363 1260.93 750.453
75364 728.804 1373.66
75365 1365.55 912.188
75366 3163.57 1519.24
75367 380.636 1435.93
75368 2405.67 749.32
75369 3931.39 1226.5
75370 60.5035 1893.51
75371 60.5035 1893.51
75372 2836.19 433.735
75373 2293.45 1943.32
75374 3895.78 844.221
75375 1908.28 1482.36
75376 3841.4 463.833
75377 2710.24 925.611
75378 2445.56 972.747
75380 1390.5 774.186
75382 69.7397 777.509
75383 2028.75 1933.68
75384 921.834 1744.64
75385 3532.41 1548.76
75386 4285.17 1063.1
75388 1037.92 2061.61
75389 1434.7 1109.37
75390 3361.95 1363.67
75391 4268.7 1044.07
75392 4278.59 1491.68
75393 1335.18 1749
75394 34.5532 1433.74
75395 3285.88 805.488
75396 709.656 1072.97
75397 1793.68 964.633
75399 759.79 1419.21
75400 3436.32 1053.6
75401 2472.48 1840.47
75402 359.688 2517.26
75403 4567.71 904.437
75404 2731.98 1881.22
75405 790.684 1756.95
75406 424.675 1430.17
75407 1346.84 906.696
75408 2670.88 1886.17
75409 3320.68 1389.45
75410 3651.5 742.103
75411 3095.97 379.205
75413 71.3683 1204.49
75414 -8.57961 1964.52
75415 1456.42 951.939
75416 1658.09 1397.15
75417 3764.99 1505.72
75418 3808.75 653.387
75421 4572.29 940.943
75422 45.8787 1058.87
75423 3596.27 953.899
75426 3055.45 821.39
75427 3568.35 933.115
75428 2741.29 370.669
75429 2604.2 1383.76
75430 311.948 1708.34
75431 1707.69 1299.46
75433 2827.93 732.935
75434 140.718 811.531
75435 48.3475 780.161
75437 1526.3 908.275
75438 2395.4 1327.73
75439 1879.7 1863.82
75440 154.765 2166.33
75441 2640.31 1911.39
75442 1218.48 872.119
75443 492.709 2040.99
75444 2192.09 1888.66
75445 2703.24 692.205
75446 9.16864 1844.72
75448 46.7345 1604.16
75450 4980.92 878.87
75451 3202.25 1300.94
75452 167.081 2080.86
75453 259.239 1098.31
75454 1214.31 1696.82
75455 1564.96 877.782
75456 3527.07 1193.59
75457 3391.45 487.425
75458 4663.37 1004.97
75459 896.118 1376.69
75460 3106.98 472.575
75461 733.293 1407.39
75462 2064.24 1874.3
75463 1659.08 863.242
75464 59.334 702.933
75465 3848.66 772.96
75466 548.879 1947.64
75467 76.7397 1390.82
75469 4240.52 1165.23
75470 3538.91 1309.41
75471 4994.53 970.465
75472 191.752 1559.95
75473 1256.78 1058.51
75474 285.435 1197.13
75475 2759.79 1111.7
75476 3941.2 761.083
75477 1338.21 842.328
75478 102.155 782.489
75479 1309.64 931.638
75480 347.306 1549.12
75481 1114.36 1525.92
75482 3146.5 847.848
75484 1261.95 1072.25
75485 889.425 1700.34
75486 4101.47 1033.29
75488 755.383 1461.56
75489 1946.37 992.168
75490 1502.06 971.02
75491 2628.4 1817.64
75492 2131.89 1443.67
75493 1861.77 903.464
75495 2341.86 792.376
75496 2341.86 792.376
75497 4706.94 839.075
75498 490.576 1108.64
75499 3359.55 1020.76
75500 3359.55 1020.76
75501 337.5 1834.52
75502 337.5 1834.52
75504 2109.26 592.199
75505 1919.92 1937.41
75506 1562.16 703.471
75507 90.1832 1851.64
75508 208.141 1479.63
75509 3595.39 1465.64
75510 3595.39 1465.64
75514 2720.09 1880.64
75515 3641.82 1125.04
75516 390.346 1786.82
75517 3230.79 879.138
75518 292.947 1890.35
75519 81.4315 2135.68
75521 3199.52 892.88
75522 1199.71 1651.04
75523 3356.87 1232.53
75524 3517.38 1280.6
75525 3517.15 1280.73
75526 3113.25 818.001
75527 221.994 767.088
75528 614.216 2033.47
75529 91.8904 1919.43
75530 954.576 2064.09
75531 3415.56 1446
75532 2110.92 1304.08
75533 6.24381 562.862
75534 1630.54 1035.55
75535 4024.2 619.334
75536 1369.2 696.89
75537 3744.77 1114.78
75538 3744.77 1114.78
75539 2626.67 719.168
75540 1414.9 823.53
75541 1555.21 1395.58
75542 3674.04 1040.95
75543 4090.61 1582.28
75544 4091.26 1582.18
75546 3179.43 872.802
75547 3179.43 872.802
75548 985.97 1348.21
75549 1357.04 956.189
75550 2175.66 1903.17
75551 3580.39 1208.73
75554 2665.8 1313.87
75555 4863.82 737.402
75556 4202.82 1250.15
75557 1989.65 926.158
75558 1989.56 925.978
75559 3725.09 619.166
75560 397.496 2389.94
75561 2777.86 1873.3
75562 1900.08 825.647
75563 1900.08 825.647
75564 3980.86 1085.93
75565 1172.87 1651
75566 1172.87 1651
75567 4328.87 1141.15
75568 331.52 2143.27
75569 534.444 1388.36
75570 2254.21 1861.9
75571 3405.73 503.13
75572 177.152 2197.13
75573 4102.56 1087.03
75574 1038.58 1713.2
75575 3707.17 1436
75576 3315.32 1006.17
75577 476.033 1427.5
75579 421.686 1162.58
75580 3415.73 1102.7
75582 1228.56 2068.34
75583 2651.17 1025.86
75584 1184.61 1617.15
75585 3164.91 627.392
75587 3171.55 613.806
75588 1234.44 885.095
75589 2075.64 639.062
75590 2103.28 1903.23
75591 2407.57 1288.35
75592 2376.5 1915.75
75594 2428.95 1259.77
75595 894.958 1685.95
75596 350.632 1749.26
75597 3473.75 1280.82
75599 2604.3 1025.35
75600 3494 1327.55
75601 3057.4 1152.57
75602 1286.53 920.875
75603 180.046 770.125
75604 179.186 769.69
75605 4091.06 875.83
75606 67.0419 2084.32
75607 1367.27 743.764
75608 24.3768 2095.5
75609 110.87 857.369
75610 3195.17 728.481
75612 3502.52 1682.03
75613 3768.67 735.07
75614 3242.29 677.65
75615 3242.29 677.65
75616 3580.09 1229.03
75617 3580.09 1229.03
75618 1535.78 1625.05
75619 4724.67 911.222
75620 4723.32 911.77
75621 331.192 2494.29
75622 1239.43 1011.82
75623 2584.3 1209.95
75624 167.053 1100.31
75625 2218.94 1839.2
75626 5044.21 756.494
75627 4978.11 812.299
75629 3881.18 792.212
75630 3694.95 997.969
75631 3360.98 1189.18
75632 2881.25 1870.67
75633 4493.02 1011.17
75634 3365.52 926.391
75635 2290.14 1017.91
75636 5255.22 768.469
75637 201.024 1579.85
75638 1179.4 1384.46
75639 2688.38 80.9017
75640 3379.53 1265.74
75641 4935.05 728.679
75642 2213.4 1020.67
75643 1545.11 666.718
75644 1329.62 1623.76
75645 3361.12 996.545
75646 3361.12 996.545
75647 3283.79 670.66
75648 1020.25 1629.73
75649 46.384 1185.48
75650 1014.71 1564.42
75651 1014.71 1564.42
75652 3518.34 1226.08
75653 4282.04 1540.03
75654 321.672 2180.84
75655 153.174 2031.74
75656 1601.19 2056.18
75657 112.021 635.008
75658 2216.6 1462.34
75659 1740.13 972.439
75660 3339.96 1245.98
75661 3872.91 1642.34
75662 3874.4 1219.61
75663 156.95 2193
75664 3321.19 987.603
75665 3321.19 987.603
75666 3947.97 789.946
75668 1765.89 1750.49
75669 162.019 1747.78
75670 2107.25 635.303
75671 3078.98 1330.41
75672 1915.54 1191.09
75673 2815.5 1803.45
75674 3673.67 1058.14
75675 647.07 1493.91
75676 1188.56 1044.52
75678 3436.53 1161.76
75679 2187.31 1899.11
75680 64.383 1911.95
75681 64.383 1911.95
75682 3602.93 1320.68
75683 397.75 2088.64
75684 3879.75 1233.3
75685 1906.15 992.021
75686 3623.38 560.801
75687 3687.73 574.281
75688 1062.82 1458.02
75689 3381.15 1440.07
75690 1628.03 2046.75
75691 1075.63 1440.18
75692 1212.64 2063.39
75693 2320.25 728.479
75695 3278.74 690.745
75696 3554.05 1351.12
75697 4621.97 638.222
75698 155.184 2180.03
75699 155.184 2180.03
75700 3596.01 914.027
75702 3160.98 1796.51
75703 2988.15 1423.82
75704 2151.41 1036.9
75705 3739.04 1095.4
75706 4.00074 1380.18
75707 1620.93 1975.87
75708 190.762 1365.19
75709 3931.89 1139.22
75710 1946.83 1957.09
75711 473.018 1473.6
75712 73.5026 901.057
75713 1845.34 1882.48
75714 1845.34 1882.48
75715 341.05 1197.41
75716 4980.19 933.736
75717 4965.65 887.296
75718 611.491 2080.14
75719 1977.02 1957.33
75720 963.054 1340.74
75721 2644.1 898.237
75722 381.042 1484.45
75723 4077.46 1578.99
75724 4077.46 1578.99
75725 631.598 1491.94
75727 225.819 1578.08
75728 409.811 1523.62
75729 3794.55 1163.53
75730 2586.95 1845.2
75731 4007.07 1195.23
75732 3639.96 509.315
75733 119.594 842.78
75734 141.226 858.805
75735 2193.49 1018.89
75736 2611.39 756.4
75737 3504.22 1168.61
75738 2128.68 1860.27
75739 1544.23 1215.39
75740 2627.68 1206.42
75741 202.534 1763.68
75742 3084.84 1274.6
75743 2119.93 620.285
75744 3673.57 1112.84
75745 3625.69 780.679
75746 1564.35 941.85
75747 3119.03 552.177
75748 1503.32 684.768
75750 2894.55 967.216
75751 498.395 1535.27
75752 498.395 1535.27
75753 1221.67 794.442
75754 3191.6 868.002
75755 169.829 1854.63
75756 4354.13 1477.84
75757 3450.31 446.861
75758 1524.62 1661.97
75759 428.802 2101.19
75760 269.422 1754.26
75761 3210 520.756
75762 3315.09 1295.51
75763 2169.84 1473.01
75764 1057.12 2073.12
75765 66.5054 1032.11
75767 3431.77 1352.19
75770 286.302 2134.86
75771 2161.24 1418.56
75772 1244.45 736.064
75773 5257.04 831.606
75774 1823.76 1341.54
75775 3749.52 1192.35
75777 3577.5 603.11
75778 57.4967 829.107
75779 5225.62 895.509
75780 2078.47 669.657
75781 637.73 1467.28
75782 3611.13 982.555
75784 2203.9 1257.73
75785 2860.15 1871.82
75786 3389.89 1346.12
75787 4882.18 952.017
75788 5103.99 856.064
75789 2083.1 945.042
75790 2441.33 1514.29
75791 1752.26 975.892
75792 2351.12 709.724
75793 3252.5 880.525
75794 492.796 1550.89
75795 1251.3 1024.75
75796 87.4167 1273.97
75797 3067.79 1825.64
75798 3421.16 1137.39
75799 3261.25 1129.38
75800 1744.02 1206.15
75801 3271.41 266.759
75802 2295.54 1196.55
75803 2665.76 987.316
75804 2545.78 1917.16
75805 5170.16 763.883
75806 2025.63 863.036
75807 2106.99 1477.08
75808 325.292 2198.95
75809 551.536 1785.19
75810 3888.77 1181.02
75811 2505.1 702.777
75812 5023.68 795.73
75813 150.508 825.649
75814 1498.28 915.657
75815 4184.54 1489.98
75816 3745.49 1077.25
75817 440.58 1498.12
75818 440.58 1498.12
75819 4186.59 1432.08
75820 67.4162 1953.49
75821 399.901 1777.31
75822 597.829 775.193
75823 4690.95 1010.25
75824 2994.64 1089.33
75825 558.473 1611.54
75826 1490.88 1646.55
75827 3266.5 294.124
75828 1700.25 856.107
75829 3476.58 1302.06
75830 3476.58 1302.06
75831 2689.71 1292.16
75832 21.2249 1016.24
75833 2643.53 1817.08
75834 4279.97 1512.38
75835 3205.61 629.982
75836 4318.52 1258.23
75837 1067.76 1636.05
75838 2319.87 1916.48
75839 180.09 820.305
75840 2465.04 930.527
75841 2852.44 1843.77
75842 1176.71 2082.25
75843 3858.67 1063.33
75844 4301.57 1148.52
75846 1451.44 886.321
75847 2693.24 881.064
75848 620.723 1053.5
75849 1841.82 1518.77
75850 5127.94 781.722
75851 1732.02 1025.71
75852 2269.59 1905.84
75853 4043 782.766
75854 4227.4 1414.74
75855 1869.72 1007.5
75857 3390.57 1255.77
75858 3673.2 967.448
75859 2114.08 947.19
75860 3197.27 1359.51
75861 2752.07 904.595
75862 1733.24 2043.99
75863 3756.8 617.178
75864 2012.59 1869.63
75865 167.522 831.569
75866 2198.42 695.662
75867 1930.46 930.714
75869 3782.2 933.815
75871 2912.07 1835.51
75872 2571.15 886.953
75873 4153.46 842.523
75874 168.606 1136.6
75875 2826.86 1935.25
75876 3505.65 1137.8
75877 1253.13 2062.11
75878 3430.17 1263.09
75879 2168.57 1584.26
75881 1544.52 899.544
75883 1979.7 1472.1
75884 1063.32 1346.05
75885 395.208 2102.59
75886 4117.17 1479.04
75887 2451.37 679.511
75888 2730.9 679.362
75889 235.033 2010.42
75890 2383.04 703.698
75891 552.701 1440.3
75892 3407.29 1263.55
75893 907.408 1559.66
75894 560.677 1090.31
75895 3584.52 1456.47
75896 1327.52 1126.07
75898 159.336 2115.84
75899 3602.92 1063.81
75900 2810.72 915.059
75901 5238.53 874.661
75902 1750.7 962.414
75903 2683.21 703.892
75904 3565.87 1418.78
75905 1981.74 1939.25
75906 3325.11 1415.63
75907 40.6473 1450.46
75908 405.131 2019.25
75909 61.1073 1329.67
75910 2261.81 1453.68
75911 1918.62 1005.65
75912 1918.62 1005.65
75914 3971.65 1421.94
75916 3532.83 1259.97
75918 123.559 589.496
75919 2857.62 829.697
75920 3208.04 669.706
75921 4232.27 898.606
75922 1678.02 1949.48
75923 34.4414 594.456
75924 3925.68 751.094
75925 4953.07 771.655
75927 1794.48 1016.01
75928 1558.31 1229.58
75929 181.259 1594.65
75930 180.352 1594.55
75931 343.067 1776.12
75932 1793.33 928.699
75933 3406.2 547.703
75934 999.028 1381.44
75935 1851.46 973.471
75936 2242.01 927.781
75938 1808.92 1223.08
75939 1711.13 1651.86
75941 505.92 1518.9
75942 1905.72 1008.32
75943 2173.01 613.006
75944 1701.53 1642.88
75945 133.396 1710.2
75946 3113.46 1540.66
75947 182.678 1649.08
75948 1116.35 1717.11
75949 2091.49 1569.16
75950 35.3276 1934.45
75951 3514.57 1296.33
75952 932.161 2031.08
75953 5279.4 702.794
75954 5279.4 702.794
75955 2573.05 1195.67
75956 3293.34 756.577
75957 447.971 1589.35
75958 1706.57 1885.47
75959 3757.04 741.305
75960 1872.36 974.17
75961 3314.75 1368.18
75962 41.0081 1268.65
75963 708.997 1455.1
75964 204.274 1516.83
75965 1928.46 1339.59
75966 3877.76 817.828
75967 3943.39 1150.19
75968 3964.79 1219.26
75969 3184.58 694.063
75971 568.896 1153.53
75972 1738.25 1043.03
75973 2509.41 1461.03
75974 299.604 1815.69
75975 2388.9 684.091
75976 3390.51 1191.67
75977 265.981 1191.03
75978 744.522 2009.87
75979 75.6933 1868.37
75980 3393.73 515.027
75981 1380.24 678.129
75982 3762.63 1008.87
75983 1193.86 2085.97
75984 1193.86 2085.97
75985 3447.58 1258.38
75986 2289.3 667.849
75987 4266.58 1216.82
75988 2776.6 869.007
75989 2622.28 888.436
75990 1985.49 1858.13
75991 187.156 1582.58
75992 1448.27 665.502
75993 2980.12 913.336
75994 4071.67 1431.05
75995 3084.54 1180.66
75996 153.552 1728.97
75997 1609.96 875.421
75998 3165.1 1354.19
75999 3704.23 1449.68
76000 5053.84 920.703
76001 4129.78 1253.45
76002 2015.24 1235.01
76003 1995.25 1617.48
76004 2203.96 1293
76005 3336.53 1071.23
76006 23.1592 767.313
76007 4045 823.791
76008 73.888 2155.68
76009 3843.04 654.422
76010 2769.74 1120.53
76011 1859.57 1605.73
76012 1464.13 1379.18
76013 1940.41 1448.93
76014 1394.55 1531.73
76015 408.055 1116
76016 4189.2 1516.97
76017 211.671 1674.77
76018 4692.51 823.393
76019 476.202 2165.2
76021 1518.46 858.476
76022 1518.46 858.476
76023 151.005 2127.67
76024 3722.26 1156.11
76025 2891.29 719.718
76027 5144.72 761.004
76028 1442.52 941.229
76029 3788.44 948.539
76030 2477.96 663.428
76031 3134.07 1369.05
76032 456.839 1122.52
76033 919.545 1356.13
76034 1862.67 2039.7
76036 140.325 2303.99
76037 637.394 2041.11
76038 3685.54 1125.09
76039 3685.54 1125.09
76040 1345.95 1555.19
76041 360.048 808.988
76042 2545.5 1223.08
76043 1806.96 865.616
76044 4294.2 1478.89
76045 3380.6 1354.85
76047 2677.42 61.4198
76048 3234.46 730.571
76050 2310.95 710.065
76051 152.956 710.574
76052 2332.09 718.775
76053 194.198 1592.13
76054 548.623 1376.54
76056 496.837 1476.24
76057 4182.5 1393.35
76058 4354.73 1022.47
76059 4241.1 1189.6
76060 3825.26 689.294
76061 1332.49 894.314
76062 1127.22 1070.91
76063 3827.45 1129.4
76064 2503.31 1056.49
76065 2168.44 1004.48
76067 119.254 675.24
76068 3816.61 1131.8
76069 495.806 2091.95
76070 1892.86 1369.64
76071 3317.88 863.36
76074 912.113 2041.1
76075 3312.03 1240.08
76076 164.218 767.589
76077 164.218 767.589
76078 4685.21 1109.13
76079 1907.58 1604.4
76080 2833.99 1110.89
76081 2542.43 950.766
76082 4678.71 1005.46
76083 2396.6 701.031
76084 2396.57 700.769
76085 3115.82 567.096
76086 3057.11 601.804
76087 267.517 1529.56
76088 2929.49 1067.1
76089 475.64 2074.63
76090 3604.86 511.24
76092 2754.18 1851.68
76093 2884.62 845.214
76094 1704.78 1224.28
76095 3250.31 973.235
76096 3250.31 973.235
76097 3114.11 755.503
76098 3114.11 755.503
76100 1464.4 1647.15
76101 3597.23 1001.57
76102 2613.66 741.597
76103 1215.55 1597.02
76105 2061.91 1015.73
76107 4254.51 1462.79
76108 29.9507 1230.42
76109 3246.53 1041.62
76110 3546.52 975.079
76111 3191.93 676.133
76112 5213.82 845.558
76113 1339.21 710.088
76114 2348.76 957.326
76115 1456.04 910.191
76116 1456.04 910.191
76117 3128.98 559.686
76119 3920.91 1257.58
76120 2502.1 766.38
76121 2640.2 1793.78
76122 3596.66 451.673
76123 3690.71 1204.34
76124 1166.37 1090.02
76125 3712.63 612.909
76126 3048.37 1829.17
76127 3222.01 820.681
76128 2330.7 1547.77
76129 4321.22 1117.84
76130 2690.43 866.97
76131 3241.81 715.316
76132 3241.81 715.316
76133 3350.48 1086.11
76134 1871.18 868.948
76135 3573.75 524.786
76136 2243.93 1554.99
76137 188.9 1081.14
76138 -7.13735 1669.75
76139 5026.08 774.546
76141 3214.81 767.29
76143 2790.56 920.472
76144 3922.65 1107.8
76145 2302.73 1310.28
76146 3913.06 1090.66
76147 1264.22 734.324
76148 3325.38 1209.84
76149 1368.38 1415.24
76150 4112.4 1062.22
76151 107.343 735.822
76154 331.152 1704.17
76155 331.152 1704.17
76156 678.565 1510.59
76157 900.654 1084.64
76158 218.081 742.386
76159 2732.54 883.154
76160 3645.03 1102.76
76161 1978.55 1556.14
76162 3225.91 255.634
76163 2405.05 908.902
76164 1718.77 1328.7
76165 3420.59 1325.21
76166 2210.45 707.47
76167 3257.99 1043.55
76168 3983.04 1178.64
76169 1019.14 1300.02
76170 2452.05 911.541
76171 4059.65 949.098
76172 2364.6 927.428
76173 1215.06 2075.99
76174 3290.4 889.351
76175 1445.47 1118.44
76176 4658.11 942.875
76177 3925.78 766.184
76178 3466.88 1332.74
76179 3896.43 1121.81
76180 2968.29 1825.36
76181 532.429 1506.3
76182 1411.28 1553.36
76184 1801.1 1462.08
76185 -5.97507 864.284
76186 -6.93891 862.897
76187 2298.81 898.792
76188 4244.04 1271.05
76189 429.617 1565.88
76190 3519.89 1209.95
76191 3993.08 1156.74
76192 2865.59 846.832
76193 2666.74 655.079
76194 3158.43 803.911
76196 2252.74 587.911
76197 3865.18 1142.15
76198 149.437 1101.44
76199 2002.49 1225.7
76200 3877.85 688.575
76201 1297.09 807.239
76203 4986.35 694.67
76205 961.651 1355.67
76206 1966.7 1524.07
76207 1702.43 823.092
76208 3238.66 943.688
76209 3238.82 943.476
76210 1686.11 702.432
76211 3086.45 1124.14
76212 5062.18 934.64
76213 888.823 1339.37
76214 1443.43 919.316
76215 5253.74 712.023
76216 2428.01 936.922
76217 2756.38 971.321
76218 3371.96 1178.17
76219 3371.96 1178.17
76220 3924.41 1278.13
76221 254.53 1981.91
76222 3510.92 1471.8
76223 4298.37 1033.8
76225 1865.69 990.33
76226 3370.33 1332.5
76227 3370.33 1332.5
76228 424.343 1365.28
76229 3738.5 1168.47
76230 3663.92 554.301
76231 348.274 1564.97
76233 4136.35 489.841
76234 4582.04 923.367
76235 2671.49 896.3
76237 1573.93 1537.72
76238 2567.54 1226.67
76239 128.641 1994.73
76241 717.943 2068.33
76242 224.9 679.855
76243 2612.87 917.141
76245 3238.26 661.86
76246 613.073 1394.78
76247 2423.38 1033.35
76248 3340.25 1118.97
76249 141.565 2029.36
76250 2704.24 1300.25
76251 2704.23 1300.27
76252 4323.07 1524.84
76253 1897.89 2039.03
76254 2557.24 757.112
76255 4307.08 1234.93
76256 2555.11 660.641
76257 1795.67 1235.9
76258 504.265 2141.73
76259 1573.75 1591.08
76260 744.473 1338.77
76261 2771.57 1358.57
76262 4734.69 854.315
76263 85.2616 726.889
76264 3120.22 883.732
76265 3092.81 430.514
76266 334.781 1642.59
76267 1183.91 787.864
76268 4961.45 744.536
76269 2251.47 841.945
76270 149.325 915.881
76271 3605.63 500.282
76272 300.875 1718.88
76273 3571.46 848.72
76274 245.393 1839.97
76275 169.396 1779.11
76276 4855.08 826.997
76277 2630.93 1379.94
76278 2512.28 716.408
76279 540.396 1418.13
76280 3646.63 967.144
76281 3941.1 881.109
76282 1463.23 714.132
76283 1671.29 842.361
76284 41.6224 877.431
76285 70.2312 610.195
76286 2923.95 1272.05
76287 1604.86 880.877
76288 3689.67 513.019
76289 342.952 1451.18
76290 488.08 1599.24
76291 4070.93 1121.14
76292 3548.61 989.417
76293 3026.65 1219.82
76294 2156 1246.37
76295 3620.08 1022.53
76296 2342.2 709.572
76297 3242.08 578.752
76298 2237.6 658.722
76299 2132.65 713.658
76300 5102.46 921.946
76301 1280.45 1150.9
76302 1648.63 956.529
76303 109.222 1882.33
76304 563.895 1670.28
76305 563.895 1670.28
76306 3493.89 439.076
76307 3571.55 1386.66
76308 3289.7 1097.35
76309 109.952 1267.43
76310 2203.88 1228.98
76311 884.513 1398.63
76312 2252.55 1254.95
76313 3062.68 1363.8
76314 3776.02 1042.89
76315 3776.48 1042.6
76316 2662.12 869.732
76317 487.459 864.201
76318 4223.31 1425.65
76319 3521.39 1334.49
76320 1402.07 690.403
76321 1216.27 1307.12
76322 90.0137 809.942
76323 2469.91 306.733
76324 884.453 1330.12
76325 1129.27 1404.46
76326 1051.09 1324.67
76327 1249.31 1466.53
76328 126.888 899.592
76329 3402.2 1280.01
76330 4578.39 779.789
76331 2555.18 1874.37
76332 49.566 1289.1
76333 3965.02 618.474
76334 536.293 914.332
76335 4124.12 1115.26
76336 5237.29 755.133
76337 2668.57 1797.91
76338 683.92 1490.53
76339 1467.38 1540.46
76340 1467.38 1540.46
76341 1711.22 1341.79
76342 522.577 1627.32
76343 1599.91 1504.07
76344 1833.64 933.173
76345 3262.79 1222.79
76346 2942.69 946.733
76347 2956.7 799.884
76348 2428.3 963.704
76349 1736.32 1471.27
76350 2841.99 1138.89
76351 68.0968 1648.26
76352 205.903 1597.11
76353 113.563 809.355
76354 4180.36 1510.5
76355 1165.27 668.881
76356 38.1001 1500.17
76357 3855.97 1239.93
76358 1636.56 680.584
76359 258.379 735.602
76360 478.78 1406.21
76361 297.41 1657.82
76362 168.092 1053.89
76363 3505.27 1230.59
76364 566.441 1459.19
76365 2210.07 1427.59
76366 2210.07 1427.59
76367 3313.91 1248.49
76368 1133.25 1320.61
76369 171.963 1523.72
76370 1763.44 1442.18
76371 1937.05 1472.89
76372 4043.55 1439.05
76373 965.577 651.672
76374 2307.53 685.128
76375 2787.11 674.785
76376 5184.02 700.087
76377 2681.3 1229.31
76378 421.647 837.095
76379 3209.46 834.446
76380 4126.36 562.163
76381 1012.01 1428.09
76382 5252.06 821.74
76383 2909.9 695.141
76384 2296.43 1153.2
76385 105.428 1794.74
76386 1879.33 1434.62
76387 4255.16 1252.99
76388 1187.81 1347.27
76389 4167.78 660.425
76390 3913.82 552.853
76391 4968.12 709.055
76392 4966.65 709.698
76393 4943.14 716.479
76394 1764.01 647.937
76395 4824.48 806.034
76396 4039.95 925.24
76397 3133.11 363.642
76398 3010.49 1924.34
76399 1828.07 790.271
76400 871.947 1555.42
76401 3570.03 1328.41
76402 1749.93 1474.79
76403 1741.5 1513.33
76404 536.34 842.078
76405 1620.6 1220.53
76406 3236.73 1433.81
76407 444.937 814.665
76408 1116.71 719.349
76409 1117.24 719.798
76410 841.65 1309.02
76411 5013.26 639.299
76412 579.177 1633.22
76413 230.928 2088.64
76414 1351.05 683.913
76415 3789.18 1234.45
76416 2666.59 1215.1
76417 994.148 1510.02
76418 994.148 1510.02
76419 3778.86 592.147
76420 157.819 737.823
76421 321.288 852.071
76422 5082.16 882.051
76423 3988.22 610.242
76424 3988.98 609.615
76425 140.842 360.243
76426 3678.27 542.568
76427 492.909 1504.42
76428 1466.89 895.317
76429 531.736 1542.97
76430 531.736 1542.97
76431 1827.45 956
76432 5084.31 630.133
76433 822.586 1702.31
76434 3687.93 603.319
76435 3924.38 535.204
76436 1153.02 642.674
76437 1284.48 1559.28
76438 5086.41 849.84
76439 2735.28 698.462
76440 2622.74 1310.13
76441 3560.84 1237.35
76442 3596.27 953.899
76443 3598.2 424.012
76444 4379.39 1169.05
76445 2161.98 615.818
76446 3543.91 1204.84
76447 3591.23 827.256
76448 1689.22 1421.74
76449 171.185 1626.92
76450 1449.63 1248.39
76451 1017.28 686.711
76452 1324.5 1442.03
76453 2120.08 369.301
76454 398.256 1618.78
76455 3434.86 399.398
76456 3888.77 1181.02
76457 339.298 843.641
76458 339.298 843.641
76459 2155.41 1923.03
76460 3496.5 392.73
76461 3822.39 1175.08
76462 3528.97 977.766
76463 2414.12 1098.86
76464 1450.59 855.735
76465 3527.12 835.565
76466 2136.64 651.208
76467 1844.91 1425.57
76468 588.438 1316.85
76469 2769.44 1250.68
76470 2769.44 1250.68
76471 177.138 1475.45
76472 3228.33 919.738
76473 5219.92 790.93
76474 3229.86 526.98
76475 3160.31 415.057
76476 3623.22 500.729
76477 1561.41 1269.03
76478 4115.69 1095.46
76479 3480.55 1101.47
76480 986.488 1348.38
76481 2303.2 1535.6
76482 341.933 1810.74
76483 3953.73 1105.7
76484 3725.4 551.362
76485 1582.88 847.754
76486 2799.21 657.53
76487 1308.59 1537.26
76488 4034.99 809.131
76489 3351.52 777.979
76490 920.159 1679.06
76491 3787.33 1145.81
76492 2375.52 839.662
76493 1501.98 1398.22
76494 710.154 1330.91
76495 545.963 824.023
76496 3616.28 1135.36
76497 2450.5 816.256
76498 4428.72 1155.55
76499 1046.08 695.63
76500 2563.92 860.674
76501 209.027 2085.18
76502 4320.64 1501.65
76503 3250.65 321.596
76504 534.371 1457.81
76505 2352.35 812.843
76506 403.029 1708.71
76507 4008.41 777.004
76508 2580.76 834.64
76509 2899.2 1767.25
76510 1456.31 1334.94
76511 2453.77 1860.14
76512 676.201 1096.65
76513 676.201 1096.65
76514 2477.31 761.771
76515 2524.16 326.205
76516 2856.11 814.11
76517 3199.83 1030.11
76518 500.858 847.619
76519 3527.07 1193.59
76520 2527.89 698.862
76521 3584.09 791.543
76522 1520.2 977.641
76523 1162.35 1665.75
76524 2935.35 1944.97
76525 2415.55 787.273
76526 3539.46 441.594
76527 3246.83 928.611
76528 300.36 848.513
76529 3948.41 710.255
76530 980.908 1363.36
76531 3746.61 1131.56
76532 2365.9 762.925
76533 2365.9 762.925
76534 4872.79 820.532
76535 728.31 1322.03
76536 3502.28 413.796
76537 4993.53 679.891
76538 2626.67 719.168
76540 1103.56 1260.62
76541 226.169 1780.36
76542 3212.81 474.425
76543 4178.01 1160.74
76544 1829.94 1367.96
76545 2715.05 894.779
76546 4307.41 1487.66
76547 1769.1 865.746
76548 2603.11 817.944
76549 2603.11 817.944
76550 1708.48 697.384
76551 4056.81 1168.39
76552 2000.72 1408.67
76553 1782.52 663.865
76554 281.29 953.829
76555 56.6239 828.709
76556 4001.99 826.786
76557 1154.56 1559.94
76558 2737.7 844.487
76559 2712.87 827.946
76560 2939.57 784.252
76561 3353.49 693.013
76562 1365.02 1475.28
76563 3368.22 1467.16
76564 2365.38 1828.3
76565 3783.06 1369.53
76566 3783.06 1369.53
76567 27.9603 1800.82
76568 1256.41 1428.38
76569 1695.58 841.123
76570 309.614 1757.63
76571 2468.99 790.759
76572 2468.98 790.552
76573 3146.5 847.848
76574 581.998 901.648
76575 3952.3 726.852
76576 4081.58 1537
76577 2279.67 768.521
76578 3482.1 429.643
76579 1478.44 804.476
76580 3771.75 963.165
76581 1128.36 1341.18
76582 1128.36 1341.18
76583 1677.52 849.372
76584 1432.67 1552.12
76585 181.832 1844.87
76586 3439.78 497.87
76587 2492.38 728.331
76588 2910.52 757.945
76589 2910.52 757.945
76590 934.922 1377.56
76591 4695.56 964.616
76592 954.02 1291.18
76593 2009.76 375.067
76594 3748.68 550.434
76595 1390.81 850.978
76596 1711.47 605.389
76597 4369.74 819.018
76598 1226.17 725.491
76599 369.52 1785.52
76600 4630.04 932.426
76601 3494.21 1327.44
76602 3644.08 935.663
76603 3032.2 1919.55
76604 1232.65 657.648
76605 498.792 1694.71
76606 3841.4 463.833
76607 661.874 1489.2
76608 5114.84 532.922
76609 3789.76 1125.83
76610 985.3 662.544
76611 1752.32 619.263
76612 3910.06 773.038
76613 399.913 1658.3
76614 254.219 1688.12
76615 3799.03 590.691
76616 2576.27 1876.96
76617 1281.33 2049.32
76618 2862.43 1551.42
76619 3602.77 1478.23
76620 3684.8 1380.58
76621 1618.27 1375.44
76622 3336.59 713.023
76623 3536.48 1395.29
76624 1188.68 1014.28
76625 2532.73 1879.65
76626 2185.65 731.905
76627 2090.4 1241.87
76628 26.3105 1656.92
76629 2444.19 830.949
76630 3699.26 1406.16
76631 1754.14 877.482
76632 3009.53 901.56
76633 1712.06 1479.47
76634 3082.28 1721.29
76635 3279.17 938.742
76636 2933.46 1750.39
76637 3125.99 535.473
76638 3126.19 535.027
76639 2368.78 1302.55
76640 616.159 1108.85
76641 2572.32 783.027
76642 2572.32 783.027
76643 2403.72 740.155
76644 3551.99 1180.7
76645 1341.25 667.525
76646 195.194 959.733
76647 96.2985 757.755
76648 2028.34 371.666
76649 1595.56 1385.59
76650 2023.53 996.734
76651 773.814 1439.52
76652 773.166 1439.37
76653 3305.94 314.975
76654 1496.41 1215.79
76655 4046.13 908.421
76656 974.989 1428.2
76657 3574.82 1367.79
76658 3319.57 1752.08
76659 2505.1 702.519
76660 2505.1 702.519
76661 1713.74 680.588
76662 5173.53 785.695
76663 4287.25 1028.98
76664 3319.51 711.09
76665 2255.69 690.158
76666 2477.89 1820.23
76667 1197.04 772.573
76668 1501.23 1251.81
76669 137.191 407.631
76670 3467.27 434.268
76671 3467.27 434.268
76672 3088.56 1910.05
76673 1575.2 934.583
76674 4995.91 834.777
76675 4995.91 834.777
76676 4391.29 765.209
76677 5079.23 749.636
76678 3151.63 428.057
76679 523.149 1599.77
76680 2074.62 1326.79
76681 3647.79 441.241
76682 2223.94 736.246
76683 867.107 1524.7
76684 4206.01 1457.24
76685 2509.6 869.996
76686 2537.11 741.522
76687 296.377 1765.53
76688 1950.89 804.731
76689 2762.32 1204.04
76690 548.206 1393.2
76691 990.926 649.8
76692 1087.08 626.497
76693 5102.95 608.412
76694 270.651 861.392
76695 235.211 1195.25
76696 235.211 1195.25
76697 371.721 851.351
76698 1075.46 662.128
76699 150.508 825.649
76700 3195.59 1768.09
76701 4001.78 1169.64
76702 5121.32 596.65
76703 1780.07 680.988
76704 1379.85 677.702
76705 50.6354 774.019
76706 4203.96 1096.61
76707 1342.27 1451.75
76708 1401.44 1269.93
76709 3963.15 1232.26
76710 559.316 1372.25
76711 3834.47 675.719
76712 4018.72 1341.84
76713 1003.15 1637.13
76714 2399.08 771.123
76715 3633.03 1202.96
76716 1849.22 1261.05
76717 4003.52 868.029
76718 2798.54 1847.52
76719 4003.6 756.373
76720 3676.76 1132.58
76721 3213.78 798.186
76722 1861.66 780.512
76723 94.2236 2063.15
76724 58.8207 1814.77
76725 3875.55 322.221
76726 2552.16 890.005
76727 359.701 720.877
76728 2088.85 1469.59
76729 1876.07 1315.4
76730 4349.38 1152.75
76731 4667.85 818.945
76732 1810.07 822.882
76733 2294.73 1868.7
76734 2750.08 1296.57
76735 1264.68 1493.43
76736 4138.96 583.086
76737 903.933 1361.74
76738 3222.59 1260.59
76739 2423.77 816.132
76740 1560.67 838.132
76741 4631.28 808.161
76742 3860.92 1014.76
76743 461.313 1550.96
76744 2028.75 1933.68
76745 1862.58 1414.87
76746 1862.58 1414.87
76747 1847.41 1243.74
76748 2929.51 1086.27
76749 3415.87 538.395
76750 3691.07 1204.15
76751 3331.92 699.419
76752 1540.3 647.959
76753 2395.37 819.818
76754 1625.09 525.013
76755 1744.49 1221.92
76756 5009.14 704.663
76757 3346.7 440.638
76758 1421.81 1280.11
76759 2898.17 1780.61
76760 4153.91 509.687
76761 1363.93 874.681
76762 752.285 1482.45
76763 752.285 1482.45
76764 5029.7 761.406
76765 5029.7 761.406
76766 133.611 1618.97
76767 3509.6 425.965
76768 4600.08 809.136
76769 1657.61 623.066
76770 2466.65 829.206
76771 3456.19 1183.11
76772 1615.72 716.799
76773 142.538 1744
76774 2009.54 946.145
76775 4405.12 1483.85
76776 2006.21 1543.95
76777 3407.51 1204.62
76778 2644.12 898.083
76779 1151.23 712.157
76780 399.026 854.994
76781 3100.62 1346.22
76782 1120.36 625.871
76783 2576.8 1809.55
76784 3768.61 944.69
76785 97.5457 1367.98
76786 1684.6 1457.97
76787 1579.64 2036.51
76788 371.914 827.392
76789 2367.79 794.513
76790 1475.91 836.389
76791 2775.39 707.948
76792 2633.74 747.588
76793 3038.73 1107.01
76794 1524.47 2035.8
76795 3307.31 1099.26
76796 2687.06 768.183
76797 4248.71 669.441
76798 1410.95 631.326
76799 2738.63 1246.83
76800 2615.56 701.432
76801 2618.04 813.329
76802 4154.82 556.559
76803 3862.32 1119.56
76804 3811.86 1392.78
76805 4230.86 1320.57
76806 4230.86 1320.57
76807 243.493 1521.12
76808 2236.16 758.275
76809 4.92241 1380.36
76810 3486.19 378.387
76811 3486.19 378.387
76812 794.692 1334.88
76813 5069.66 695.753
76814 1062.81 1523.27
76815 4680.22 811.577
76816 2773.44 655.192
76817 3867.79 1441.91
76818 2808.96 808.232
76819 3564.43 479.165
76820 808.029 1296.59
76821 2781.6 788.225
76822 45.3752 650.197
76823 3390.57 1255.77
76824 3358.21 1341.52
76825 114.02 1546.55
76826 4214.7 901.589
76827 4334.19 823.672
76828 3432.65 1330.22
76829 3264.08 918.933
76830 2204.23 738.137
76831 4256.12 1555.09
76832 4206.58 600.063
76833 1868.49 1468.88
76835 3931.89 1139.22
76836 5082.66 800.593
76837 2341.02 690.682
76838 3623.74 471.626
76839 1265.68 681.678
76840 3362.11 1115.36
76841 3950.05 1080.25
76842 3204.4 500.426
76843 3698.91 551.904
76844 2778.92 896.215
76845 5141.5 596.706
76846 5141.5 596.706
76847 521.852 1437.65
76848 550.386 1505.08
76849 3932.19 1120.83
76850 2114.06 689.811
76851 434.732 1674.27
76852 5114.68 702.793
76853 882.439 1309.16
76854 2121.12 1283.22
76855 1687.99 1471.18
76856 2038.68 797.783
76857 3358.01 1209.57
76858 2098.86 982.84
76859 3757.29 1246.76
76860 2463.48 1884.83
76861 219.578 1565.78
76862 3846.87 1182.07
76863 3705.82 510.461
76864 2489.73 1783.3
76865 1615.21 1574.1
76866 1023.52 1510.34
76867 3634.77 1147.22
76868 1983 798.969
76869 2085.87 1486.35
76870 4000.19 1369.23
76871 3684.87 970.165
76872 2201.9 1421.63
76873 3370.37 876.814
76874 3213.81 915.389
76875 2902.28 839.717
76876 5038.65 675.712
76877 1628.73 1457.95
76878 4011.31 1180.53
76879 2116.54 1456.34
76880 260.156 1454.43
76881 2796.52 735.297
76882 3074.19 526.551
76883 1237.35 1477.72
76884 3183.15 718.602
76885 2730.93 831.25
76886 1363.89 623.983
76887 1363.48 623.52
76888 4137.06 1268.33
76889 3121.79 1363.52
76890 349.814 1624.81
76891 827.272 915.279
76892 2627.46 694.593
76893 1801.1 1462.08
76894 3215.14 619.93
76895 764.665 1577.8
76896 146.754 2227.76
76897 1679.82 1370.94
76898 198.574 823.627
76899 243.099 1367.33
76900 819.25 1419.87
76901 356.279 1675.98
76902 1815.68 1280.7
76903 3956.71 775.251
76904 3972.76 789.544
76905 1556.88 852.354
76906 4158.4 534.224
76907 2461.47 701.377
76908 1401.1 658.617
76909 3186.93 610.043
76910 4835.49 849.878
76911 2781.97 1833.06
76912 617.497 1330.61
76913 2948.02 1736.37
76914 1105.83 733.57
76915 1706.62 1417.14
76916 1706.62 1417.14
76917 1859.58 1341.38
76918 2481.36 1056.24
76919 173.388 1315.59
76920 2671.66 563.044
76921 2362.1 747.435
76922 39.4263 894.208
76923 325.044 1424.57
76924 3982.95 1355.55
76925 5053.04 693.412
76926 5053.04 693.412
76927 4158.29 480.112
76928 423.625 1643.08
76929 3779 1248.58
76930 5114.58 843.442
76931 5114.58 843.442
76932 3125.71 1174.18
76933 3205.83 629.587
76934 248.48 1641.81
76935 2304.07 1281.08
76936 343.354 642.851
76937 2718.21 699.256
76938 447.229 1521.93
76939 1336.83 745.72
76940 4300.08 1244.07
76941 3243.67 489.547
76942 1273.17 875.91
76943 2924.9 1769.03
76944 1745.62 1421.07
76945 2478.35 683.174
76946 4851.81 815.513
76947 2951.37 769.888
76948 3554.36 517.707
76949 5132.64 653.703
76950 2775.85 1851.78
76951 3308.72 666.375
76952 5233.06 701.454
76953 1484.3 858.302
76954 223.137 1453.96
76955 2218.77 749.65
76956 2444.32 237.696
76957 3515.8 1256.75
76958 1182.38 1242.66
76959 4815.03 870.526
76960 1222.99 1261.28
76961 3509.11 793.137
76962 3111.06 494.614
76963 1227.41 845.86
76964 602.453 1414.98
76965 3570.38 1345.64
76966 1847 796.636
76967 4266.23 1334.13
76968 3622.91 1158.18
76969 3191.68 1754.93
76970 747.018 1325.87
76971 3815.83 755.429
76972 3405.76 407.443
76973 3964.46 813.935
76974 4294.2 1478.89
76975 2475.08 1881.76
76976 2703.93 804.495
76977 2359.11 1912.54
76978 313.077 1353.44
76979 2877.08 788.821
76980 4159.99 600.664
76981 5162.66 668.776
76982 409.266 1668.14
76983 167.395 2161.64
76984 1638.94 874.471
76985 1316.48 1361.35
76986 1061.33 687.709
76987 2618.84 872.182
76988 3848.06 1012.98
76989 4320.62 833.598
76990 169.088 1303.9
76991 1529.68 944.989
76992 2598.86 765.8
76993 3869.2 1276.45
76994 3662.52 529.687
76995 1229.24 1322.76
76996 1090.94 659.564
76997 1136.93 642.462
76998 1136.93 642.462
76999 1228.65 1368.66
77000 3804.57 631.258
77001 2387.42 760.675
77002 2016.27 397.921
77003 3672.64 655.818
77004 3508.31 909.892
77005 2466.08 775.386
77006 2466.08 775.386
77007 2825.24 849.588
77008 1519.35 924.113
77009 2136.3 336.112
77010 313.41 1745.43
77011 312.537 1745.39
77012 2817.2 666.808
77013 2547.61 873.39
77014 4326.5 1322.51
77015 1426.28 857.38
77016 2097.18 1150.2
77017 1318.27 1238.46
77018 3595.13 1124.12
77019 2363.12 684.747
77020 4122.01 886.917
77021 1186.45 621.975
77022 2610.05 1769.02
77023 2913.27 702.188
77024 2754.18 1851.68
77025 1211.14 1499.18
77026 4117.35 875.475
77027 258.417 1598.37
77028 1597.01 1010.41
77029 1747.39 686.911
77030 1394.32 1503.03
77031 382.007 1509.82
77032 681.911 1328.93
77033 3828.55 1074.63
77034 3828.55 1074.63
77035 850.097 878.08
77036 4086.28 630.114
77037 2260.16 851.72
77038 2516.79 1882.47
77039 515.397 1574.29
77040 3707.48 598.207
77041 162.634 1688.83
77042 4125.85 821.557
77043 2715.74 1806.72
77044 1624.25 629.036
77045 3119.19 1787.21
77046 678.565 1510.59
77047 1247.43 1245.59
77048 4101.83 465.129
77049 1755.31 665.918
77050 4109.78 673.116
77051 1457.01 628.325
77052 680.467 1421.83
77053 1574.45 634.066
77054 3097.9 306.191
77055 2841.31 722.494
77056 2623.21 678.409
77057 3461.34 565.267
77058 3322.19 723.642
77059 679.975 1638.55
77060 1360.02 1512.07
77061 5077.59 603.575
77062 1159.33 784.748
77063 2609.7 883.164
77064 2609.7 883.164
77065 119.08 567.489
77066 726.481 1313
77067 726.481 1313
77068 4955.52 788.3
77069 1682.75 675.608
77070 3470.8 870.475
77071 200.121 1579.75
77072 3916.35 1445.89
77073 3336.15 1101.61
77074 3146.41 408.199
77075 3761.1 1391.81
77076 3761.1 1391.81
77077 3254.98 744.838
77078 4404.87 816.246
77079 1306.49 1464.09
77080 2071.75 882.415
77081 13.7365 1452.88
77082 5088.9 693.042
77083 928.841 1295.24
77084 2664.62 698.998
77085 880.446 1409.28
77086 3364.18 1138.39
77087 1445.83 701.967
77088 4386.06 740.538
77089 1425.64 1311.48
77090 1232.15 1457.05
77091 1232.15 1457.05
77092 2666.75 550.903
77093 2511.78 740.568
77094 3504.4 1421.71
77095 2349.29 610.647
77096 1435.34 882.523
77097 5148.42 778.608
77098 3650.74 466.317
77099 3837.91 709.338
77100 2322.74 749.253
77101 468.527 1680.13
77102 278.265 1512.37
77103 3915.13 710.891
77104 417.935 1691.78
77105 1292.46 719.995
77106 531.647 1506.17
77107 1147.27 1573.07
77108 736.271 1553.29
77109 706.906 1392.52
77110 2460.95 1289.45
77111 3921.15 986.516
77112 3286.11 777.204
77113 1577.36 645.854
77114 4089.28 452.5
77115 4088.4 453.262
77116 1254.8 1395.15
77117 3585.04 1145.5
77118 1315.46 1528.72
77119 3688.39 506.606
77120 4104.55 1311.61
77121 2211.48 612.551
77122 1251.94 651.374
77123 4218.75 1313.02
77124 2427.46 735.385
77125 2427.45 735.145
77126 4150.02 1104
77127 1543.43 1371.29
77128 3411.07 1692.45
77129 5136.44 746.813
77130 4965.27 779.066
77131 3212.33 686.166
77132 2559 740.664
77133 3368.22 1006.68
77134 2038.65 1230.68
77135 2454.13 774.484
77136 4351.51 829.424
77137 621.11 1438.96
77138 3749.53 726.473
77139 3749.53 726.473
77140 3796.98 1391.55
77141 1054.27 1298.64
77142 5011.65 772.709
77143 1407.43 668.383
77144 1390.96 895.203
77145 2949.6 874.382
77146 3263.41 571.547
77147 143.766 1758.12
77148 1022.75 1350.5
77149 1364.56 1349.35
77150 5105.23 738.9
77151 1928.36 719.858
77152 2011.67 1577.03
77153 519.511 1017.57
77154 2103.25 1463.25
77155 2103.25 1463.25
77156 1818.78 403.269
77157 1198.05 819.873
77158 3737.27 973.407
77159 3057.13 553.423
77160 1133.34 654.875
77161 971.352 1574.14
77162 1594.63 681.554
77163 2846.42 1799.21
77164 4060.18 389.048
77165 1489.06 639.679
77166 158.232 1701.51
77167 1887.85 687.48
77168 1969.41 1466.87
77169 3114.96 1299.68
77170 4289.68 1424.5
77171 2559.47 877.641
77172 2559.47 877.641
77173 2564.13 792.279
77174 5029 583.114
77175 4211.77 1397.23
77176 4211.77 1397.23
77177 2234.93 761.738
77178 3159.96 464.393
77179 4159.85 1428.45
77180 2661.46 900.489
77181 2151.87 1451.55
77182 4958.12 722.166
77183 1770.39 706.377
77184 3570.91 941.359
77185 3245.98 952.654
77186 3245.98 952.654
77187 1940.37 1448.89
77188 2764.74 1340.47
77189 2460.06 739.372
77190 2225.73 666.952
77191 777.338 1602.85
77192 3777.05 635.971
77193 718.815 1119.79
77194 3445 1680.57
77195 4648.37 890.437
77196 4352.27 778.07
77197 932.732 637.498
77198 1241.1 1504.62
77199 3999.98 477.412
77200 5220.73 674.667
77201 2843.66 802.817
77202 3204.48 851.548
77203 2446.09 784.281
77204 2446.09 784.281
77205 1467.13 904.182
77206 3564.65 513.355
77207 3380.44 446.096
77208 3537.85 358.423
77209 220.805 1465.73
77210 2891.27 745.685
77211 373.766 1555.92
77212 372.915 1555.8
77213 3792.69 1379.68
77214 2472.27 910.997
77215 565.538 1573.52
77216 2375.33 784.861
77217 3711.91 1072.63
77218 3393.24 854.791
77219 1054.43 1388.01
77220 1635.43 692.791
77221 182.87 1607.29
77222 2835.08 1835.12
77223 5214.66 758.686
77224 1169.07 1475.43
77225 3529.07 1152.79
77226 2115.19 580.881
77227 3001.31 1770.33
77228 2826.1 658.246
77229 1117.97 638.537
77230 2528.68 1894.37
77231 1572.31 1271.87
77232 3354.46 875.463
77233 1109.93 1293.35
77234 2525.05 738.781
77235 2217.51 762.094
77236 3836.86 505.467
77237 2465.47 662.771
77238 3211.5 1756.32
77239 5233.04 676.227
77240 864.379 1418.83
77241 5125.65 575.73
77242 2481.73 705.512
77243 484.15 1562.4
77244 484.15 1562.4
77245 564.38 1682.31
77246 1609.28 749.845
77247 4424.48 812.682
77248 3899.27 677.216
77249 2417.88 743.204
77250 3526.84 392.805
77251 1629.48 1357.25
77252 3051.6 887.619
77253 5169.16 589.137
77254 2257.1 1356.79
77255 978.337 1600.6
77256 2675.52 1835.72
77257 2297.45 658.106
77258 1133.06 629.858
77259 1328.34 1484.56
77260 2697.35 827.715
77261 2245.33 707.414
77262 937.249 627.139
77263 2139.28 587.831
77264 1552.17 1575.44
77265 333.457 1584.62
77266 3425.13 952.942
77267 2311.07 791.151
77268 2424.58 655.854
77269 2540.37 674.679
77270 1304.68 1508.92
77271 3926.67 1186.55
77272 4129.32 858.995
77273 184.907 1517.43
77274 4338.93 1458.1
77275 4222.77 673.42
77276 3893.27 735.544
77277 2524.35 806.162
77278 2284.44 681.351
77279 2284.44 681.351
77280 379.027 1360.44
77281 702.907 1559.9
77282 191.47 1721.75
77283 3981.43 856.394
77284 2273.95 1485.78
77285 2602.41 1205.51
77286 976.936 1559.91
77287 2393.16 749.811
77288 1288.76 672.084
77289 1288.76 672.084
77290 1107.79 1401.4
77291 1065.49 1358.29
77292 5163.42 631.164
77293 2083.18 589.862
77294 2420.97 723.486
77295 298.178 1458.32
77296 635.45 1404.72
77297 2236.04 680.831
77298 4036.13 1183.71
77299 5233.53 751.356
77300 3979.54 1367.52
77301 3814.87 621.106
77302 2972.47 811.937
77303 4663.73 1154.03
77304 2795.07 1794.56
77305 2584.28 695.398
77306 3228.47 1750.79
77307 680.226 1449.53
77308 3986.9 405.627
77309 5050.71 783.157
77310 2482.34 790.694
77311 2482.34 790.694
77312 2320.85 700.659
77313 2320.85 700.659
77314 622.754 1510.16
77315 2185.5 1460.88
77316 2718.57 838.954
77317 5164.07 622.178
77318 39.1619 945.784
77319 182.849 1504.71
77320 4984.46 758.751
77321 1772.68 1492.45
77322 2923.82 816.608
77323 5101.19 750.055
77324 2767.46 891.436
77325 208.088 1372.77
77326 3560.52 1284.78
77327 3909.58 700.868
77328 3486.15 499.349
77329 777.367 1356.3
77330 3141.59 865.761
77331 1056.73 1416.69
77332 1056.26 1416.55
77333 1171.09 1401.91
77334 1359.61 1276.42
77335 3807.76 1093.4
77336 4307.97 1112.28
77337 1747.77 595.835
77338 3236.52 542.892
77339 4220.73 1447.21
77340 5092.51 732.945
77341 1076.49 1277.56
77342 3491.89 1134.22
77343 3852.45 1002.72
77344 2743.98 880.37
77345 5253.11 641.39
77346 2124.63 1498.04
77347 3234.44 690.867
77348 4684.64 847.115
77349 258.234 945.249
77350 4678.77 895.921
77351 572.49 1319.9
77352 142.704 579.027
77353 4598.48 904.624
77354 2668.6 830.265
77355 2223.77 591.67
77356 760.899 1347.03
77357 185.389 1767.62
77358 5064.27 718.51
77359 45.1351 531.573
77360 4141.36 553.484
77361 49.2432 1919.38
77362 2359.32 1887.87
77363 2160.32 1459.3
77364 1239.73 1562.2
77365 1612.7 609.996
77366 2479.37 1421.17
77367 2690.33 818.327
77368 1711.19 656.371
77369 3692.79 1115.32
77370 1276.47 1536.53
77371 446.737 1334.04
77372 3611.6 873.757
77373 1690.52 1314.86
77374 1405.86 1446.2
77375 2727.3 872.171
77376 537.867 923.116
77377 1316.75 844.385
77378 364.856 1425.07
77379 364.856 1425.07
77380 57.8403 1065.96
77381 326.925 888.912
77382 3576.16 395.165
77383 1656.06 1434.32
77384 3906.08 1106.56
77385 179.868 475.132
77386 1310.06 1372.83
77387 4398.47 1107.83
77388 218.307 690.498
77389 466.531 1711.06
77390 467.515 1439.81
77391 1331.16 628.758
77392 2817.7 832.224
77393 975.403 1361.4
77394 3429.57 1079.75
77395 1329.33 1418.6
77396 1122.76 1600.29
77397 88.2296 1767.3
77398 2819.76 816.402
77399 3538.44 1017.92
77400 2526.18 1788.76
77401 2648.04 845.287
77402 1981.6 385.975
77403 868.835 1431.47
77404 4556.21 596.71
77405 259.634 958.666
77406 1183.21 1362.86
77407 718.224 1441.48
77408 1385.03 623.048
77409 2536.39 1793.86
77410 1008.6 1590.92
77411 4033.05 753.049
77412 3182.74 493.519
77413 1178.75 1496.22
77414 3900.19 708.688
77415 3066.17 561.71
77416 2377.7 825.63
77417 2513.85 808.579
77418 3558.97 356.627
77419 3840.51 592.376
77420 3319.79 660.825
77421 4032.75 773.047
77422 611.784 1554.97
77423 611.784 1554.97
77424 2063.63 371.657
77425 3829.69 997.238
77426 3304.94 840.97
77427 844.833 1504.99
77428 1137.73 818.548
77429 176.585 1387.05
77430 1685.04 1285.43
77431 1085.73 680.059
77432 318.433 1669.56
77433 85.7357 1475.98
77434 4154.58 522.708
77435 1342.78 893.378
77436 1566.25 1447.48
77437 1566.25 1447.48
77438 2149.95 662.018
77439 2149.95 662.018
77440 3476.91 470.948
77441 315.188 815.822
77442 4047.15 841.913
77443 3789.78 555.237
77444 97.6894 1005.85
77445 96.4786 1680.67
77446 1549.69 1449.48
77447 10.6711 875.178
77448 5012.92 882.569
77449 2448.43 1286.46
77450 2693.25 1301.95
77451 1718.49 592.681
77452 3882.09 1426.97
77453 1647.58 606.685
77454 174.604 1735.36
77455 4210.82 513.749
77456 4542.99 606.354
77457 1173.61 708.783
77458 3464.28 819.712
77459 1192.68 1429.26
77460 1192.68 1429.26
77461 870.34 1379.85
77462 1127.45 697.199
77463 1127.45 697.199
77464 1129.63 1237.32
77465 2782.64 1795.83
77466 3405.46 877.302
77467 2241.36 840.801
77468 1218.57 1585.16
77469 1218.57 1585.16
77470 4212.79 529.858
77471 1687.67 605.469 
