Visibility for camera _SAM1097.JPG
3274
11806 4815.98 1648.66
12108 4245.52 2117.3
15123 5039.67 1747.78
15165 4270.91 1317.72
15177 3128.48 1507.81
15192 4416.9 1329.11
15225 3777.92 1311.76
15297 4340.8 1310.65
15328 3999.6 1415.1
15608 3783.51 1331.68
15711 1572.06 1854.47
15912 4320.17 1428.31
15945 4204.68 1416.18
16025 5149.17 1842.61
16062 4746.69 1457.22
16092 1911.42 1606.74
16153 3124.87 1482.22
16166 4094.74 1432.3
16185 1621.68 1823.5
16186 4046.03 1425.44
16311 1875.92 1586.98
16344 3751.32 1424.86
16368 5083.15 1523.04
16375 3762.15 1401.08
16408 4136.71 1397.29
16427 3906.05 1318.64
16442 4055.47 1406.89
16443 4055.47 1406.89
16465 4819.76 1420.89
16510 3958.25 1421.1
16521 2750.46 1500.36
16556 3792.2 1435.59
16609 4571.71 1425.94
16691 3794.87 1297.12
16725 5043.77 1439.72
16727 4610.58 1294.34
16750 3482.15 1139.17
16755 3916.25 1330.33
16757 4178.5 1265.12
16760 1528.28 1724.75
16797 3957.15 1366.85
16799 2654.37 1551.26
16808 3413.08 1313.58
16812 3836.54 1409.33
16833 1511.44 1617.07
16892 4180.45 1451.23
16957 4941.32 1424.32
16959 4466.74 1455.25
16970 4362.03 1503.91
16985 5024.57 1486.68
17038 4828.68 1512.04
17041 1530.93 1785.75
17056 4874.99 1567.25
17156 4737.34 2018.78
17167 4267.01 1388.5
17181 3829.26 1426.74
17247 1953.5 1604.25
17269 3920.74 1304.31
17308 1537.7 1665.46
17324 3760.21 1306.16
17357 5049.37 1321.59
17371 4421.96 1504.65
17381 1586.87 1795.26
17407 2260.39 1453.37
17424 5310.71 1364.95
17432 1011.92 1798.53
17445 1495.46 1769.2
17448 3508.39 1107.91
17471 3947.9 1350.7
17472 1619.87 1626.18
17473 4736.43 1533.87
17509 1536.11 1746.2
17510 2554.89 1404.28
17517 4052.59 1503.44
17540 1522.25 1696.1
17583 4871.78 1899.88
17585 4383.41 1381.11
17593 4977.63 1463.13
17640 3885.57 1395.32
17654 1554.92 1912.74
17671 4688.96 1316.66
17678 4797.65 1497.33
17716 4745.83 1414.95
17729 4706.53 1953.85
17754 3729.31 1278.29
17759 3797.88 1318.49
17769 2263.31 1438.22
17787 2206.25 1579.14
17790 4469.76 1333.49
17796 5069.98 1512.07
17808 3539.92 1470.94
17858 1895.98 1780.36
17944 3430.12 1468.99
17980 1558.5 1809.87
17990 4911.32 1987.27
18009 2247.56 1898.21
18037 3628.91 1719.72
18051 4092.9 1768.7
18067 2083.35 1764.48
18069 3512.4 1948.31
18124 4644.46 1413.61
18130 3855.35 1596.16
18135 3922.26 1569.06
18141 3893.25 1302.22
18166 4657.35 1871.01
18171 3550.26 1713.9
18182 1578.07 1584.26
18187 3611.42 1486.39
18211 4248.3 1642.76
18215 2509.71 1607.42
18219 4114.91 1800.35
18257 2683.11 1579.63
18271 2207.84 1941.84
18272 4716.18 1790.44
18295 4245.76 1714
18314 3476.62 2062.75
18322 4655.84 2057.7
18327 4778.59 1536.73
18335 4586.29 1808.24
18353 2411.72 1604.93
18384 3125.96 1749.12
18394 4332.43 1724.19
18406 2903.17 1406.57
18413 3153.04 1528.41
18415 1706.42 1713.79
18428 2593.2 1592.04
18433 2956.83 1623.61
18439 3664.99 2089.08
18453 5251.87 1670.77
18468 3729.09 1508.44
18469 5073.9 1979.96
18481 3983.14 1957.48
18491 4658.58 1934.88
18497 4041.38 1522.92
18505 2455.83 1603.8
18510 4962.09 1705.24
18512 5079.99 2021.85
18513 5079.99 2021.85
18527 3969.82 1613.13
18540 4726.23 1643.6
18548 4119.33 1694.99
18552 3728.96 1541.81
18557 1999.78 2009.32
18558 1999.78 2009.32
18564 1647.69 2084.01
18567 4325.2 1924.16
18570 3676.95 1811.6
18582 2736.21 1577.65
18583 5378.78 1551.13
18614 4961.59 1637
18615 4744.15 1979.4
18646 4107.29 1485.01
18653 4770.69 2026.31
18664 4289.17 1832.1
18695 5180.13 1586.01
18700 3671.7 1997.09
18701 4548.26 1675.92
18703 4869.32 1396.54
18713 1506.96 1733.46
18722 1157.73 1786.07
18740 3975.83 1646.73
18760 3779.84 1653.04
18764 3830.98 1922.29
18766 4311.12 1821.43
18775 3886.01 1356.26
18792 3151.86 1869.79
18802 4840.27 1911.57
18830 3105.9 1504.63
18851 4935.93 2025.78
18852 4935.93 2025.78
18991 3126.45 1972.12
19000 4758.79 1700.39
19010 2070.38 1800.44
19026 3721.61 1564.33
19035 3491.34 1527.25
19055 3664.95 1971.81
19080 5258.91 1493.48
19090 4202.07 1647.46
19091 4215.14 2136.29
19100 4882.49 2034.97
19105 1525.37 1876.19
19107 4739.71 1853.56
19109 1588.89 1777.18
19110 3370.6 1480
19128 1465.8 1564.89
19143 2056.17 1928.39
19149 4650.34 1677.19
19163 3933.09 1317.36
19172 4962.28 1865.3
19188 4007.63 1357.23
19195 4482.62 1610.1
19197 2004.75 1601.11
19233 1390.85 1935.88
19249 3694.13 1271.36
19251 1920.88 1718.6
19267 1640.36 1603.65
19268 3702.68 2054.54
19269 4324.86 1266.15
19286 4740.34 1484.8
19296 5259.55 1426.54
19304 4346.97 1270.85
19306 1745.37 1712.32
19319 3684.74 1402.89
19329 4975.98 1523.83
19334 4799.64 1885.99
19377 1956.25 1824.91
19421 3830.87 1967.14
19422 4578.56 1988.18
19431 2178.16 1865.33
19445 3857.31 2030.04
19447 4869.57 1782.7
19459 3619.88 1956.65
19460 1533.23 1928.83
19467 3763.17 2029.29
19479 2308.75 1747.28
19481 3679.14 1606.51
19492 2004.6 2015.22
19493 2004.6 2015.22
19498 4760.94 2151.74
19518 4089.72 1586.16
19524 3228.62 1778.09
19539 3099.9 1523.56
19549 4586.29 1808.24
19550 4798.92 1994.6
19552 4447.13 1625.91
19553 4447.13 1625.91
19556 4547.86 2093.68
19563 2245.26 1750.9
19572 4114.91 1800.35
19582 1634.02 1864
19597 4414.15 2212.86
19603 3736.47 1615.26
19606 5162.46 1675.48
19608 1640.48 2018.15
19623 4193.36 1689.33
19625 1735.15 1709.62
19630 4002.19 1740.22
19631 4002.19 1740.22
19633 4777.36 1314.02
19650 4814.25 1736.94
19654 4119.33 1694.99
19656 4593.78 1465.88
19658 3585.83 1714.67
19663 5197.53 1783.71
19670 4433.85 1875.94
19671 5138.77 2059.14
19701 3771.32 1894.42
19716 4249.23 1516.1
19720 4279.89 1975.58
19722 4772.84 2202.08
19724 3042.52 1373.35
19725 4087.85 1826.21
19727 4934.99 2193.4
19737 4699.86 1659.94
19738 4699.86 1659.94
19740 4665.5 1836.15
19750 3950.85 1808.15
19753 5090.27 2252.93
19763 2577.8 1632.47
19768 5140.08 1786.99
19774 4105.08 1971.4
19778 2820.36 1603.16
19788 4697.79 2231.71
19789 4304.02 1289.09
19793 4778.92 1513.75
19796 1771.35 1997.16
19801 4476.74 1893.53
19803 1920.72 1849.25
19807 5027.29 2083.64
19808 4424.57 2149.29
19818 3034.49 1942.67
19819 4336.03 1451.11
19820 3909.88 2085.32
19825 4168.8 2163.81
19827 4410.33 1900.41
19828 4410.33 1900.41
19840 2775.4 1690.76
19853 4349.13 1550.09
19855 4869.96 1617.38
19868 1955.56 1632.66
19873 4999.82 1757.96
19880 4737.19 1895.41
19886 5052.05 2087.84
19898 4866.53 2198.38
19902 3943.85 1514.66
19917 4325.09 2073.7
19924 3947.9 1350.7
19939 5036.44 2132.68
19941 4246.77 2198.8
19942 4128.5 1668.02
19954 5028.27 1977.14
19961 4368.71 1307.98
19962 2451.79 1666.42
19974 2982.01 1643.56
19976 4164.98 1519.8
19986 4318.27 2136.28
20000 4355.84 1691.05
20003 4623.39 1856.77
20009 3633.51 2044.35
20010 4632.1 1926.14
20011 2061.35 1782.79
20021 2957.65 1936.9
20032 2298.49 1971.66
20033 1680.76 1707.72
20041 4639.58 1495.59
20042 1310.63 1854.56
20050 1628.92 1930.06
20051 4053.99 1476.88
20052 4601.33 2228.64
20071 4496.66 2173.77
20081 2104.81 1626.32
20096 3982.43 1523.87
20099 3565.75 1495.16
20107 3935.95 2060.53
20109 1967.85 1762.03
20110 4505.7 1656.55
20111 4505.7 1656.55
20130 4388.75 1525.71
20133 2579.85 1723.54
20135 3507.84 1620.34
20138 4094.93 1674.32
20139 2199.32 1427.95
20156 4467.15 1719.12
20160 3129.94 1592.6
20162 1509.24 1562.39
20164 4999.88 2090.37
20166 3808.63 1848.14
20170 3735.19 2145.1
20183 3432.85 2055.29
20200 4645.53 1621.06
20203 4478.2 1522.6
20209 5109.61 1721.64
20211 4193.76 1671.93
20220 5102.21 2054.81
20225 4123 1907.49
20230 4711.11 2201.09
20232 5284.78 1685.67
20237 5066.55 1539.17
20244 5059.32 2044.05
20249 4117.32 1415.94
20254 4312.15 1705.97
20261 4463.09 1994.71
20271 3708.74 1865.15
20274 4527.65 2149.32
20284 4418.18 1764.62
20289 1598.35 2024.05
20303 3890.68 1511.39
20306 4065.33 1517.63
20307 2111.24 1612.73
20318 4335.55 2182.33
20319 4335.55 2182.33
20320 4505.39 1981.56
20325 1893.19 1827.48
20332 5108.76 1407.04
20343 2563.21 1574.61
20347 3130.56 2024.44
20351 4264.2 1805.25
20353 2562.43 1788.37
20355 1629.2 1675.36
20360 4424.88 1522.43
20361 4635.22 2144.85
20363 2222.51 1428.52
20364 5104.84 1865.05
20371 2086.33 1956.3
20384 1460.49 1530.26
20387 4707.08 1438.72
20388 4771.85 2436.37
20394 3340.31 2173.42
20399 4128.66 1426.77
20400 4650.34 1677.19
20401 4489.6 1509.83
20405 1988.05 1778.28
20406 3671.53 2146.77
20410 5150.02 1577.12
20413 2034.41 1779.05
20421 4541.41 2221.72
20433 2424.27 2049.44
20437 3026.56 1749.73
20439 5057.47 2116.65
20441 4957.44 2094.61
20442 4838.32 1420.33
20451 4009.07 1614.02
20456 4193.39 1699.72
20457 5121.96 1517.56
20494 5041.2 1876.52
20507 1936.75 1456.27
20510 3183.22 1731.82
20512 5039.75 1536.99
20524 4739.44 1803.54
20537 897.153 1860.53
20540 1592 2121.29
20543 4595.13 2151.99
20548 4891.04 1764.75
20549 4757.99 1546.09
20566 3787.96 1619.92
20567 5074.93 2107.18
20568 3601.7 2038.47
20573 1801.14 1709.61
20578 5123.34 1333.42
20583 3619.67 1616.15
20585 3113.06 1728.44
20800 2606.53 1899.02
20810 2614.4 1824.25
20817 2516.77 1818.31
20820 2349.49 2070.85
20824 2340.87 1950.5
20834 2403.26 1673.49
20858 2751.4 1745.15
20860 3893.96 1960.11
20881 2281.16 1785.67
20895 5063.51 2085.48
20903 2676.81 1830.8
20989 2685.85 1719.28
20993 2020.08 1750.06
21005 3150.86 1762.31
21031 4598.79 2192.34
21048 4815.98 1648.66
21058 2642.69 1760.34
21066 4175.9 2201.13
21088 4154.37 2238.12
21104 5197.53 1783.71
21140 4168.46 2103.14
21141 3989.58 2004.82
21147 4410.85 1833.95
21159 4721.64 2257.8
21173 4267.39 2015.86
21211 2205.33 1455.85
21220 1373.34 1665.6
21223 3585.83 1714.67
21271 4013.12 2098.93
21288 2726.79 1934.12
21294 2396.78 1760.54
21342 5013.2 2176.51
21366 4889.73 2098.88
21374 3062.52 1727.48
21379 1806 1678.03
21383 2477.98 2135.8
21398 3775.98 2169.09
21399 3247.93 1825.65
21401 4553.15 1579.05
21440 2493.78 1771.2
21447 3986.52 2075.16
21464 2185.9 2087.95
21468 2062.54 2206.42
21504 985.063 1849.46
21511 2261.31 1992.53
21512 3391.39 2193.38
21531 2436.6 1763.73
21568 3879.41 2065.66
21572 3711.29 1997.72
21609 3145.87 1726.62
21638 2193.49 1752.6
21643 3227.54 1700.74
21685 3133.22 1569.6
21687 2424.27 2049.44
21692 4172.57 2137.27
21716 1790.78 1947.87
21732 4371.4 2434.54
21746 4121.23 1986.43
21756 2547.82 1654.31
21780 2787.83 1637.73
21796 3761.05 1543.47
21799 2623.89 1672.08
21809 4241.45 2309.85
21840 4536.85 2429.04
21846 2381.86 2034.89
21858 4701.39 2008.29
21859 4701.39 2008.29
21893 1738.54 1937.35
21913 2316.11 2072.54
21920 2220.81 1969.79
21933 1743.75 2204.6
21935 4032.5 2241.33
21950 4293.02 2028.9
21961 1477 1774.77
22017 4797.55 2066.87
22023 5154.05 2165.88
22050 2150.76 1785.76
22052 5028.27 1977.14
22062 3945.35 2099.62
22084 2224.15 1787.58
22085 4376.65 1872.78
22132 4407.04 1956.58
22135 1225.97 1828.01
22155 2790.44 1804.75
22161 3717.18 2333.28
22176 4557.15 2204.02
22184 4202.11 2046.48
22185 4202.11 2046.48
22194 4143.59 2063.41
22198 2150.79 1767.61
22202 3956.06 2084.33
22210 1598.27 2044.01
22214 3605.54 2245.77
22234 4279.89 2206.11
22254 3638.72 2069.17
22256 4953.63 2007.97
22267 4156.16 2286.22
22289 2480.47 1789.36
22302 2376.99 2005.53
22310 5073.88 2166.34
22313 4436.53 1537.32
22318 3603.54 1794.58
22323 2863.79 1759.5
22325 4034.94 2091.43
22364 1905.77 2019.2
22385 2527.51 1808.05
22386 2290.24 1673.15
22387 1525.83 1500.4
22396 3139.98 2000.12
22415 2047.45 1739.23
22429 4221.77 1573.88
22430 4221.77 1573.88
22436 3974.21 2332.67
22549 4804.53 1712.54
22557 2686.21 1682.95
22567 4917.63 2230.47
22581 4210.66 1848.45
22582 4210.66 1848.45
22586 3983.26 2314.63
22588 3712.1 1785.99
22600 947.625 1812.1
22781 2075.39 1587.76
22784 3777.49 1836.28
22819 2553.81 1760.35
22843 1868.91 1745.26
22849 4572.87 2051.56
22855 2062.44 1653.65
22858 1567.64 1942.93
22860 2810.24 2067.93
22870 4017.48 2163.57
22873 4571.81 1528.59
22885 4282.31 1945.91
22931 2090.13 1816.22
22951 1869.93 2009.39
22991 4353.52 1899.99
22994 3783.2 2074.25
22998 1769.12 1881
23045 3129.94 1592.6
23051 4071.96 2312.62
23056 2367.65 2066.86
23073 4411.25 2448.19
23103 4514.51 2000.95
23115 1670.97 1676.38
23148 4451.22 2236.94
23149 2949 2175.35
23182 2188.73 1773.01
23188 2539.56 1677.13
23197 4115.44 2390.79
23204 5039.46 2275.15
23206 1691.24 1751.05
23212 2716.45 1753.14
23228 975.876 1820.82
23231 4461.17 2259.71
23234 2734.38 1742.31
23237 4964 1622.72
23261 4093.2 2233.56
23279 3778.98 2374.28
23290 4877.88 2134.73
23291 4064.61 2417.46
23326 2412.1 1782.03
23327 4409.58 2239.41
23342 2086.33 1956.3
23379 1577.63 2025.54
23390 1765.19 1766.45
23391 4663.16 2368.66
23398 2285.12 2045.18
23411 3945.35 2099.62
23413 4792.37 1658.92
23432 2304.81 2059.07
23437 2804.15 1793.78
23444 2350.65 1660.5
23445 5164.3 1955.19
23467 4922.64 2250.51
23470 5059.3 1738.24
23473 4789.14 1738.92
23474 1220.84 1847.37
23476 4289.19 1589.24
23480 4252.39 2288.58
23509 3723.1 2128.8
23510 3723.1 2128.8
23513 2903.91 1800.84
23524 2902.28 1759.6
23537 2014.44 1456.82
23538 1548.16 2033.51
23554 3740.83 2074.71
23561 3730.28 1813.12
23562 1927.94 1472.31
23565 1401.69 1957.04
23574 3183.28 1638.21
23577 4661.03 2105.83
23580 2480.8 1751.54
23589 4370.64 2310.95
23602 4844.45 2258.87
23603 1546.22 2052.27
23608 4472.58 2451.64
23616 2881.94 1951.55
23629 5055.56 2485.56
23630 4677.59 2490.23
23632 3153.65 1911.69
23702 2403.26 1673.49
23758 5025.89 1713.64
23760 4243.72 1414.05
23818 4516.84 2242.38
23834 3754.77 2391.29
23861 4119.78 1766.52
23866 1801.31 1888.03
23888 2339.43 2197.94
23901 3823.75 1872.21
23906 5088.72 2312.07
23920 4835.19 1568.29
23970 2372.54 2087.69
24017 3456.13 1471.3
24022 3779.84 1653.04
24031 2360.2 1408.53
24049 2215.25 1732.27
24064 1073.63 1872.04
24077 1429.39 2033.74
24111 2483.82 1656.06
24138 3962.97 2313.57
24154 4810.62 2258.86
24171 1449.04 1852.97
24204 2376.01 1782.63
24211 4437.36 2400.69
24217 1911.59 1431.8
24246 4063.12 2265.73
24255 4657.42 2436.98
24263 5056.18 2320.65
24264 1680.03 1482.08
24278 4754.09 2092.57
24280 4866.11 1649.26
24283 3960.29 2384.11
24288 2522.01 2169.6
24291 1841.24 2020
24306 3811.85 2191.02
24322 2163.48 1429.24
24334 1858.32 1472.51
24336 4103.81 2252.88
24338 4063.86 2400.17
24340 4230.1 1892.87
24354 3786.28 2276.09
24367 2785.03 2055.23
24369 2529.86 2154.37
24375 4163.11 2399.77
24378 3830.48 2329.01
24379 2235.3 1702.86
24388 3015.09 1800.1
24392 4424.66 2328.4
24401 5222.44 2550.83
24408 2677.52 1800.41
24410 2323.42 2057.46
24417 4311.97 2280.78
24427 1807.56 1696.29
24429 3781.91 2191.81
24430 4911.36 2438.76
24431 4423.81 2371.82
24433 3938.65 2439.69
24441 1583.74 2051.71
24455 5094.9 2517.5
24456 4853.01 1720.99
24463 3828.03 2311.96
24470 1796.75 1736.36
24474 2887.31 1836.18
24476 2867.89 1829.51
24487 2252.36 1621.64
24494 2402.94 2199.03
24513 4080.08 2078.98
24524 2009.48 1440.91
24529 4847.73 2506.96
24535 2258 1971.24
24543 1900.04 1991.71
24544 1900.04 1991.71
24546 1085.39 1858.89
24547 3797.34 2203.58
24548 4163.32 2413.24
24563 1535.81 2059.07
24567 4102.93 2310.64
24570 4293.02 2028.9
24572 4813.66 2304.44
24582 2902.52 1773.22
24585 4887.11 2377.6
24595 3899.28 2265.68
24671 4261.57 2042.23
24717 3858.52 2352.92
24836 4439.04 2347.08
24849 1790.93 1728.84
24917 4314.12 1752.11
24925 2433.21 2148.14
24926 4581.71 1847.92
24940 2424.27 2049.44
24976 4971.23 2175.68
25013 4089.39 2291.08
25044 4299.25 2380.52
25057 3955.28 2218.94
25059 1908.71 2142.45
25096 4124.18 2163.41
25133 5079.66 1788.63
25160 4675.18 2418.63
25243 4957.44 2094.61
25258 2396.13 2129.04
25261 5110.53 2472.31
25270 3968.67 2298.29
25274 4261.66 2218.31
25307 2575.06 1839.88
25318 2405.87 2033.65
25327 3785.26 2218.32
25336 4186.24 2469.33
25354 3769.46 2237.01
25360 2102.29 2243.07
25361 3961.18 2400.47
25367 3154 2218.85
25368 2303.49 2026.52
25382 5061.2 2453.64
25400 4372.53 2280.05
25405 1080.25 1845.42
25413 4331.74 2245.39
25437 2808.11 1821.52
25443 2267.96 1698.63
25455 5024.59 2512.29
25458 2666.36 1673.98
25462 5220.98 2403.68
25464 3865.34 2317.02
25502 4117 2301.37
25560 4293.55 2285.22
25567 4897.35 2300.72
25574 1388.68 1988.66
25576 4267.54 2439.08
25580 4752.58 2487.89
25770 4025.7 2282.17
25788 4581.74 1909.14
25829 3474.96 2214.15
25928 4304.4 2336.13
25962 3493.21 2488.82
25963 3493.21 2488.82
25985 4443.25 1735.74
26003 2828.92 2087.15
26010 2182.82 1724.75
26032 4053.06 1974.69
26154 4633.77 2434.31
26201 5329.32 2581.51
26209 1923.16 1456.73
26222 3199.08 2296.66
26259 4874.14 2306.95
26322 2353.48 1702.21
26369 4197.08 2449.8
26375 4666.15 2391.15
26376 4666.15 2391.15
26452 2674.07 1761.49
26461 2380 2197.22
26468 2714.73 1799.64
26472 4063.66 2231.77
26481 4305.57 2310.32
26486 4285.15 2231.48
26491 2956.88 2080.88
26501 4965.51 2352.21
26505 3761.15 2215.33
26643 1364.59 1640.74
26682 3723.4 2233.04
26788 4032.2 2305.49
26911 3199.08 2296.66
26915 4462.46 2403.39
26923 5025.66 1768.84
26965 3902.83 2200.29
26977 4882.08 1944.82
26986 2977.11 1847.45
27033 3585.41 2499.25
27140 5066.26 1812.95
27141 5066.26 1812.95
27153 4110.3 2290.63
27175 4985.85 2489.87
27254 3794.13 2238.85
27264 3904.16 2317.76
27265 4743.24 2465.92
27277 4038.76 2219.67
27280 4367.32 2415.19
27309 3975.33 2222.02
27317 4446.4 2414.34
27333 1786.41 1472.26
27342 3560.18 2522.84
27370 4550.73 2420.63
27372 3406.42 2355.53
27719 1507.18 2115.27
27944 4030.33 2379.82
28155 4024.45 2276.18
28225 4274.17 2241.21
50511 3126.61 1783.54
51799 2633.39 1711.19
51847 2579.85 1723.54
52217 2195.09 1987.02
54660 2734.38 1742.31
54684 1882.1 1971.36
55596 1810.84 1952.22
55625 1452.22 2059.11
55629 1797.39 1934.81
56009 4598.79 2192.34
56589 2391.49 1663.35
56674 3913.55 2216.86
56713 4330.48 2259.03
56749 2441.11 1799.61
57040 4708.15 2133.28
57479 2161.82 1721.64
57691 1790.96 1481.82
57748 2439.99 2117.24
58840 2959.17 1649.46
59067 3745.66 2408.29
59097 3771.31 2296.02
65509 3731.89 2316.08
65776 4284.9 2294.38
65789 3156.3 2172.07
65790 3156.3 2172.07
65882 4293.55 2285.22
65884 4380.45 2485.62
65917 4687.05 2248.64
65962 3910.97 2434.97
66044 4305.16 2298.27
66420 1114.81 1821.92
66463 2214.94 2115.82
66531 4123.75 2376.81
66576 3927.69 2298.49
66580 4649.6 2501.2
66595 4659.26 2253.67
66603 3237.41 2103.75
66619 2309.17 1695.78
66629 5296.54 2287.69
66643 4340.2 2421.87
66649 4123.92 2210.44
66667 2716.58 1815.09
66670 4135.39 2231.2
66689 4102.67 2404.45
66705 2753.93 1657.09
66731 3892.91 2310.09
66755 2487.45 2131.78
66756 3857.33 2354.36
66771 2496.16 2124.93
66774 5124.39 2535.66
66776 4158.15 2347.5
66786 4016.61 2266.17
66794 5168.28 2432.05
66862 3821.32 2342.67
66863 3982.95 2429.52
66980 1828.23 1466.11
67121 3820.04 2438.98
67134 1980.59 1464.36
67141 1495.11 1798.02
67144 2318.77 1771.05
67163 3362.01 2219.23
67184 2578.64 1800.13
67186 5129.71 2080.66
67212 1862.85 1916.9
67232 2543.09 1820.27
67244 4249.54 2472.63
67257 4548.43 2002.53
67271 2065.43 1766.02
67273 3079.1 1746.11
67274 1951.62 2046.73
67301 1478.44 2059.66
67307 2745.27 1820.01
67310 4289.6 2059.77
67320 3153.56 2081.86
67331 3108.59 1910.43
67353 1900.49 1477.03
67356 5361.14 1901.5
67372 2789.84 1754.1
67379 2873.83 1782.64
67420 1506.04 1702.84
67428 4322.32 2201.8
67496 4746.06 2221.16
67563 5004.67 1651.01
67690 2847.21 1710.73
67740 5113.67 2489.43
67771 4607.05 2369.27
67884 4466.14 2197.65
67887 2305.1 1663.63
67899 1443.72 1864.18
67918 1794.98 1785.98
67954 4264 2391.05
67977 971.526 1844.16
67993 947.475 1874.38
68012 1697.62 1914.05
68022 4077.98 2155.07
68048 2732.19 1595.25
68066 1338.2 1902.39
68071 3776.05 1860.67
68081 2307.72 1790
68130 3625.58 1726.22
68156 1473.95 1725.34
68176 3110.18 1748.9
68197 3151.79 2115.7
68219 3253.75 1890.61
68222 3142.53 1671.83
68252 3177.94 1595.14
68257 2460.28 1801.56
68265 1979.92 1442.79
68270 4171.72 2064.79
68283 5192.12 1918.09
68288 4559.84 1880.32
68292 2429.78 2134.36
68321 2177.25 1634.38
68334 2926.68 1668.56
68339 1779.91 1463.04
68344 1841.31 1907.98
68417 1500.64 1636.23
68423 2516.7 1772.06
68424 2215.41 1615.3
68429 1478.44 2059.66
68433 1795.54 2008.15
68443 4062.1 2296.37
68446 1510.26 1846.81
68457 1348.96 1912.53
68462 1635.67 1473.4
68486 4123.92 2210.44
68487 2891.37 1783.43
68501 3846.2 1834.16
68510 1826.38 1699.9
68511 1830.12 1981.08
68515 4571.2 2158.77
68516 4571.2 2158.77
68523 4932.35 1532.34
68525 3164.11 1504.36
68538 3868.72 2393.06
68540 1537.48 1997.1
68546 3244.2 1804.96
68549 3609.43 2108.98
68563 2927.81 1782.06
68570 3873.15 2008.93
68577 3810.19 2166.73
68584 4626.89 1777.74
68585 1038.35 1836.76
68599 2297.09 2247.58
68605 2827.99 1999.7
68626 2823.55 1619.77
68627 2823.55 1619.77
68629 2194.47 2098.96
68632 1486.11 1723.69
68638 2925.64 1679.67
68649 5088.91 1644.59
68654 3363.29 2198.18
68656 4948.74 2208.64
68660 3837.47 2170.53
68661 3706.71 1893.87
68673 2646.38 1636.21
68684 4574.55 2136.17
68685 1821.4 1710.89
68695 5052.49 1605.36
68696 2409.33 2073.74
68706 4916.66 2024.62
68712 3994.71 1931.47
68715 4253.15 2072.03
68717 4310.51 2163.67
68727 3130.35 2223.92
68733 2626.74 1807.69
68740 3633.49 1815.66
68756 2502.37 1717.42
68762 3123.41 2112.41
68770 2850.81 1734.95
68780 2292.8 1467.02
68781 2235.76 1852.12
68782 1778.08 1863.67
68784 4191.12 2388.37
68791 2850.2 1839.64
68795 4493.32 2089.12
68798 2099.71 1430.39
68800 2111.4 1787.67
68803 2868.38 1944.39
68805 4518.95 1545.83
68806 3157.09 1977.8
68809 1768.88 1792.9
68810 2426.06 2076.75
68811 2717.77 1839.83
68812 1894.5 1460.9
68814 2387.31 1911.28
68815 3723.52 1761.61
68824 2063.33 1629.42
68827 2247.12 2048.31
68828 3879.63 2065.7
68831 3634.36 1977.19
68832 2036.47 1422.96
68833 1829.21 2085.92
68844 2136.27 1606.6
68845 3163.93 2321.18
68846 2627.02 2259.89
68847 2132.69 1799.47
68850 1536.02 1476.71
68851 1682.72 1501.27
68860 4564.34 2242.32
68863 2260 1763.73
68864 2674.07 1761.49
68869 3082.83 1951.51
68870 1878.65 1732.88
68872 2213.91 1868.44
68875 1421.07 1855.11
68878 4453.23 1701.57
68880 2208.16 1804.83
68882 1528.18 1762.11
68883 1959.11 1472.39
68884 1675.07 1804.12
68886 1798.94 1450.97
68890 2418.82 2131.48
68893 1393.87 1976.62
68894 2545.85 1742.55
68895 3253.75 1890.61
68896 2260.64 1794.84
68898 1808.2 1883.15
68900 3107.46 1924.45
68904 1057.45 1785.19
68905 4479.44 1975.9
68908 4044.23 2203.79
68913 4303.67 2050.02
68914 1380.15 1721.38
68918 3638.08 1493.73
68919 3025.58 1692.11
68920 3029.44 1889.87
68921 1591.13 1937.12
68928 1579.63 1955.72
68933 1859.99 1440.57
68934 2221.4 1668.11
68935 4743.5 1718.38
68937 3109.94 1864.54
68940 1549.16 1897.36
68942 4757.75 2384.44
68944 2143.72 1426.51
68946 5098.38 2227.03
68947 2862.58 1790.78
68948 1494.73 1673.17
68949 972.857 1801.57
68950 4580.37 2079.76
68954 2205.48 1639.81
68955 1811.44 1458.64
68957 2025.83 1668.93
68960 4804.53 1712.54
68961 3621.26 1781.99
68962 4406.01 1985.6
68963 2070.64 2091.86
68967 1564.74 1490.55
68968 1778.05 1823.86
68969 4774.22 2242.42
68970 1799.31 1462.7
68971 3183.11 1698.38
68973 1940.57 1629.39
68980 3292.94 1490.79
68983 4015.04 2173.58
68984 3781.67 1758.73
68985 1884.52 1461.28
68986 2095.66 1601.49
68990 1678.77 1734.64
68995 3098.08 2081.43
68998 3122.55 1757.02
69002 2685.19 1596.75
69003 4472.95 2074.07
69004 3804 2001.76
69005 1743.64 1455.72
69007 2943.8 1773.17
69017 2767.03 1759.43
69018 3946.11 1690.52
69019 3918.58 1617.85
69022 2270.53 2040.26
69024 2606.12 1681.12
69025 2070.28 1987.56
69026 4441.75 2190.47
69030 4857.44 1808.25
69031 4936.5 2020.97
69033 4158.57 2347.64
69034 2965.54 1949.63
69035 4467.21 1957.21
69036 4843.15 2103.74
69039 3075.38 1980.85
69040 3916.37 1509.08
69041 3886.32 1926.95
69042 4647.26 2203.75
69043 4647.26 2203.75
69044 2075.61 2110.58
69045 4188.84 1517.13
69046 4600.19 1539.08
69047 4771.68 2137.87
69050 1458.54 2024.45
69053 4283.53 2045.67
69054 4457.96 1688.57
69055 4544.98 1642.99
69057 2386.85 1419.79
69058 2939.15 1760.63
69060 4034.14 2393.54
69061 2616.67 1929.75
69062 2778.71 2182.59
69063 4627.74 2220.55
69064 3614.44 2048.39
69066 5007.03 2254.76
69068 4952.93 1844.12
69069 4815.58 2063.13
69070 2824.02 1941.36
69071 2031.73 1886.01
69072 4702.67 1710.34
69075 4579.72 1997.59
69078 3249.35 1709.3
69081 1749.23 1445.83
69083 2382.38 1759.38
69084 4347.85 1916.46
69085 3923.65 2133.08
69086 2083.86 1542.5
69090 4695.4 1677.19
69091 4695.4 1677.19
69093 1941.62 1425.71
69094 1941.62 1425.71
69097 2157.99 1669.7
69099 3859.45 1894.34
69100 3894.98 1508.85
69103 4575.64 1762.96
69104 4575.64 1762.96
69105 4549.92 1537.89
69108 4416.63 2067.27
69109 4382.75 2020.06
69111 2745.32 1936.79
69112 4828.53 1540.26
69113 3242.99 1821.14
69114 4677.77 1710.98
69115 3691.95 1648.66
69116 3096.34 1706.24
70069 2482.11 1395.59
70357 1667.52 1706.16
70411 1498.61 1576.68
70433 2614.36 1602.3
70488 2047.37 1873.06
70682 4145.54 1322.08
70914 1887.19 1763.13
71184 3861.3 1420.45
71219 4028.47 1276.21
73944 1997.28 1881.5
74087 3949.85 1301.21
74225 5011.13 1298.38
74385 3649.45 1417.22
74397 3148.54 1506.58
74475 1811.37 1745.28
74481 2502.98 1397.9
74497 3546.61 1333.1
74523 2513.46 1918.06
74576 2504.25 1587.02
74632 2455.09 1928.59
79686 2261.8 2087.64
83439 3630.58 2432.12
96388 3727.87 2017.52
97061 4654.02 2211.73
98897 3759.91 1358
98909 4580.62 1413.96
99094 4959.95 1306.7
99099 4093.28 1327.68
99323 3455.38 1187.76
99342 4826.52 1327.39
99379 4970.52 1393.47
99403 5094.9 1460.26
99489 1549.28 1670.28
99528 4828.46 1269.36
99535 3603.75 1309.56
99543 3472.06 1338.11
99583 4769.06 1327.18
99584 5103.27 1352.57
99671 5068.28 1446.85
99673 3886.86 1368.86
99674 3886.86 1368.86
99809 4841.71 1444.99
99811 4894.04 1483.19
99828 5018.81 1519.55
99835 4766.12 1376.3
99871 4398.34 1307.83
99882 4621.95 1339.84
99915 5075.24 1310.67
99941 4488.14 1438.12
100009 5130.93 1525.83
100025 3587.64 1309.18
100045 4875.69 1458.77
100062 5075.74 1267.17
100064 3570.95 1138.16
100091 3714.66 1449.87
100118 3747.98 1347.77
100121 4057.11 1418.34
100128 4276.2 1504.27
100143 4695.84 1336.11
100175 4936.92 1268.16
100190 3427.81 1236.55
100197 3454 1406.21
100214 5144.96 1463.48
100224 3739.46 1381.45
100245 3361.26 1359.8
100251 3738.64 1414
100257 3512.37 1235.63
100299 4983.55 1369.59
100353 4969.61 1511.69
100355 3467.32 1407
100366 3490.82 1079.63
100378 3860.32 1481.01
100389 5020.95 1524.38
100417 3480.73 1104.46
100502 3450.51 1393.53
100574 3484.06 1176.58
100579 3768.2 1371.03
100692 2701.84 1389.97
100780 4157.36 1332.69
100844 3202.61 1488.35
100883 5154.05 2165.88
100911 3463.58 1392.31
100929 4648.42 1450.92
100932 5284.15 1236.34
100942 5331.03 1498.89
100952 5339.14 1425.12
100960 3995.59 1497.24
100977 4524.06 1335.16
100986 4123.31 1327.17
101039 4342.31 1745.31
101068 5269.74 1393.4
101093 5223.04 1406.22
101101 3922.04 1497.57
101122 4189.48 1394.61
101123 5082.7 1390.09
101130 5362.57 1297.09
101140 4009.44 1345.76
101141 3653.28 1196.01
101148 1564.95 1891.55
101159 4936.92 1268.16
101169 4272.48 1491.69
101215 3497.72 1326.28
101216 3497.72 1326.28
101221 5202.48 1503.02
101233 5289.43 1497.06
101245 3667.52 1430.24
101278 5237.73 1265.18
101396 5203.78 1681.67
101411 3633.66 1268.08
101457 5156.32 1823.68
101483 5275.46 1334.31
101496 3845.89 1629.57
101515 1554.32 1711.98
101520 1552.99 1877.48
101561 4560 1611.8
101572 5236.44 1991.24
101575 5225.94 1640.43
101586 5385.6 1193.36
101612 5295 1439.17
101661 1535.67 1693.58
101679 5239.79 1339.94
101683 4350.27 1841.47
101710 3241.63 1354.7
101714 1493.28 1734.26
101730 3421.19 1865.98
101741 2120.95 1920.2
101813 1548.07 1781.62
101920 4245.92 1762.61
101998 5287.38 1282.7
102003 3447.37 1736.68
102008 4783.3 1483.23
102011 4010.94 1399.79
102012 5349.68 1272.07
102022 3504.22 2142.77
102058 4772.23 1288.15
102075 4908.1 1368.71
102079 5190.32 1320.44
102082 4168.25 1625.81
102084 5288.51 1599.49
102095 3519.28 2147.57
102116 5226.41 1682.02
102127 4887.93 1663.87
102170 3550.65 1257.91
102184 4853.01 1720.99
102188 3439.16 1602.95
102193 3065.42 1467.01
102212 3677.06 2008.86
102217 5010.53 1876.93
102245 1528.18 1762.11
102254 5061.38 1966.04
102255 3540.18 2135.57
102256 3814.69 1585.04
102270 4530.23 1880.54
102274 2482.18 1610.49
102275 3323.59 1571.91
102278 5158.62 1488.15
102285 3578.82 2356.01
102286 3609.49 2083.67
102291 4831.19 1748.64
102292 2266.39 1898.87
102300 3994.61 2125.46
102315 5100.37 2185.98
102321 5234.2 2040.97
102333 1593.72 1806.54
102355 5131.19 2130.77
102360 3064.08 1409.19
102369 3569.17 2136.59
102379 3406.87 1411.8
102396 3714.88 1685.35
102405 3359.32 1633.52
102406 3075.65 1478.02
102411 3427.64 1901.6
102415 5025.2 2065.13
102416 3348.55 1667.8
102421 3433 1501.27
102425 1541.64 1857.75
102433 2237.9 1431.82
102440 4897.49 1785.28
102442 3753.47 1646.79
102454 5125.3 1933.98
102489 4719.98 1582.92
102491 2959.94 1596.41
102496 4618.24 1828.45
102500 3420.66 2068.12
102505 3156.08 1466.15
102507 2849.31 1390.09
102519 3494.59 1902.87
102531 1540.88 1885.28
102533 2369.16 1433.57
102535 4827.22 1630.35
102543 3698.43 1970.48
102546 5125.4 1540.02
102558 5445.31 2509.78
102570 5220.61 1649.42
102571 4383.44 1686.38
102585 5443.83 2406.15
102638 3659.24 1923.67
102642 5091.82 1669.79
102646 5021.45 1669.94
102654 5163.41 2100.48
102692 2239.29 1752.06
102703 2117.84 1457.62
102704 1890.4 1887.31
102708 3733.61 2123.19
102709 5444.45 2531.4
102716 4623.75 1644.24
102720 3693.13 1985.93
102721 4513.38 2074.39
102735 4324.86 1266.15
102740 2308.96 1604.55
102750 5102.59 2121.43
102775 1600.3 1947.67
102778 5253.98 1702.76
102785 5228.24 2069.89
102789 5287.04 1568.5
102790 5013.01 2025.81
102793 5128.73 1750.79
102800 5364.33 2036.77
102813 5424.37 1431.39
102814 5438.64 1213.32
102815 5338.77 1620.47
102839 5342.43 1259.81
102840 4660.23 1762.32
102854 5028.27 1977.14
102860 5447.09 2132.95
102861 3178.41 1704.88
102868 1889.86 1839.73
102873 3065.42 1467.01
102878 4591.85 1710.43
102906 3712.01 1320.57
102912 3431.65 1625.86
102917 4727.42 1614.58
102918 3377.69 1664.97
102919 2557.15 1912.83
102943 5118.04 1774.09
102944 3214.03 1987.6
102946 4267.62 1263.56
102953 4777.63 1683.56
102966 5207.95 1597.29
102979 5421.47 2091.36
102983 3677.11 2027.17
103001 4215.45 1317.96
103006 5442.44 1319.69
103014 1540.13 1803.99
103016 4132.91 1860.42
103024 3647.52 1908.98
103031 4785.7 1717.63
103036 5226.87 2160.15
103041 4672.27 1859.47
103042 3437.77 1959.65
103044 3437.77 1959.65
103046 3439.88 1918.22
103050 4500.39 1997.67
103052 4553.26 1896.51
103067 5003.65 1589.04
103070 3678.48 1992.23
103073 4820.16 1757.86
103074 5189.73 2230.3
103085 4263.16 1536.79
103093 5012.03 1633.61
103095 4806.64 2129.41
103103 4547.56 1714.64
103116 2647.12 1578.51
103117 2441.66 1923.48
103120 1338.51 1856.6
103133 3433.32 1553.69
103140 2391.77 1663.18
103141 3776.34 1802.59
103142 4983.96 2177.46
103143 3527.89 1242.5
103148 3886.54 1687.65
103152 5021.63 1941
103153 4333.54 2142.43
103154 1517.93 1592.59
103170 3754.31 1240.39
103173 3564.49 1115.23
103174 2877.01 1395.58
103176 3621.51 1764.11
103177 4157 2076.68
103189 3223.43 1744.23
103194 3695.79 2119.67
103206 4402.04 2044.88
103210 4739.87 1949.61
103213 3231.56 1814.95
103219 5208.76 2016.61
103223 5426.62 1239.72
103228 4792.83 1551.7
103229 5413.52 2230.71
103230 5413.52 2230.71
103231 5122.07 1697.75
103234 5151.61 1988.97
103236 3015.58 1403.07
103239 4758.94 1774.41
103240 4954.45 1669.61
103251 3718.6 1210.05
103257 4574.55 2136.17
103260 4737.43 2134.77
103261 957.224 1820.9
103263 3173.67 1743.46
103264 3173.67 1743.46
103265 4274.94 1848.62
103269 4198.63 1803.21
103273 4822.02 1569.96
103276 4876.38 1686.83
103279 4705.87 1827.37
103282 3422.59 2044.33
103285 4558.05 2115.7
103286 3970.92 1867.26
103287 3970.92 1867.26
103290 3364.98 2053.36
103294 1544.96 1622.64
103295 4794.76 1988.78
103296 1878.65 1732.88
103301 5225.36 2220.33
103305 4524.77 1520.92
103311 4357.99 2049.33
103312 4276.48 2034.73
103315 4710.69 1567.38
103318 5140.34 2106.66
103319 2206.57 1413.58
103320 5239.93 1751.13
103325 5446.02 2196.73
103328 2954.17 1604.86
103334 3654.66 1712.87
103338 3142.21 1981.53
103339 5171.93 2172.57
103341 4575.27 1696.68
103342 4740 2168.77
103344 4011.08 1702.86
103345 2272.51 1413.66
103348 3327.08 2159.92
103349 4052.82 2060.83
103352 5100.76 1585.36
103359 4487.16 1902.45
103366 4932.17 2039.22
103367 3344.59 1741.64
103369 5027.53 2149.1
103370 3526.08 1726.58
103373 3922.75 1966.09
103375 5254.85 2057.3
103380 4979.61 1997.4
103383 3420.35 1822.58
103396 5183.02 1953.9
103404 1597.3 1846.66
103406 1663.39 1826.24
103429 3690.8 1829.24
103437 2429.54 1635.45
103439 1997.28 1585.23
103442 4487.14 1678.74
103449 4346.62 1347.86
103452 3518.2 1465.91
103465 2665.46 1625.74
103466 2506.67 1539.69
103467 3893.51 1302.11
103477 4671.15 1465.81
103484 1369.43 1869.84
103485 3224.88 1862.57
103502 2399.24 1445.52
103507 3198.21 1597.34
103510 3496.76 1613.54
103511 3709.37 2097.32
103517 3714.17 1365.9
103520 2785.56 1609.55
103523 2019.52 1928.81
103533 5150.95 1730.75
103535 3729.44 1666.61
103537 3906.05 1318.64
103545 3704.44 1720.1
103549 4795.22 2091.76
103555 5312 1526.03
103556 3940.72 2030.53
103561 4440.46 1848.7
103567 3909.88 2085.32
103568 5140.5 1707.4
103575 3157.09 1977.8
103577 3764.31 1226.24
103582 1505.84 1880.88
103594 3878.72 1678.7
103595 3405.5 1940.73
103610 4640.41 2237.21
103616 2820.91 1771.73
103641 2174.17 1801.91
103644 4703.1 1421.89
103650 2053.33 1446.66
103651 3603.76 2135.75
103652 1387.58 1752.81
103658 4092.99 1519.38
103664 1947.92 1617.99
103665 3449.93 2063.07
103670 5077.02 1840.51
103672 2170.76 1610.65
103675 5014.83 1618.86
103681 4951.4 2249.55
103687 4192.39 2174.55
103690 2553.05 1441.51
103693 4821.12 1496.61
103695 4415.3 2039.55
103696 5226.05 2097.66
103699 3153.65 1911.69
103704 4576.79 1965.4
103706 5104.37 1910.03
103707 5104.37 1910.03
103713 2938.05 1618.21
103719 4312.4 2128.08
103724 5347.19 2268.08
103736 5165.24 2030.13
103737 5166.49 2030.22
103741 1554.92 1912.74
103744 5074.93 2107.18
103745 1488.7 1658.11
103747 991.813 1884.15
103748 991.813 1884.15
103749 4479.44 1975.9
103751 4875.82 1754.35
103757 5414.78 1629.09
103761 4654.02 2211.73
103767 5219.96 1847.83
103768 5128.73 1750.79
103774 4661.47 2154.57
103777 5299.63 2241.66
103785 4415.74 1795.14
103787 3705.36 1909.29
103792 4050.17 2115.87
103793 4936.5 2020.97
103806 4531.93 2079.06
103808 3588.05 1106.87
103809 4179.79 1355.27
103815 5405.93 1326.92
103834 4942.72 2233.48
103836 3502.42 2036.49
103837 5108.61 1641.2
103845 5402.44 1655.81
103849 4293.97 2106.75
103851 5099.35 2145.18
103856 4454.12 2129.46
103861 5257.35 2294.42
103865 1484.47 1604.62
103870 3431.16 1754.64
103884 4939.53 2166.75
103886 3697.19 1527.98
103888 4149.71 2155.2
103891 3423.94 1985.42
103892 5311.85 2256.49
103912 4008.8 1473.02
103916 5087.54 1691.58
103917 1460.39 1577.63
103918 4165.92 1656.81
103919 4940.74 2101.26
103921 4995.25 2140.18
103926 4810.32 1797.22
103927 5367.67 1603.59
103937 3994.61 2125.46
103938 5217.34 1458.28
103942 3443.72 1818.01
103943 3443.72 1818.01
103947 4845.15 2026.48
103949 4824.65 2207.35
103951 3243.41 1904.88
103967 3441.06 1587.25
103972 1490.34 1564.98
103980 4531.64 1687.31
103988 3461.8 1435.16
103989 3461.8 1435.16
103997 5389.43 2282.63
104002 5096.15 1779.1
104004 2229.62 1685.18
104007 1388.47 1814.32
104017 4707.65 1781.75
104018 2457.22 1604.68
104021 2217.62 1586.64
104026 4329.24 2105.17
104027 4248.53 1665.91
104035 4047.32 2013.48
104040 3467.32 1407
104042 5230.55 1527.1
104046 4699.48 1639.35
104048 3640.75 1627.05
104051 1669.59 1785.86
104052 3728.65 1239.1
104055 2315.5 1617.64
104056 4762.64 1897.33
104062 4981.63 1533.41
104064 1074.84 1796.53
104072 5235.26 1395.09
104073 3540.18 2475.49
104076 4481.52 2061.19
104086 3452.45 1606.36
104090 3845.53 2149.42
104094 2847.75 1679.09
104098 1361.25 1804.82
104099 5197.58 2052.04
104105 4974.63 1838.95
104109 1613.12 2087.48
104110 1613.12 2087.48
104111 4625.01 1879.57
104112 4625.01 1879.57
104114 3494.17 1341.48
104117 3297.7 2119.51
104128 3436.26 1477.69
104129 4632.23 1696.8
104130 3324.61 1409.29
104131 2808.87 1399.7
104137 4069.71 1540.12
104140 3682.92 2149.5
104143 3752.6 1628.86
104156 5297.72 1292.54
104171 3792.36 2000.64
104177 2207.8 1614.81
104181 3658.32 1349.91
104182 3867.6 1960.08
104183 3867.6 1960.08
104184 4936.87 1688.24
104189 4844.63 1751.21
104195 5301.93 2221.92
104196 5197.16 1816.29
104198 4680.29 2009.91
104199 4846.32 2163.07
104200 4846.32 2163.07
104202 3146.12 1896.06
104204 3216.24 2123.76
104211 2399.45 1809.53
104216 3700.49 2025.09
104217 4966.81 2227.9
104219 5118.39 1995.09
104222 4976.64 1726.1
104223 3127.34 1867.82
104226 5257.55 2268.37
104230 2343.44 1991.95
104234 4437.73 1866.99
104239 3750.8 2006.28
104245 3208.93 2105.06
104247 3137.11 1877.65
104253 4572.08 1817.8
104264 1390.96 1907.02
104266 4794.76 1988.78
104275 5203.98 2107.97
104282 5124.12 2182.01
104283 3139.94 2096.37
104285 4306.01 1952.04
104286 4306.01 1952.04
104289 5122.07 1697.75
104298 4174.82 2077.38
104299 1412.12 1950.95
104302 4784.87 1813.28
104303 3807.59 2126.95
104305 1248.95 1763.28
104308 4802.33 1692
104311 2239.62 2067.1
104315 5228.4 1616.51
104316 4860.76 1845.17
104319 2048.83 1914.05
104324 4675.19 2125.29
104326 5080.48 1843.91
104329 3567.85 2069.61
104330 4389.29 2046.07
104332 4148.45 1799.74
104334 4709.92 2101.89
104336 1847.67 2226.52
104337 5059.91 1767.09
104339 3739.46 1209.89
104340 4107.12 1935.8
104341 4107.12 1935.8
104342 3673.95 2114.95
104346 5187.94 1569.11
104347 5239.14 1939.48
104348 4353.26 2090.58
104352 3797.89 1566.97
104353 3797.89 1566.97
104358 1584.53 2013.82
104359 3743.99 1364.89
104361 4743.56 1529.78
104366 5201.32 2204.23
104368 3299.52 1856.32
104369 4858.38 2052.22
104370 1375.05 1731.9
104374 4651.77 1591.75
104376 5120.75 1517.72
104377 5166.27 1861.2
104379 5437.7 2372
104380 5254.33 2090.59
104386 4702.67 1710.34
104393 4808.02 1753.05
104394 4424.41 2117.56
104403 3327.99 1396.39
104410 5084.79 2200.81
104413 3431.11 2146.08
104414 4357.3 2008.49
104417 3678.72 1949.87
104418 3678.72 1949.87
104420 4650.24 1885.38
104422 3504.93 2176.45
104423 3504.93 2176.45
104430 1726.22 1696.83
104431 3181.64 2015.17
104432 1717.25 1725.89
104433 5367.57 2112.69
104438 4988.15 1544.2
104442 3781.38 2150.96
104443 4019.92 1909.58
104450 5450.4 1918.38
104452 3634.48 1878.55
104458 3731.72 2144.58
104466 4864.61 1994.96
104474 4433.77 2052.9
104478 4625.05 1799.58
104479 3287.87 2128.3
104480 4142 2090.19
104482 5239.79 1339.94
104484 3688.35 1712.52
104487 5230.39 1719.19
104490 3577.13 1764.51
104497 3644.86 1747.88
104503 4644.15 1650.05
104507 3537.38 1587.86
104509 5248.04 2250.86
104511 2990.27 1684.82
104512 1838.87 2246.28
104519 4274.81 2090.57
104522 3893.58 1674.85
104531 1473.31 1611.1
104537 4980.57 1614.51
104538 4980.57 1614.51
104541 1375.94 1770.57
104542 1516.11 1609.14
104543 4785.47 1478.46
104544 3358.49 2187.4
104554 4243.03 1762.29
104559 5471.18 1981.18
104560 3397.45 2235.8
104565 5025.89 1713.64
104568 3362.36 2264.61
104572 3889.17 1837.07
104574 1766.69 1896.9
104578 3665.65 1362.18
104579 3922.26 1569.06
104580 2392.61 1420.86
104581 3503.22 2075.42
104583 4792.17 1438.32
104584 2894.28 1765.97
104585 4446.22 1971.58
104589 4894.04 1483.19
104590 3220.75 2092.19
104591 4408.3 1627.47
104592 3137.56 1835.01
104594 3894.55 1539.44
104597 4129.8 1638.35
104598 4129.8 1638.35
104599 2326.33 1591.45
104600 3581.09 1951.93
104602 4390.97 2087.89
104604 2119.26 1898.61
104606 3648.78 2155.61
104608 1048.7 1884.21
104609 4851.89 1875.48
104610 3595.2 1868.76
104611 2523.22 1783.94
104613 5195.73 1368.16
104614 4491.78 2116.64
104619 4410.85 1833.95
104621 3666.31 2217.3
104623 3612.15 2159.17
104624 3667.61 1740.96
104628 3989.58 2004.82
104629 3068.97 1646.85
104630 2999.96 1716.8
104635 4119.78 1766.52
104637 4115.14 1976.31
104643 4423.32 1393.54
104651 3977.29 1475.71
104656 3763.93 1685.9
104666 5278.68 2560.24
104668 3697.63 1833.2
104673 5179.03 1540.26
104675 1418.5 1827.29
104677 4883.24 1285.36
104680 2274.8 1715.42
104686 3220.29 1911.46
104688 3639.76 2133.83
104690 3624.69 2343.37
104691 1598.65 1894.79
104695 3439.98 1785.83
104697 1484.76 1632.64
104698 4909.24 1816.57
104702 1714 1727.73
104705 1420.58 1921.13
104710 1794.24 2189.05
104712 5315 2283.05
104713 3297.95 1492.02
104714 3540.8 1957.58
104718 3879.41 2065.66
104724 4009.07 1614.02
104729 5398.61 2452.01
104730 5059.3 1738.24
104731 1358.61 1777.89
104732 5374.45 1780.16
104733 5014.83 1618.86
104740 3447.37 1736.68
104744 3227.54 1700.74
104746 3700.35 1386.05
104747 3831.17 1922.3
104750 4689.77 1736.84
104751 4724.33 1993.6
104753 4117.69 1415.83
104754 3048.65 2006.98
104755 2526.21 1749.55
104756 2526.21 1749.55
104758 4157.05 1276.46
104765 3047.56 1645.86
104769 5134.5 2205.92
104770 1503.27 1986.7
104771 1503.27 1986.7
104776 4504.05 2307.85
104778 2580.05 1659.8
104779 4727.74 2024.78
104781 1894.6 1858.42
104785 3916.35 2062.49
104787 4407.04 1956.58
104790 3857.4 1407.21
104792 5384.49 1581.82
104793 5384.49 1581.82
104795 3786.81 1408.56
104798 3432.59 1736.44
104800 3515.99 1294.06
104803 5050.15 1821.18
104804 3442.76 1512.46
104805 4591.85 1710.43
104806 5221.83 2264.02
104807 1202.58 1821.68
104813 2427.2 1931.39
104815 2525.57 1378.99
104817 5302.44 2205.92
104818 5135.44 1617.36
104821 3757.31 1326.75
104822 4350.9 2363.32
104823 1585.52 2071.95
104824 3956.06 2084.33
104830 3211.27 1434.59
104832 5018.92 2190.28
104833 2336.65 1813.31
104834 2336.65 1813.31
104837 1884.82 1578.27
104840 2302.1 1576.59
104841 3436.48 1271.2
104844 3623.77 1386.67
104846 2693.08 1790.67
104847 2110.7 1654.5
104850 3405.17 1431.93
104854 3226.49 1412.85
104860 3871.21 2163.98
104861 2414.69 1799.02
104862 5067.09 1262.39
104866 4203.99 1357.74
104868 4784.55 1398.95
104874 5223.53 2385.44
104876 5351.78 1830.97
104877 1861.31 1672.97
104878 4914.05 1887.58
104880 2884.66 1411.18
104882 2976.81 1698.2
104885 4007.94 1357.12
104886 2229.62 1685.18
104888 4508.7 2266.35
104889 1575.3 1824.17
104890 3304.74 1789.29
104891 2787.83 1637.73
104892 2716.45 1753.14
104898 4110.36 1513.38
104899 3642.38 1373.02
104901 5348.09 2342.09
104903 1734.34 1404.09
104907 5405.93 1326.92
104909 3665.58 1597.12
104910 4975.33 1740.98
104914 4752.35 1959.95
104918 5088.91 1644.59
104919 4308.89 1627.98
104924 2781.09 1724.08
104926 1784.15 2174.26
104928 3454.94 2036.91
104930 5041.52 2205.78
104931 4851.18 2128.01
104939 4696.66 1558.54
104941 4459.79 1607.62
104942 3683.02 1214.15
104944 3398.93 1645.18
104945 3892.46 2124.53
104946 3422.64 1797.66
104951 3419.47 1938.41
104954 3872.8 1586.23
104957 3584.27 2028.13
104960 4751.77 2073.58
104963 2569.06 1682.73
104964 4214.97 1516.25
104965 4762.31 1916.66
104969 2903.91 1800.84
104970 3465.36 1847.06
104971 3438.43 1667.67
104976 5204.22 1696.35
104984 5259.94 1637.15
104985 3532.98 1919.43
104988 4714.61 1343.98
104991 1106.56 1827.23
104994 3415.86 2091.64
104997 5068.84 2352.95
104999 5082.51 1409.68
105000 3700.43 1211.7
105001 5415.95 2208.71
105002 4562.9 1380.58
105003 4511.36 1770.47
105004 3353.66 1563.13
105006 5426.72 2182.23
105009 4329.25 1560.58
105017 3151.03 2278
105025 3487.45 1385.84
105028 1714.76 1778.32
105031 5006.37 1916.13
105033 1540.13 1803.99
105035 4694.04 2048.91
105037 3792.28 2121.66
105039 3464.6 1580.53
105042 4531.64 1687.31
105044 4217.11 2155.16
105048 1562.8 1754.84
105058 3385.37 1542.78
105062 3725.28 1732.67
105063 4407.07 1382.48
105065 4062.83 2287.32
105066 2757.3 1785.95
105067 5205.05 1650.77
105068 3316.55 1642.59
105070 4745.85 1990.09
105071 4668.04 1967.57
105075 4513.3 2072.47
105078 4697.45 1325.39
105079 4697.45 1325.39
105080 4078.32 2331.21
105085 3516.79 1926.51
105086 3615.89 2165.07
105088 5092.41 2262.81
105092 4021.58 1565.16
105093 4021.88 1565.1
105095 3493.08 2166.31
105096 4827.35 1647.77
105097 3816.09 2263.85
105099 3200.75 1939.46
105100 1765.69 2144.51
105101 4476.12 2093.47
105102 4397.58 2151.65
105103 4397.58 2151.65
105104 3569.39 1879.31
105105 4938.41 1562.64
105108 2101.48 1803.16
105110 4572.08 1817.8
105117 5222.73 2344.51
105118 3659.24 1472.33
105119 4585.52 1782.1
105120 4585.52 1782.1
105121 4996.7 1549.73
105126 4246.66 2015.97
105129 4003.88 2329.88
105135 4133.24 1496.4
105136 5420.59 2133.58
105139 4891.56 1675.95
105140 4891.56 1675.95
105143 3546.61 1333.1
105146 4224.13 1623.49
105147 4224.13 1623.49
105153 4988.9 2243.35
105154 4665.69 2177.77
105158 3595.36 2015.66
105159 5150.52 1904.36
105160 5150.52 1904.36
105162 5108.73 1572.82
105167 1559.63 1983.4
105169 3811.09 1778.98
105172 3591.08 2286.52
105173 2016.97 1595.03
105174 3427.99 2194.46
105175 4047.63 2144.1
105177 3609.49 2083.67
105183 3437.35 1980.87
105184 3437.35 1980.87
105189 3323.55 1540.85
105191 4106.01 1915.24
105193 3045.1 1750.52
105195 3499.95 1482.65
105197 3582.01 1344.24
105198 5120.47 1970.38
105203 2361.03 1986.2
105205 4019.92 1909.58
105207 2855.23 1619.9
105211 4404.51 2188.71
105216 4574.81 1728.18
105217 5370.03 2361.26
105218 2745.08 1794.73
105219 3912.08 1571.94
105226 2277.29 1459.62
105227 3484.06 1176.58
105230 2424.14 1470.51
105233 4656.35 2116.44
105234 3445.37 1766.96
105235 3318.9 1664.56
105237 3639.99 2021.36
105239 3130.31 1968.41
105243 4157.45 1865.11
105244 5149.59 1682.23
105246 3671.27 1354.16
105248 3854.35 1883.57
105249 2345.39 1975.57
105250 4520.68 2125.19
105251 4520.68 2125.19
105252 4520.68 2125.19
105256 4775.75 1528.28
105259 1347.31 1895.51
105261 3355.01 1793.27
105262 3317.92 1493.74
105263 3474.34 1823.74
105269 4542.81 2301.55
105270 5038.86 2066.04
105271 5038.86 2066.04
105272 4851.49 1794.35
105273 3510.42 2349.11
105275 3437.13 2000.19
105279 1398.62 1825.63
105280 4016.61 1529.75
105282 4617.53 2149.33
105283 4617.53 2149.33
105285 3153.13 1699.22
105290 3417.5 2276.16
105296 1480.01 1882.44
105297 4305.86 1654.3
105303 3333.32 2229.17
105309 4357.09 2255.92
105314 3786.69 2130.78
105321 3259.25 1841.16
105324 3527.81 2308.9
105325 4143.89 2143.73
105326 4070.19 1978.93
105328 3442.39 1845.41
105329 2685.56 1607.73
105330 2583.62 1901.5
105332 3731.66 1994.17
105333 4042.88 1603.67
105335 3953.17 1606.67
105336 2466.37 1952.82
105337 1497.25 1926.33
105340 3381.38 2033.96
105344 1743.95 1908.77
105345 4908.9 1920.91
105350 3444.17 2046.7
105353 1280.27 1613.12
105355 3152.35 2040.99
105359 1856.72 1963.25
105361 4861.75 1577.72
105364 3623.93 1987.14
105365 3486.95 2188.63
105367 4953.6 2163.41
105368 4953.6 2163.41
105369 3638.89 1530.73
105372 1402.29 1916.77
105377 1286.59 1808.65
105378 4123.41 1713.47
105385 5233.73 1845.59
105388 4014.16 2030.32
105389 4014.16 2030.32
105393 1553.68 2085.44
105395 5142.36 1690.69
105396 4100.07 1953.69
105397 3603.37 2052.77
105398 4355.37 1944.71
105399 3245.03 2035.78
105402 2207.57 1967.7
105407 4306.14 2063.85
105408 4306.14 2063.85
105410 3551.27 1345.7
105411 4180.37 1556.2
105412 4111.96 1954.91
105417 3935.08 1928.57
105418 5055.92 1555.91
105420 3592.37 1352.99
105421 3592.37 1352.99
105422 3540.44 1734.28
105430 5037.24 2498.62
105431 3788.86 2168.84
105434 3951.76 2329.89
105437 5188.52 1865.1
105442 3336.54 1908.45
105443 4498.46 1623.23
105444 1030.82 1859.66
105447 3723.49 1602.02
105453 3309.27 1669.4
105454 1602.26 1930.99
105457 4259.76 2173.35
105460 5205.41 1948.94
105463 1049.78 1807.7
105464 4433.77 2052.9
105466 3546.14 2375.21
105468 5411.56 1740.11
105469 2414.38 1677.91
105471 5279.85 2186.6
105472 3914.88 1696.39
105473 2044.48 2057.18
105474 2044.48 2057.18
105476 2088.99 1561.88
105477 4952.22 1351.86
105478 2941.8 1947.2
105482 3476.08 1192.88
105483 3730.73 1257.99
105486 3999.12 1644.06
105489 3697.93 1334.26
105491 3184.29 2034.41
105501 3733.37 1454.13
105506 2108.02 1481.37
105507 1739.26 1867.01
105510 5342.98 2214.18
105511 3556.61 1369.79
105512 3971.56 2128.38
105513 4028 2129.97
105514 4028 2129.97
105519 3672.45 1892.59
105520 3672.45 1892.59
105523 5117.43 1438.51
105524 4349.13 1550.09
105530 4795.22 2091.76
105531 2985.41 2077.42
105535 4287.96 2321.64
105536 5425.51 2328.21
105537 3703.75 2378.23
105538 2062.41 1653.64
105540 4953.39 1976.99
105542 4983.27 1689.92
105543 1124.17 1815.99
105544 2996.25 1599.29
105545 3190.62 1505.88
105546 1947.23 2053.07
105547 1901.54 1939.68
105548 3715.4 1484.99
105549 3206.62 1661.67
105550 2309.12 1948.91
105554 5111.63 1721.08
105557 5456.98 1253.65
105558 5076.34 2410.37
105562 1421.24 1959.6
105563 4045.68 1566.43
105565 4128.5 1668.02
105566 4905.68 1309.45
105567 1629.67 2067.07
105568 4527.83 2326.13
105573 4982.2 1726.82
105574 3451.72 1628.51
105578 4132.61 1720
105579 5374.45 1780.16
105580 5445.46 1386.32
105582 4856.63 1686.85
105585 3882.84 2180.66
105586 3961.22 2104.42
105588 4218.4 2053.43
105589 2035.96 1659.42
105590 994.968 1743.34
105591 1903.6 1624.27
105593 3798.24 2312.78
105594 3944.62 2290.34
105595 1579.76 1566.64
105596 3502.79 2472.49
105597 3516.06 1929.49
105599 3250.16 1472.8
105600 4029.87 2040.76
105601 4945.37 1316.97
105602 5118.04 1774.09
105603 4895.23 2479.27
105605 4393.2 2419.4
105606 3016.53 1587.93
105607 3495.39 1777.86
105610 3478.14 1998.71
105612 1762.16 1608.97
105615 2481.98 1957
105616 4429.66 1280.22
105617 5103.4 2054.92
105618 2285.65 1803.86
105622 1064.66 1805.61
105623 5144.67 2290.71
105627 1177.48 1722.75
105628 4994.54 2020.01
105629 3439.56 1273.18
105632 4713.5 2062.8
105634 4536.85 2429.04
105636 1399.83 1975.93
105637 4711.25 1455.39
105638 1608.47 1810.25
105639 4729.62 2257.54
105640 2193.19 1790.33
105642 5146.85 2253.02
105644 3934.15 1282.99
105645 4115.44 2390.79
105646 5134.5 2205.92
105647 5318.15 2182.49
105648 5384.49 1581.82
105649 3249.05 1591.67
105651 2239.62 1803.02
105655 2507.48 1515.5
105656 4707.92 1438.56
105659 3002.12 2071.28
105661 3687.04 2197.34
105662 4942.01 1370.23
105664 2802.94 1575.03
105665 3110.82 1641.07
105668 4081.74 2250.5
105670 4818.44 1451.17
105671 4487.45 2349.44
105673 4889.18 2156.9
105678 4064.97 2417.61
105679 1320.76 1756.71
105680 4797.88 2491.92
105681 3033.31 1716.3
105684 4773.08 1805.8
105685 5295.78 2560.4
105686 4542.74 1442.71
105689 5012.25 1298.12
105690 3652.52 1382.25
105691 3376.54 2134.15
105695 4424.42 2372.01
105697 3739.63 1381.37
105698 3946.6 2369.9
105699 1070.45 1747.68
105700 5382.79 2356.25
105702 3928.94 1789.29
105703 1608.78 2120.98
105705 4149.29 2266.55
105706 1884.74 1578.25
105707 4305.2 1983.98
105708 4089.88 2269.17
105710 1861.98 1859.91
105711 1861.98 1859.91
105712 5224.29 2493.78
105713 3416.34 2235.71
105714 4069.91 2365.87
105716 5237.02 1478.3
105717 1455.17 1642.38
105718 4419.28 1601.91
105720 2499.02 1836.86
105721 5254.71 2312.38
105722 4690.65 1980.21
105723 4690.65 1980.21
105724 4977.79 2097.84
105725 4977.79 2097.84
105726 1678.51 1626.78
105729 5261.27 1637.05
105730 5007.81 2240.72
105732 4659.73 2454.11
105733 2065.05 1867.02
105734 1772.05 1451.28
105735 3973.64 1807.21
105736 3606.67 1272.3
105738 5445.82 2480.84
105740 5378.92 1443.24
105742 3952.04 2330
105743 3237.75 1975.78
105744 3224.2 1456.59
105745 4210.68 2289.55
105747 3332.19 2021.64
105751 3560.98 2336.78
105752 4363.29 1560
105753 5073 1374.89
105755 3952.21 1550.05
105756 3952.47 1549.99
105757 3868.58 1273.41
105758 3435.38 1216.45
105759 3524.28 2312.86
105760 3849.85 1641.49
105762 3060.79 1906.63
105764 1785.17 2122.14
105765 2522.56 1459.6
105766 5257.03 2562.18
105767 3929.28 2455.1
105768 4944.26 2295.09
105770 4038.52 1319.53
105774 3951.6 1532.42
105780 5104.48 1352.33
105782 3485.96 1865.17
105784 4858.38 2052.22
105786 3842.6 2208.78
105787 4636.07 2388.4
105788 4014.79 1826.25
105790 4373.09 2280.19
105792 5228.05 2178.52
105793 3748.43 2279.27
105794 3557.62 1702.98
105795 5073.45 2000.25
105797 3277.01 1431.99
105799 4336.64 2299.82
105800 1339.79 1702.04
105802 3513.78 2555.33
105803 3623.77 2295.58
105805 2472.95 1960.93
105806 4562.94 2228.88
105807 2044.2 2189.85
105808 1212.7 1729.85
105809 5074.09 2086.49
105810 4441.79 1757.66
105812 5358.72 1926.01
105813 4271.35 1904.33
105814 1659.14 1498.37
105815 4690.12 1957.81
105816 4690.12 1957.81
105817 2622.97 1592.9
105818 4217.11 2155.16
105819 3538.1 1621.53
105821 3810.25 1834.17
105822 3755.02 2120.74
105823 5076.93 1266.89
105826 2425.16 1812.05
105827 5358.04 2374.88
105829 2998.15 2140.87
105830 1652.69 2048.99
105831 4927.4 2103.1
105832 5395.78 1786.89
105834 5443.49 1336.01
105836 5156.73 1769.13
105839 1347.7 1764.45
105840 3333.32 2229.17
105841 4338.39 1945.33
105843 2782.16 2080.46
105844 4410.36 2487.02
105845 3449.91 2158.46
105846 4174.82 2077.38
105847 3137.11 1877.65
105848 2784.91 1656.75
105849 3919.88 2284.56
105851 5381.19 2057.25
105853 3201.6 1414.88
105854 3593.56 2260.17
105855 4827.32 2473.98
105856 3509.7 2154.42
105857 3509.7 2154.42
105860 4708.84 2113.93
105861 3822.76 2015.4
105862 4017.33 2462.46
105863 5368.7 1818.9
105864 5368.7 1818.9
105867 1819.98 1404.47
105868 5452.13 2712.4
105869 4822.69 2496.06
105870 4256.9 1995.63
105871 1423.2 1623.83
105872 1423.2 1623.83
105873 1899.66 1847.95
105874 5092.37 2493.43
105878 3990.11 2320.61
105879 5392.17 2556.53
105881 4767.29 2051.24
105882 5222.48 2364.71
105883 5443.3 2829.38
105885 3084.63 1793.33
105886 5163.88 2323.24
105888 4512.03 2348.28
105890 1378.43 1680.86
105891 1378.16 1680.82
105892 3922.05 2044.7
105893 4394.95 1828.17
105894 3809.45 2313.03
105896 3985.49 2037.7
105897 3996.18 1384.33
105899 3986.61 2238.97
105900 3598.07 2472.25
105902 5206.65 1594.31
105904 1473.54 1799.37
105906 5201.32 2204.23
105907 3245.56 1506.7
105909 3039.49 1961.85
105910 3039.5 1961.85
105911 1445.62 1965.82
105912 4848.61 2179.01
105913 4848.61 2179.01
105914 5020.26 1836.29
105915 3327.9 2187.78
105916 4844.54 1384.06
105917 4132.22 2282.06
105918 5368.45 2468.13
105920 3716.91 2017.66
105921 2174.45 2222.16
105922 2315.4 1780.26
105923 4428.65 2397.89
105924 4428.65 2397.89
105926 1715.76 1672.5
105927 2039.47 1954.97
105930 2992.96 1518.24
105932 2575.52 1389.97
105935 4389.31 2312.16
105940 5265.55 2350.27
105941 4681.88 2311.2
105944 3754.33 2137.75
105946 2693.73 1723.8
105947 1496.74 2026.67
105948 4450.89 2326.83
105950 3816.66 2402.35
105952 3324.24 2217.95
105953 3376.65 2153.77
105954 3621.07 1633.12
105955 3648.25 1695.27
105957 4342.81 2159.15
105958 1289.46 1844.54
105960 1771.1 1927.9
105961 1771.1 1927.9
105962 3816.77 1895.33
105963 3816.77 1895.33
105965 5072.12 1978.3
105966 5055.7 1826.27
105967 4566.59 1854.71
105968 5368.22 2203.13
105969 3540.8 2183.64
105970 3483.18 1969.76
105971 3476.39 1902.45
105972 3709.52 2260.59
105975 1797.3 1934.82
105976 4402.62 2379.18
105977 1776.8 1593.92
105979 5255.2 1551.44
105980 3655.25 1511.89
105982 4970.69 1511.54
105983 4819.59 2320.85
105984 3756.93 1191.91
105985 2389.27 1785.12
105986 4508.82 2421.19
105987 3010.95 1956.83
105988 3788.59 2141.62
105989 2963.5 1711.37
105992 1894.6 1858.42
105997 3923.61 2324.77
105998 5354.74 1519.08
106000 1174.44 1737.51
106001 1927.46 2259.48
106002 3688.57 1730.92
106003 3688.57 1730.92
106004 5332.18 1783.66
106006 3793.67 1555.29
106008 3486.87 2188.59
106011 3451.14 1647.59
106012 3451.14 1647.59
106013 4563.87 2050.51
106014 4323.76 2230.31
106015 2469.54 2126.73
106016 5227.75 2620.94
106017 4560 1611.8
106018 4831.73 1552.72
106022 3263.14 2007.96
106023 3975.03 1767.4
106024 4186.97 2311.47
106025 2766.73 2110.93
106026 3964.52 2027.47
106027 3964.52 2027.47
106028 5118.74 2273.18
106029 2959.94 1596.41
106030 1800.87 2177.69
106031 5197.58 2052.04
106034 1793.27 2236.5
106035 4777.78 2116.64
106036 4777.78 2116.64
106038 5160 1869.47
106039 3675.42 2462.29
106040 4618.85 2245.25
106042 4027.04 1713.46
106047 3384.37 2422.33
106048 4021.87 2176.33
106050 3857.04 1601.85
106051 5029.83 2420.33
106052 3628.34 2160.1
106054 5135.33 2490.08
106055 3327.44 2241.54
106060 4513.82 1403.76
106061 3487.54 1385.79
106062 1499.25 1958.42
106063 4934.82 2220.28
106065 5391.52 2590.26
106066 5268.14 2324.67
106067 3880.57 1971.07
106068 3425.83 1952.26
106069 4920.42 2314.26
106070 2925.64 1679.67
106071 3118.08 1845.86
106072 3500.72 2187.18
106073 3088.32 1474.92
106075 2626.74 1807.69
106077 3245.03 2035.78
106078 2586.12 1927.64
106079 4455.91 2090.73
106080 1778.56 2253.66
106081 1778.56 2253.66
106083 3526.8 1194.76
106084 2000.42 1613.31
106085 3256.7 2143.92
106086 2871.28 1628.17
106087 5186.68 2481.69
106088 5054.79 1915.02
106089 5055.93 1915.06
106091 3063.12 1551.96
106092 1446.68 1880.51
106096 4139.99 2079.73
106097 4139.99 2079.73
106098 4937.74 2279.44
106099 5193.3 2115.8
106100 4606.87 1838.79
106102 3135.92 1910.96
106103 1715.99 2267.7
106105 2019.76 2225.84
106106 4173.46 1917.29
106107 4173.46 1917.29
106108 5169.28 2038.46
106111 5425.66 2499.83
106112 3743.87 1985.34
106113 1834.32 1447.9
106116 3428.65 2582.78
106117 5160.04 2404.9
106118 3381.67 1623.33
106119 2509.65 1792.86
106120 4002.74 2234.37
106123 3795.94 2263.9
106124 1884.44 1461.24
106125 3406.01 2507.73
106126 4324.85 1759.47
106127 4477.47 1419.29
106128 3446.86 2145.04
106129 3446.86 2145.04
106131 3910.76 2349.56
106135 3529.79 2508.6
106136 3529.79 2508.6
106137 1971.05 2030.06
106138 4413.79 1933.18
106140 5108.84 2458.78
106141 1417.88 1926.49
106142 4365.62 2294.68
106143 3503.91 1980.71
106145 3783.9 1702.61
106147 1261.71 1703.72
106149 2563.86 1780.68
106150 4454.9 2221.83
106151 3697.85 2183.21
106152 3006.91 1576.75
106153 4783.6 2046.23
106156 3711.79 1228.57
106157 4352.98 2065.39
106158 1455.14 2120.62
106159 5189.65 2535.69
106160 3101.15 1622.91
106161 1358.34 1905.91
106162 4716.13 2218.06
106163 4716.13 2218.06
106164 3830.87 1967.14
106165 4768.59 1853.29
106166 5193.5 2305.5
106167 4262.02 2042.29
106168 4683.53 1417.8
106169 3500.47 1133.98
106170 3861.62 1441.41
106171 2994.01 1937.05
106172 3227.53 1656.34
106173 2903.44 1376.57
106174 4045.91 1443.75
106175 3305.26 2287.89
106176 3451.48 2593.24
106177 4580.04 2251.67
106178 3999.12 1644.06
106179 4864.69 2330.67
106180 3712.95 1402.38
106181 1895.92 1780.35
106182 4287.96 2321.64
106183 2481.05 1579.92
106184 4532.12 1449.15
106185 4004.94 1583.23
106186 3550.26 1713.9
106187 5041.81 2280.3
106188 3889.38 1837.07
106189 3889.38 1837.07
106190 4394.98 2090.7
106191 4394.98 2090.7
106192 2525.92 1575.81
106193 1280.01 1735.25
106194 1828.19 1615.08
106195 3182.27 2154.46
106196 4215.44 1766
106197 4215.44 1766
106198 2200.49 2059.53
106199 3665.5 1362.25
106200 1994.88 1426.19
106201 1308.49 1525.39
106202 3204.42 2202.09
106203 3581.09 1951.93
106204 3690.8 1829.24
106205 4643.98 1440.44
106206 2965.61 1553.79
106207 5332.02 2073.4
106208 4572.87 2051.56
106209 1657.28 1456.64
106210 3949.3 1459.93
106211 1188.33 1743.15
106212 3852.92 1430.83
106213 1731.39 2239.68
106214 1731.26 2239.74
106215 2269.47 1822.27
106216 4347.47 1921.1
106217 4145.39 2343.82
106218 1501.67 1799.92
106219 3687.76 2171.98
106220 4854.93 2266.35
106221 1321.97 1831.89
106222 2148.91 1895.74
106223 3518.2 1465.91
106224 1660.1 1617.79
106225 4687.49 2308.51
106226 4548.86 2459.48
106227 4716.41 1348.63
106228 4293.07 1374.26
106229 1515.17 2016.05
106230 3263.48 1371.69
106231 4124.23 1580.44
106232 1411.7 1999.47
106233 2862.54 2015.35
106234 3231.82 1903.92
106235 3500.28 1317.51
106236 3461.66 1438.1
106237 5077.53 2410.65
106238 3893.66 1410.7
106239 1534.89 1994.28
106240 1875.74 1656.59
106241 4306.04 1490.61
106242 3453.79 2341.38
106243 4286.47 2167.83
106244 2728.29 2071.24
106245 3531.23 2350.27
106246 3531.34 2350.33
106247 3655.05 2441.9
106248 3126.61 1783.54
106249 3979.11 1591.88
106250 3979.11 1591.88
106251 3611.42 1486.39
106252 5025.66 1768.84
106253 2141.67 2065.49
106254 4294.79 1449.26
106255 3509.4 2546.77
106256 4179.14 2264.64
106257 5360.9 1380.62
106258 2952.67 1780.99
106259 2063.81 2251.44
106260 2107.85 2086.7
106261 4896.26 2479.57
106262 3456.21 1471.26
106263 3728.52 2336.78
106264 4960.89 1954.43
106265 4249.24 1483.38
106266 5120.26 1327.4
106267 4824.41 1488.16
106268 3567.88 2486.39
106269 4845.45 2489.25
106270 4652.44 2130.9
106271 4652.44 2130.9
106272 4979.05 1482.8
106273 1777.22 2221.52
106274 2451.72 1906.29
106275 4990.45 1500.74
106276 1713.39 1863.67
106277 2080.77 2234.99
106278 5100.14 2356.39
106279 1394.9 1726.08
106280 1772.3 1623.75
106281 3480.8 2438.55
106282 3518.72 1273.14
106283 5071.9 2205.56
106284 4461.35 1810.94
106285 3652.86 1497.28
106286 3546.35 2210.72
106287 2446.6 1941.19
106288 4964.91 2451.15
106289 4334.86 1544.16
106290 3554.27 1202.8
106291 5300.15 1509.42
106292 2368.75 2207.26
106293 4012.44 2220.53
106294 5150.42 1543.4
106295 1771.25 1997.18
106296 3694.76 2494.06
106297 1011.42 1798.52
106298 2840.56 2012.38
106299 1391.58 1887.08
106300 4579.68 1929.73
106301 4530.63 2353.33
106302 4530.63 2353.33
106303 3974.21 2332.67
106304 4083.04 1390.28
106305 4243.01 2174.12
106306 2235.79 1774.59
106307 3668.69 2187.45
106308 3048.21 2019.33
106309 4983.12 1563.69
106310 2178.82 1705.15
106311 3537.87 1451.76
106312 2931.06 2121.1
106313 1147.22 1777.33
106314 1816.75 1971.65
106315 1816.75 1971.65
106316 3489.64 2568.47
106317 5312.16 2350.32
106318 3463.04 2171.49
106319 4959.23 2394.33
106320 2785.79 1812.51
106321 4241.33 1499.98
106322 2977.2 1531.67
106323 3007.3 1519.21
106324 3007.3 1519.21
106325 2397.4 2214.7
106326 4530.89 1880.55
106327 3758.41 1840.43
106328 5086.46 2408.04
106329 2826.64 2025.66
106330 4285.38 1713.43
106331 2647.45 1742.47
106332 3583.12 2468.68
106333 4508.64 2095.7
106334 4142.3 1415.26
106335 1717.51 1447.27
106336 4527.65 2149.32
106337 2350.06 1902.53
106338 4077.98 2155.07
106339 3855.03 2379.42
106341 4602.16 2319.32
106342 3543.04 2551.83
106343 4979.2 2341.83
106344 4909.52 2187.35
106345 3258.81 1809.56
106346 4803.19 1333.19
106347 5414.23 1628.82
106348 3209.8 1790.49
106349 2692.5 1379.88
106350 2077.55 1616.82
106351 4311.97 2280.78
106352 1870.05 1952.34
106353 4631.82 1512.09
106354 3657.11 2194.9
106355 3183.53 1546.16
106356 5299.34 2267.31
106357 4581.8 2403.66
106358 1377.16 1698.2
106359 4826.35 2473.69
106360 4674.19 1528.9
106361 1581.65 2098.23
106362 5447.02 2417.88
106363 5448.52 2418.19
106364 5319.39 1473.49
106365 3452.7 2333.26
106366 3452.7 2333.26
106367 4516.92 2474.93
106368 3439.94 1918.22
106369 1353.02 1980.28
106370 1484.6 2045.6
106371 1745.8 1678.68
106372 3755.5 1939.38
106373 2987.39 1786.89
106374 5240.07 1639.72
106375 2813.05 1653.68
106376 5203.56 2575.63
106377 5203.56 2575.63
106378 5372.23 2185.98
106379 5198.9 2389.44
106380 3738.67 1336.16
106381 4462.63 1747.36
106382 4286.77 1880.96
106383 4127.49 2456.97
106384 5205.25 2140.45
106385 2990.63 1963.69
106386 5295.67 2591.54
106388 3689.94 2316.61
106389 2743.68 1921.71
106390 3697.01 2301.97
106391 4406.09 2405.46
106392 3250.16 1472.8
106393 5384.88 1240.64
106394 4084.2 1898.75
106395 3094.64 1804.19
106396 4354.27 1507.67
106397 3261.14 2112.88
106398 3456.29 1531.12
106399 1333.72 1931.57
106400 4310.51 2163.67
106401 2269.99 1426.41
106402 2269.99 1426.41
106403 2643.77 1614.55
106404 3494.27 1341.43
106405 5270.33 1364.45
106406 4884.52 2360.75
106407 3178.37 1318.09
106408 4234.51 2238.37
106409 3578.08 1286.18
106410 5157.09 1525.95
106411 2294.74 1447.57
106412 1411.15 1555.61
106413 3409.07 2424.37
106414 5157.2 2440.32
106415 3487.77 1566.89
106416 2071.35 1646.65
106417 4710.26 2439.51
106418 4150.1 2155.28
106419 1879.69 1917.04
106420 4885.97 2417.1
106421 5031.73 2471.22
106422 5143.87 2090.15
106423 3776.51 1802.59
106424 4923.14 2128.67
106425 3553.96 2504.62
106426 3553.96 2504.62
106427 1920.34 2207.64
106428 4984.23 2373.38
106429 1967.21 2262.87
106430 3398.61 2554.85
106431 2347.2 1645.14
106432 4804.67 2322.58
106433 2159.64 1682.15
106434 5120.93 2459.06
106435 4138.91 1715.05
106436 5128.96 2390.07
106437 3508.11 1718.45
106438 3508.03 1718.46
106439 3430.56 2294.77
106440 1447.24 2131.71
106441 1447.24 2131.71
106442 3911.88 1604.74
106443 5162.5 2084.81
106444 3451.09 2212.77
106445 1727.34 2278.69
106446 1545.06 2169.12
106447 1375.81 1590.25
106448 1375.81 1590.25
106449 1435.65 2081.89
106450 3878.91 1674.87
106451 3544.94 1149.29
106452 2506.04 1966.31
106453 3560.86 1150.95
106454 4380.89 2325.34
106455 3085.04 1883.13
106456 3983.67 2349.48
106457 4806.76 1287.85
106458 4898.06 1626.07
106459 1383.98 1760.98
106460 1383.98 1760.98
106461 4804.5 2289.53
106462 3453.02 1264.5
106463 4165.29 1904.78
106464 4165.67 1904.8
106465 5423.64 1482.64
106466 4900.22 1858.58
106467 4886.47 2261.92
106468 5022.75 1941.05
106469 3479.51 1398.67
106470 3536.81 2318.59
106471 3122.55 1757.02
106472 3460.13 2370.17
106473 3518.39 2294.12
106474 5417.42 2208.91
106475 5122.16 2233.07
106476 4900.17 1902.29
106477 5386.43 2315.21
106478 4102.93 2310.64
106479 4189.37 2386.01
106480 3310.3 2331.61
106481 3730.23 2392.95
106482 3730.23 2392.95
106483 3459.16 2352.93
106484 4124.74 2074.41
106485 3381.77 2118.95
106486 4278.42 1847.22
106487 3739.92 2060.27
106488 5197.67 1443.03
106489 4030.03 2245.98
106490 5102.68 1340.35
106491 5178.29 2532.68
106492 3045.1 1750.52
106493 4087.71 2386.85
106494 3343.67 2027.02
106495 4961.03 1306.45
106496 1810.83 2203.75
106497 3546.39 2194.5
106498 3546.29 2194.46
106499 3546.94 1457.54
106500 5016.09 2288.19
106501 4590.58 1683.39
106502 3638.3 2538.04
106503 5158.94 2468.36
106504 4242.72 1882.9
106505 4242.72 1882.9
106506 5381.16 2478.49
106507 2543.94 1389.31
106508 3501.96 2520.55
106509 2716.57 1695.9
106510 4157.83 1865.12
106511 4159.51 1505.08
106512 4612.89 2063.41
106513 5381.85 2296.41
106514 5210.22 1529.06
106515 5332.96 2477.17
106516 2032.66 1966.83
106517 4599.68 2427.59
106518 3221.19 1524.97
106519 3221.19 1524.97
106520 5440.67 1870.58
106521 4466.54 1984.6
106522 3920.14 2284.66
106523 3920.14 2284.66
106524 4753.5 2253.73
106525 3886.76 1687.63
106526 3446.64 2303.31
106527 3474.18 2407.79
106528 2236.26 1407.24
106529 3081.78 1924.82
106530 3581.08 1530.45
106531 3539.51 2262.5
106532 4822.49 2293.2
106533 970.997 1844.16
106534 5360.13 1926.06
106535 3040.05 1783.68
106536 3826.32 2179.9
106537 2812.1 2041.11
106538 4260.09 2021.48
106539 5174.08 1942.1
106540 1739.78 1993.14
106541 3327.44 2241.54
106542 4094.52 2363.25
106543 4371.7 2395.72
106544 3673.78 1657.37
106545 4488.85 2465.84
106546 2058.78 2105.52
106547 5266.23 2585.73
106548 4113.23 2359.52
106549 4709.92 2101.89
106550 5171.98 2135.01
106551 3585.2 1496.09
106552 1900.04 1991.71
106553 2070.64 2091.86
106554 4681.06 2311
106555 3668.27 2407.55
106556 1565.8 2002.23
106557 1685.93 1979.48
106558 3065.71 1828.02
106559 3447.74 1984.44
106560 4014.8 2422.7
106561 3802.18 2024.7
106562 4330.48 2259.03
106563 2489.79 2157.86
106564 5151.98 1635.43
106565 5453.22 2692.61
106566 4742.21 2285.44
106567 5448.46 2816.15
106568 3831.97 2398.47
106569 4143.81 2367.13
106570 2409.49 2034.08
106571 3748.16 1347.69
106572 3344.02 1972.76
106573 5376.47 1720.25
106574 1598.57 1506.61
106575 5356.6 2621.05
106576 3503.28 1805.98
106577 4436.58 2145.21
106578 4436.58 2145.21
106579 3848.66 2180.2
106580 4729.6 2290.44
106581 3545.99 1280.99
106583 3025.59 1692.11
106584 1593.56 1806.54
106585 3874.72 2181.88
106586 3628.35 2421.58
106587 5295.34 2349.25
106588 4232.86 1487.51
106589 4466.29 1303.05
106590 1215.55 1815.51
106591 4262.82 2331.33
106592 3934.29 2088.53
106593 3062.07 1621.86
106594 1617.15 1506.47
106595 3483.68 1719.48
106596 3483.61 1719.49
106597 3199.28 2268.65
106598 3630.71 1232.68
106599 5085.82 2392.65
106600 4598.51 1365.61
106601 4830.36 1508.87
106602 4360.34 2338.21
106603 4748.31 1785.81
106604 2926.75 1590.55
106605 3474.74 1866.86
106606 1296.59 1573.87
106607 3612.57 2027.08
106608 5144.56 2519.15
106609 5144.56 2519.15
106610 4801.57 2444.98
106611 3376.9 2403.84
106612 4581.31 2420.44
106613 2627.48 1702.7
106614 3469.59 2597.97
106615 5339.75 2182.07
106616 2712.33 2009.78
106617 3605.23 1214.52
106618 4765.02 1672.94
106619 1956.59 2243.72
106620 3669.57 2181
106621 1716.71 1951.46
106622 3862.48 2281.58
106623 940.822 1893.29
106624 4694.36 2508.53
106625 3259.28 1841.16
106626 3454.94 2036.91
106627 4614.52 2367.34
106628 3402.09 2492.37
106629 4011.9 2247.94
106630 4011.59 2247.85
106631 4816.7 2433.85
106632 3754.08 2185.1
106633 5312.3 2216.97
106634 3575.22 2541.56
106635 4264.37 1563.28
106636 2195.9 1806.29
106637 5413.09 2615.33
106638 5121.57 1637.53
106639 1160.51 1821.43
106640 4523.44 2456.37
106641 3478.99 1371.05
106642 4623.4 1314.19
106643 905.977 1888.78
106644 5395.24 1722.85
106645 4280.44 2489.97
106646 4280.44 2489.97
106647 1509.51 2133.73
106648 4403.06 2115.64
106649 3437.13 2000.19
106650 3645.01 1986.09
106651 1325.48 1894.51
106652 3607.4 2495.77
106653 5111.45 2288.1
106654 1151.16 1834.65
106655 4383.01 2095.65
106656 4165.72 2309.57
106657 1310.04 1903.93
106658 3511.15 2457.28
106659 4492.19 1664.24
106660 4726.19 1397.97
106661 4477.98 2393.26
106662 4878.5 2167.68
106663 5378.92 1443.24
106664 5372.94 1857.3
106665 2167.82 2082.78
106666 2295.83 2010.63
106667 4622.9 2358.32
106668 2075.03 1875.14
106669 3020.82 2180.85
106670 2106.52 1705.5
106671 4599.94 2256.27
106672 3890.45 1639.01
106673 1908.05 1823.4
106674 4145.15 2247.26
106675 3434.53 2542.15
106676 5426.83 2755.16
106677 3970.16 2422.39
106678 3505.63 1405.36
106679 1884.01 1448.93
106680 3998.84 2105.72
106681 3739.31 2385.11
106682 2449.36 1652.42
106683 3252.4 2247.99
106684 4596.49 2244.84
106685 4644.44 2492.02
106686 3216.24 2123.76
106687 2439.93 2102.38
106688 2439.93 2102.38
106689 5179.33 2462.09
106690 4328.91 1637.59
106691 4162.05 1624.99
106692 4547.81 1425.27
106693 3986.9 2239.06
106694 3297.67 2287.62
106695 4903.71 1418.07
106696 4903.71 1418.07
106697 2248.53 1430.5
106698 3625.55 2492.58
106699 4126.42 2222.93
106700 3433.15 2250.86
106701 3433.15 2250.86
106702 4258.21 2463.16
106703 4258.21 2463.16
106704 4384.35 1766.46
106705 2447.64 1813.38
106706 3035.12 1675.03
106707 3416.75 2360.36
106708 3483.25 1969.77
106709 4493.02 2445.21
106710 2606.54 1737.23
106711 3512.17 2164.74
106712 3420.51 1339.34
106713 3744.02 1985.36
106714 3664.16 2354.18
106715 1828.72 1992.12
106716 4455.93 1999.72
106717 3711.29 2001.49
106718 3395.21 1316.88
106719 3447.83 1726.01
106720 4033.8 1828.46
106721 5310.81 2426.13
106722 4629.44 2513.61
106723 3574.03 1161.24
106724 3574.03 1161.24
106725 3846.4 1834.16
106726 3237.72 2142.2
106727 3039.9 1921.63
106728 1290.26 1870.11
106729 3977.04 1711.85
106730 3977.04 1711.85
106731 4720.06 2390.98
106732 4720.06 2390.98
106733 5135.16 2432.46
106734 4741.81 2477.58
106735 2354.34 2020
106736 1291.96 1642.14
106737 4573.12 2447.93
106738 3502.52 2562.28
106739 3432.56 2492.74
106740 4977.66 1710.72
106741 2759.16 2040.15
106742 2767.03 1759.43
106743 4693.99 2263.87
106744 4567.29 1854.72
106745 4143.03 2427.76
106746 4160.25 1878.31
106747 4160.25 1878.31
106748 4355.47 2306.95
106749 3987.95 2138.88
106750 3677.22 2477.95
106751 4731.5 2220.65
106752 4731.5 2220.65
106753 3866.36 2214.77
106754 1546.36 2017.79
106755 5111.87 2403.04
106756 4941.36 2367.46
106757 5438.13 1981.97
106758 3975.29 1767.38
106759 5100.45 2403.38
106760 5145.22 2541.28
106761 4284.97 2437.93
106762 4608.16 2476.54
106763 1962.82 2083.95
106764 4248.74 2410.56
106765 5457.75 2485.89
106766 4473.77 2146.56
106767 4344.55 2321.89
106768 3831.23 2050.85
106769 3400.32 2337.14
106770 3807.02 1575.88
106771 2770.38 1811.38
106772 3529.15 2432.93
106773 3753.26 1768.25
106774 2619.84 1748.24
106775 2182.11 1714.21
106776 2067.98 2070.28
106777 4741.38 2427.01
106778 3435.16 1450.78
106779 4531.7 2279.2
106780 3374.43 2386.89
106781 5113.8 2297.29
106782 4187.96 2322.47
106783 2717.92 1672.21
106784 4346.72 2481.98
106785 4095.34 2239.4
106786 3346.37 2252.23
106787 5447.69 2783.97
106788 3474.61 1914.08
106789 4204.47 2294.39
106790 3927.46 2248.92
106791 4978.62 1578.61
106792 5215.38 1641.64
106793 5190.16 2565.09
106794 5190.16 2565.09
106795 3986.35 2460.15
106796 1882.97 2275.44
106797 3726.65 2145.99
106798 4141.29 2343.74
106799 4821.08 1757.83
106800 3931.12 2264.01
106801 4274.26 2323.28
106802 1750.51 2222.88
106803 2769.84 2057.04
106804 3717.82 2291.84
106805 3995.78 2285.78
106806 4907.36 2526.92
106807 3127.33 1855.44
106808 4065.97 2356.14
106809 2569.01 1825.23
106810 4422.42 2283.27
106811 1421.13 2025.37
106812 3602.24 1203.78
106813 3113.39 1670.74
106814 4284.9 2294.38
106815 1998.55 1451.55
106816 4280.3 2446.77
106817 5226.69 2573.64
106818 5447.69 2731.36
106819 4381.38 2213.77
106820 2114.24 1939.65
106821 5337.62 1861.18
106822 3874.95 2440.92
106823 3563.67 2199.86
106824 3482.33 1931.31
106825 1489.59 2107.5
106826 1762.96 2278.62
106827 3396.58 1901.25
106828 3288.69 1988.99
106829 4581.66 1904.23
106830 4972.68 2027.22
106831 3515.44 2186.97
106832 3923.9 2080.89
106833 5207.85 1867.63
106834 3536.76 2343.1
106835 4577.37 2370.06
106836 3626.61 2190.95
106837 2672.51 1784.14
106838 2672.51 1784.14
106839 3925.17 1952.15
106840 4959.25 2527.92
106841 4959.25 2527.92
106842 5255.03 1613.74
106843 3568.18 2497.51
106844 3568.31 2497.61
106845 4756.91 2451.21
106846 4889.94 2220.89
106847 1453.77 1629.74
106848 4330.6 2389.13
106849 3763.38 1845.73
106850 2863.07 1704.3
106851 3938.69 2274.62
106852 1121.32 1863.26
106853 5177.44 2489.67
106854 4088.8 2381.16
106855 4577.19 2439.04
106856 3101.16 1622.91
106857 4516.4 1727.57
106858 4516.4 1727.57
106859 2916.23 1690.01
106860 1610.15 2057.03
106861 913.901 1905.04
106862 3531.33 2237.46
106863 4538.65 2477.55
106864 4538.65 2477.55
106865 2680.36 2239.44
106866 2680.36 2239.44
106867 1039.17 1807.35
106868 3923.61 2324.77
106869 2936.2 1742
106870 3729.22 2184.73
106871 3627.55 2282.84
106872 5225.97 1471.39
106873 4721.89 2433.69
106874 4721.89 2433.69
106875 4692.21 2443.69
106876 3435.62 2436.32
106877 3076.12 1769.18
106878 997.82 1835.83