Visibility for camera _SAM1048.JPG
4127
61 1913.56 1960.86
161 344.552 1729.92
190 2350.21 1846.37
214 2024.45 1921.13
258 2332.03 1906.02
309 1317.81 1896.7
340 886.395 1985.73
341 886.395 1985.73
355 334.556 1803.95
364 327.841 1756.17
726 1777.05 1947.33
792 1680.29 1993.44
795 1833.64 1897.01
1053 1719.88 1950.39
1054 1719.88 1950.39
1064 1822.46 1891.52
1102 1801.43 1892.14
1161 1614.01 1936.5
1281 2007.81 1960.69
1297 1875.27 2023.7
1322 2095.1 1966.8
1339 1784.78 1926.65
1342 2584.59 1872.83
1480 1665.24 2030.51
1603 4352.26 2035.51
1695 1866.84 1955.3
1756 4276.87 2037.43
1784 1546.37 1940.94
2014 325.417 2809.65
2087 730.656 1864.71
2207 1635.84 1923.12
2291 1858.99 2035.81
2355 2204.82 1920.29
2459 795.869 1730.56
2868 260.158 2269.96
2928 651.49 1683.88
3006 767.479 1820.61
3044 256.361 2011.58
3152 376.494 1862.57
3331 229.066 1986.46
3601 752.637 2096.34
4107 386.962 2300.23
4111 1190.08 2578.01
4189 2204.83 1894.93
4273 1933.96 2030.16
4303 2019.55 1890.07
4633 596.767 1749.31
4897 1019.21 2230.3
5074 540.663 1731.75
5251 2070.93 1925.48
5338 2957.4 2055.57
6028 266.117 2201.07
6709 2802.34 2051.01
9904 561.97 2766.58
11175 936.32 2392.63
12449 2224.54 2509.26
16025 1514.86 2481.9
16760 3764 2320.42
16896 1958.59 2388
17041 3753.15 2291.19
17118 427.317 2819.35
17156 1674.08 2401.1
17392 2235.49 2470.81
17422 688.787 2611.93
17496 994.351 2605.57
17561 994.905 2412.81
17595 1645.94 2514.3
17853 2187.47 2386.58
17856 1220.55 2517.91
17861 3040.78 2357.83
17891 371.742 2943.6
17893 1935.76 2488.15
17900 1061.42 2544.59
17916 1801.13 2486.91
17933 1134.04 2478.96
17942 1322.46 2591.57
17945 1145.76 2622.86
17953 281.627 2639.08
17968 319.785 2789.27
17990 1597.51 2419.56
18001 1202.47 2565.71
18031 326.037 2631.39
18033 1009.06 2631.51
18034 506.768 2960.74
18058 1110.11 2440.41
18065 2018.22 2447.27
18070 1055.95 2481.6
18089 1071.96 2511.62
18100 1864.69 2506.35
18116 355.522 2766.17
18155 1789.52 2478.69
18160 1169.22 2532.56
18166 1730.84 2455.19
18203 663.22 2510.5
18212 428.062 2549.3
18214 609.995 2963.5
18219 2004.81 2464.95
18220 678.244 2582.06
18244 554.24 2746.6
18247 1604.1 2549.19
18248 1604.1 2549.19
18268 1789.35 2380.97
18272 1716.69 2488.51
18287 1819.92 2383.29
18292 627.495 2891.06
18297 436.644 2425.34
18307 912.623 2438.92
18311 381.867 2671.17
18313 402.755 2533.24
18324 2091.19 2370.88
18334 1772.52 2476.24
18335 1772.52 2476.24
18344 539.773 2720.49
18376 1236.63 2625.25
18381 2571.9 2379.54
18382 1997.66 2390.09
18384 2586.84 2419.75
18394 1910.56 2502.39
18400 357.118 2668.14
18401 357.118 2668.14
18409 2045.1 2376.15
18410 2045.1 2376.15
18426 533.654 2846.6
18452 384.621 2601.95
18482 751.97 2549.49
18483 2115.47 2515.81
18490 1051.07 2544.36
18510 1616.87 2527.18
18526 2105.01 2537.51
18527 2105.01 2537.51
18531 1101.59 2657.7
18540 1733.08 2544.98
18541 231.389 2629.59
18567 1881.78 2423.6
18570 2233.48 2449.42
18573 616.641 2873.32
18606 1048.21 2515.76
18614 1626.58 2552.81
18615 1675.99 2415.54
18645 393.721 2654.44
18647 332.061 2883.98
18664 1914.16 2456.49
18682 1156.37 2436.45
18692 405.485 2561.94
18704 2259.63 2322.06
18713 3775.13 2319.89
18733 306.539 2696.09
18767 1207.89 2527.22
18780 1649.93 2481.09
18792 2558.45 2365.94
18804 1572.38 2391.84
18809 369.92 2715.05
18816 1068.93 2597.12
18834 299.403 2525.46
18840 416.638 2887.24
18896 2175 2302.88
18930 496.075 2946.37
18932 808.345 2677.49
18949 1195.15 2563.66
18977 311.061 2684.43
18990 2559.68 2315.9
18991 2559.68 2315.9
19011 1283.16 2600.51
19090 1982.47 2529.79
19092 745.028 2734.85
19110 2398.52 2639.09
19136 355.497 2533.77
19185 339.691 2545.57
19209 3944.82 2235.92
19221 452.256 2645.22
19268 2188.28 2343.83
19311 784.402 2702.68
19315 1220.56 2472.31
19334 1661.43 2453.67
19357 1254.24 2515.64
19361 1130.89 2567.89
19381 1887.89 2501.14
19395 1862.36 2413.54
19398 1966.51 2419.92
19400 1553.94 2431.27
19410 1746.4 2483.37
19419 1136.78 2642.25
19421 2133.12 2385.77
19436 2106.31 2490.33
19440 3660.06 2257.72
19442 1110.11 2507.22
19443 498.722 2643.77
19460 3735 2224.43
19465 1146.23 2389.77
19466 1146.23 2389.77
19479 3184.22 2316.55
19490 2136.67 2440.53
19496 1086.41 2499.71
19501 737.846 2642.23
19504 2206.4 2439.85
19513 989.566 2672.84
19523 401.635 2797.92
19544 1133.13 2505.49
19545 1133.13 2505.49
19572 2004.81 2464.95
19593 2062.44 2461.88
19598 1817.61 2407.03
19603 2228.89 2531.03
19605 583.413 2969.98
19616 1169.96 2517.11
19621 1163.37 2593.77
19628 653.43 2914.56
19629 1378.83 2693.2
19630 2073.18 2486.14
19631 2073.18 2486.14
19641 1703.84 2379.58
19644 1145.21 2411.4
19645 426.94 2995.75
19647 1728.17 2496.96
19650 1678.75 2512.46
19659 1022.33 2376.32
19662 2052.71 2322.35
19671 1485.49 2399.06
19676 1638.81 2320.14
19697 561.035 2908.45
19702 1855.97 2426.55
19711 247.444 2574.68
19717 775.648 2686.44
19722 1628.23 2329.48
19726 812.802 2698.86
19737 1742.67 2538.63
19739 369.92 2715.05
19750 2087.8 2456.56
19753 1476.89 2320.29
19771 219.103 2560.72
19776 1308.75 2683.78
19780 386.354 2959.61
19782 496.907 2679.26
19784 1180.84 2444.04
19788 1658.65 2313.7
19792 610.567 2857.83
19796 3554.11 2179.73
19798 1585.14 2436.88
19801 1813.86 2442.09
19804 1615.56 2571.19
19814 1141.8 2394.43
19832 1178.7 2616.04
19840 2865.29 2366.4
19848 286.691 2502.7
19859 1067.42 2588.82
19862 710.017 2449.25
19867 618.304 2848.99
19873 1591.7 2508.5
19886 1519.62 2385.9
19908 404.129 2713.55
19918 3937.81 2252.8
19919 1220.56 2472.31
19926 1092.02 2442.08
19933 462.327 2664.59
19941 1882.38 2306.21
19951 961.696 2606.37
19952 347.898 2556.69
19979 366.096 2558.25
19980 2003.21 2353.37
19987 325.078 2484.66
20060 1100.88 2580.07
20079 214.872 2594.32
20089 454.182 2623.45
20122 354.889 2617.56
20133 2996.51 2341.93
20164 1543 2380.43
20234 1037.15 2579.46
20258 944.837 2537.47
20282 350.52 2752.57
20320 1785.13 2406.01
20345 919.57 2665.34
20351 1929.59 2468.22
20353 3007.84 2300.48
20367 772.502 2572.78
20426 287.826 2636.5
20433 3050.95 2197.01
20463 324.625 2558.09
20469 1854.28 2461.41
20573 3582.29 2299.86
20609 2092.23 2416.63
20632 2812.73 2310.56
20660 1650.04 2455.53
20684 1530.63 2321.65
20723 2315.41 2334.47
20724 493.792 2777.34
20732 1349.18 2662.07
20748 3175.69 2165.22
20781 356.687 2148.99
20786 808.688 2642.96
20813 2107.21 2360.01
20820 3105.67 2177.03
20833 2213.42 2486.79
20836 642.104 2215.57
20845 1574.9 2292.5
20853 2089.37 2526.52
20858 2879.6 2335.89
20869 1589.87 2319.67
20873 394.273 2156.09
20944 434.614 2507.02
20945 3223.01 2167.14
20989 2925.69 2346.66
21001 542.803 2784.37
21006 1001.42 2239.08
21008 203.625 2576.44
21058 2953.04 2320.83
21066 1918.67 2299.6
21078 1716.71 2294.24
21081 514.245 2832.63
21082 514.245 2832.63
21085 315.723 2772.13
21086 353.559 2376.73
21088 1932.67 2271.36
21096 1242.05 2544.4
21097 1242.05 2544.4
21110 2216.24 2174.81
21111 229.284 2503.49
21112 1570.27 2318.81
21118 287.292 2696.92
21122 243.696 2426.54
21124 1686.69 2497.15
21131 219.103 2560.72
21140 1935.92 2344.38
21150 3694.47 2113.57
21154 1627.82 2450.33
21157 190.287 2590.01
21159 1646.98 2299.75
21161 1207.89 2527.22
21164 1625.39 2483.53
21173 1899.15 2382.7
21184 2849.8 2343.2
21187 2197.57 2121.97
21200 1584.39 2251.35
21223 2288.58 2494.43
21227 2244.98 2317.33
21271 2018.2 2338.25
21278 2749.77 2429.72
21279 2063.34 2363.27
21306 1641.23 2446.73
21311 3182.83 2383.44
21313 1670.98 2558.36
21325 474.565 2590.28
21326 1948.31 2403.31
21356 1747.21 2519.55
21366 1590.7 2374
21383 3011.56 2148.1
21388 1100.88 2580.07
21397 1179.12 2351.82
21409 1026.67 2454.27
21410 3047.41 2183.54
21440 3052.88 2311.04
21464 3231.41 2150.54
21489 406.698 2345.3
21511 3168.14 2221.03
21532 467.509 2896.98
21533 969.905 2275.62
21543 427.333 2145.57
21574 437.134 2256.85
21609 2576.65 2429.34
21667 3730.83 2209.79
21687 3050.95 2197.01
21692 1927.07 2328.12
21711 3702.15 2135.12
21714 718.342 2600.34
21716 3539.62 2213.35
21732 1835.45 2131.74
21740 2744.9 2381.38
21749 650.191 2152.38
21758 1764.02 2310.88
21778 3855.95 2136.32
21779 369.86 2121.5
21784 1168.74 2151.92
21785 3506.42 1979.64
21798 377.352 2149.19
21799 2961.88 2378.36
21809 1894.23 2222.31
21817 1081.89 2232.68
21893 3580.57 2212.96
21913 3131.53 2172.58
21915 269.833 2494.82
21920 3200.4 2231.78
21922 634.258 2107.45
21928 404.052 2002.4
21933 3544.07 2080.25
21976 1063.84 2345.46
21989 2683.06 2330.4
21998 2832.69 2301.39
22011 1903.56 2199.17
22075 3233.03 2359.93
22117 4220.03 2138.91
22155 2851.06 2304.34
22191 368.8 2257.08
22210 3680.16 2155.86
22214 2233.02 2229.66
22254 2219.54 2336.98
22267 1937.46 2234.46
22289 3067.03 2296.37
22329 1119.83 2170.61
22344 947.826 2388.41
22355 270.717 2049.23
22385 3033 2285.54
22386 3186.77 2369.66
22432 3525.37 2191.31
22468 1126.12 2435.79
22475 352.495 2090.85
22522 1625.92 2302.15
22536 3012.54 2004.22
22556 2130.06 2122.75
22557 2922.54 2372.21
22576 2033.65 2516.75
22586 2032.09 2198.86
22652 184.01 2108.44
22679 1019.09 2182.9
22684 1070.16 2469.03
22731 1595.51 2176.38
22786 1163.37 2593.77
22802 1872.28 2217.04
22803 1872.28 2217.04
22808 1834.56 2214.25
22811 2235.45 2061.05
22812 671.348 2182.94
22815 2723.17 2118.08
22819 3013.41 2318.49
22829 1923.66 2151.09
22887 683.223 2195.08
22904 655.185 2947.38
22913 2198.28 2096.8
22917 3267.75 2245.81
22920 833.995 2360.74
22932 3890.81 2234.17
22933 2136.15 2184.16
22949 1003.15 2232.63
22951 3463.65 2189.9
22966 462.517 2853.15
22977 323.688 2674.84
22980 1905.76 2125.39
22991 1870.63 2433.63
23030 1027.31 2212.33
23045 2601.77 2488.16
23051 1980.65 2207.61
23056 3091.84 2181.58
23060 1956.76 2423.59
23073 1815.5 2122.84
23085 338.842 2145.85
23103 1780.51 2396.47
23128 326.13 2145.27
23152 980.585 2237.12
23175 982.565 2254.85
23177 979.955 2281.33
23185 2781.88 2395.55
23188 3020.91 2371.47
23189 2145.41 2347.79
23197 1966.4 2144.89
23218 3069.55 2155.66
23222 1149.13 2672.12
23225 129.317 2407.88
23245 352.101 2116.34
23254 334.055 2001.16
23255 432.873 2358.41
23259 217.183 2028.94
23261 1962.83 2272.89
23275 698.057 2291.92
23279 2155 2128.52
23283 262.267 2330.29
23291 1998.15 2118.09
23325 261.746 2440.05
23326 3110.72 2297.07
23327 1800.38 2290.42
23330 325.903 2294.94
23331 3491.2 2242.93
23336 144.344 2463.57
23337 1563.41 2144.29
23355 1471.82 2173.18
23364 3665.6 2190.89
23367 648.412 2300.19
23376 1349.77 2538.83
23381 2089.02 2283.91
23395 276.501 2400.54
23421 3306.84 2197.82
23437 2842.56 2311.68
23443 3146.09 2187.48
23444 3146.47 2378.86
23459 615.554 2320.3
23463 285.619 2385.77
23468 433.246 2307.66
23480 1885.1 2239.75
23526 382.647 2388.24
23536 1141.46 2306.94
23538 3717.36 2164.22
23553 961.806 2168.48
23562 3545.42 2378.92
23575 1030.61 2301.24
23580 3062.18 2322.53
23583 2114.5 2545.64
23602 1589.31 2306.13
23607 1065.67 2258.71
23630 1683.27 2112.84
23656 2032.05 2320.17
23729 458.383 1969.22
23739 381.867 2671.17
23744 2805.91 2381.95
23745 188.422 2052.29
23749 4314.34 2129.9
23756 124.222 2448.18
23773 708.042 2330.13
23784 3203.44 2337.37
23816 2263.53 2393.65
23818 1748.32 2296.14
23819 3470.1 1988.23
23841 149.785 2048.47
23865 346.782 2313.55
23869 445.79 2303.16
23870 2833.16 2325.27
23882 166.869 1951.41
23885 3801.25 2334.31
23900 354.816 2068.27
23901 2147.57 2425.07
23903 2582.07 2402.8
23913 1685.1 2307.26
23925 1532.06 2385.75
23936 442.651 2333.6
23939 419.338 2043.69
23940 1610.26 2382.97
23945 917.391 2192.19
23952 355.602 2357.5
23957 700.546 2307.14
23959 1703.84 2379.58
23961 170.047 2585.06
23963 997.319 2258.67
23970 3089.84 2170.23
23973 699.013 2232.36
23981 1114.57 2317.71
23982 1114.57 2317.71
23987 1468.78 2385.95
23990 522.585 2882.54
23991 2079.27 2176.3
24005 1077.55 2325.42
24009 671.133 2950.71
24014 665.296 2323.9
24036 689.323 2210.21
24037 689.323 2210.21
24041 1021.37 2152.41
24042 1063.93 2241.69
24049 3248.98 2324.63
24056 3288.23 2249.1
24060 1576.51 2139.69
24077 3850.14 2122.77
24103 182.79 2473.72
24105 181.027 2152.71
24112 2881.07 2364.35
24113 1988.88 2135.31
24136 3458.8 2228.03
24139 421.858 2350.88
24143 715.558 2310.25
24146 1861.94 2156.14
24149 217.579 2191.79
24154 1605.69 2303.99
24160 3027.69 2267.97
24186 1030.61 2301.24
24192 285.629 2429.53
24211 1799.41 2164.67
24244 229.066 1986.46
24248 4017.46 2202.25
24249 2171.87 2281.82
24251 237.234 2054.01
24255 1689.96 2153.26
24260 1698.46 2527.03
24267 1134.53 2329.56
24283 2052.01 2138.27
24298 1687.15 2266.23
24302 314.687 2087.7
24303 2766.49 2399.36
24306 2113.46 2285.3
24311 1561.3 2184.8
24313 1998.54 2244.75
24317 1840.12 2294.02
24321 2816.79 2393.96
24331 657.406 2282.33
24334 3596.69 2381.55
24335 1149.05 2200.46
24336 1959.44 2258.2
24343 2674.83 2220.66
24354 2136.68 2213.27
24361 1686.59 2233.45
24362 3569.19 2236.97
24364 345.348 1993.31
24369 2973.7 2140.96
24372 671.578 2235.67
24379 3232.34 2346.73
24386 3605.56 2208.31
24391 1171.67 2317.33
24395 302.881 2140.31
24396 1964.55 2245.69
24406 272.785 2087.12
24424 865.479 2234.54
24427 3575.69 2308.29
24429 2129.6 2282.65
24431 1802.14 2186.84
24441 3689.55 2152.16
24442 3948.78 2166.34
24455 1481.02 2126.68
24463 2120.29 2186.3
24473 4346.2 2105.43
24488 1903.05 2237.03
24489 725.574 2287.36
24509 1608.09 2138.6
24517 1115.39 2249.29
24521 368.083 1914.84
24539 1873.13 2111.96
24546 4238.79 2134.43
24547 2122.58 2273.01
24548 1944.9 2130.87
24554 2880.81 2307.37
24555 1152.72 2125.32
24556 1881.3 2268.98
24557 294.523 2300.09
24567 1967.51 2212.22
24585 1575.03 2217.53
24595 2072.57 2232.11
24626 1962.38 2179.19
24627 1962.38 2179.19
24631 1922.94 2185.7
24643 2311.9 2125.05
24650 1089.26 2079.48
24652 141.144 2305.32
24662 1635.9 2168.34
24675 1872.83 2144.07
24676 1872.83 2144.07
24686 400.499 2404.67
24691 3546.64 2039.47
24697 337.695 2198.65
24715 435.154 2232.46
24716 2035.5 2091.77
24717 2104.47 2158.72
24720 881.105 2034.79
24731 1150.27 2304.71
24735 1050.49 2244.81
24742 468.528 2935.64
24744 210.268 2362.84
24745 1616.29 2105.67
24753 252.413 2405.81
24757 691.421 2327.5
24759 302.197 2196.01
24760 2198.28 2096.8
24762 2739.21 2050.13
24771 956.734 2360.41
24772 323.659 2016.06
24773 402.98 2077.77
24789 405.417 1921.66
24791 3181.35 2064.03
24792 1918.17 2250.77
24794 313.213 1964.52
24796 273.966 2233.64
24800 1964.86 2191.74
24804 181.732 1999.3
24807 1718.02 2298.15
24810 639.952 2876.34
24812 241.262 1954.7
24818 1881.06 2239.87
24831 2580.42 2330.88
24835 394.173 2213.38
24837 2169.79 2145.09
24841 1665.49 2258.18
24854 1116.88 2338.38
24862 323.502 1982.97
24878 1138.72 2133.44
24881 294.662 1938.89
24882 294.662 1938.89
24892 1550.82 2115
24896 1955.35 2291.62
24897 700.546 2307.14
24907 1703.75 2097.84
24910 878.825 2485.86
24913 1019.29 2049.18
24917 1911.92 2489.13
24918 699.013 2232.36
24925 3048.95 2128.25
24927 1966.4 2144.89
24932 1817.13 2105.74
24943 665.296 2323.9
24950 440.225 2383.66
24952 189.196 2092.96
24966 2694.14 2125.87
24967 386.831 2200.24
24977 1685.13 2093.33
24980 2706.93 2446.44
24995 3005.24 2013.87
24996 1116.5 2276.61
24997 480.96 2933.57
24998 2934.79 1979.68
25000 2904.09 1969.26
25005 1653.96 2568.56
25013 1971.55 2224.68
25014 1678.73 2223.01
25018 1075.04 2299.1
25019 3144.95 2159.85
25021 2728.63 2131.64
25024 854.672 2275.16
25029 1724.64 2128.06
25030 1724.64 2128.06
25031 3025.73 2176.33
25033 1838.2 2221.97
25034 2723 2403.17
25054 1631.03 2090
25057 2035.84 2272.34
25059 3482.32 2055.35
25060 268.31 2388.14
25062 692.832 2373.28
25066 3080.93 2357.96
25067 2010.76 2092.46
25083 1164.51 2133.18
25086 1135.56 2146.2
25092 3044.33 2296.19
25100 1115.39 2249.29
25102 884.611 2061.04
25112 222.394 2414.54
25122 2805.65 2279.47
25126 1755.25 2067.44
25127 3946.19 2324.91
25147 1546.68 2284.76
25168 2557.64 2127.71
25182 306.448 1945.87
25193 252.838 1984.09
25194 1898.38 2396.21
25198 2719.51 2392.71
25211 698.018 2385.38
25212 3715.54 2128.07
25216 2048.26 2088.05
25228 2173.95 2078.32
25232 2836.52 2058
25236 2100.93 2118.69
25245 3290.53 2221.3
25258 3071.21 2142.38
25265 1521.04 2164.65
25270 2036.7 2209.88
25274 1873.21 2298.05
25276 400.906 2332.3
25304 3056.1 2362.16
25309 232.936 1934.95
25318 3066.6 2204.09
25324 4074.67 2186.63
25327 2130.43 2262.17
25336 1936.49 2084.9
25340 2231.52 2187.5
25366 625.723 2300.22
25367 2541.2 2164.83
25368 3142.56 2197.75
25369 2928.1 1945.84
25377 1473.54 2230.58
25395 1696.82 2564.97
25404 337.7 2335.62
25413 1839.16 2281.83
25415 1180.63 2241.7
25420 1781.43 2096.97
25441 1086.82 2159.61
25445 2854.52 2066.88
25453 323.245 2322.92
25458 2936.11 2378.88
25464 2096.96 2185.64
25467 3451.67 2214.83
25472 2914.6 2393.5
25502 1955.95 2219.44
25505 2857.73 2390.85
25549 1424.43 1997.77
25553 665.823 2348.4
25560 1862.19 2246.13
25572 3226.77 2032.27
25575 1901.12 2289.55
25589 672.433 2306.67
25593 995.479 2300.39
25606 1827.18 2177.59
25608 1898.89 2348.65
25609 1922.94 2185.7
25618 1097 2154.77
25622 162.058 2360.7
25637 682.768 2057.72
25644 3113.75 2203.46
25646 781.224 2158.27
25647 781.224 2158.27
25649 2207.01 2073.97
25659 1536.51 2272.08
25660 1923.66 2151.09
25665 2075.32 2110.95
25670 400.499 2404.67
25674 654.946 1986.67
25676 1690.04 2134.39
25677 1690.04 2134.39
25691 2010.33 2072.46
25693 375.977 2312.88
25699 1526.44 2094.91
25704 1747.49 2126.85
25705 227.107 2042.49
25711 1916.92 1991.14
25714 1967.14 1992.75
25715 2045.12 2180.13
25717 662.764 2029.39
25722 666.46 2116.45
25725 3089.39 2026.9
25745 442.788 2148.11
25753 2197.57 2121.97
25754 179.752 2082.26
25755 2007.99 1991.92
25757 1086.48 2285.8
25759 2262.01 2463.32
25761 276.501 2400.54
25762 2079.27 2176.3
25765 320.132 1893.96
25770 2002.8 2226.9
25781 318.387 2256.1
25788 1761.73 2437.45
25792 1174.53 2231.1
25793 142.08 2125.54
25794 1659.4 2220.42
25804 2736.04 2063.87
25810 218.695 2431.74
25820 1996.27 2017.99
25821 1996.27 2017.99
25822 2109.11 1937.06
25833 1747.82 2276.55
25846 1105.28 2210.8
25849 455.413 2013.75
25852 469.199 2019.17
25854 686.647 1980.07
25860 2718.16 2365.56
25881 1795.36 2086.99
25888 452.431 2206.76
25891 3490.25 2079.57
25897 3382.08 2357.28
25898 3081.24 2152.73
25909 1116.5 2276.61
25910 270.872 2185.44
25911 2860.9 2294.47
25923 300.746 2174.01
25927 211.787 2244.98
25928 1860.71 2204.67
25929 209.679 1934.11
25931 328.618 2384.36
25936 1910.68 2177.06
25939 414.753 2210.56
25941 2030.34 2555.52
25949 222.067 2478.9
25950 222.067 2478.9
25961 1481.02 2126.68
25964 3348.87 2074.64
25966 1878.28 2041.84
25970 1823.47 2244.35
25975 1184.71 2213.71
25986 1971.08 2068.46
25993 1109.72 2127.37
26000 3414.97 2111.94
26001 1801.68 2247.42
26005 240.582 1814.06
26009 282.745 2465.27
26016 3290.53 2221.3
26032 2014.55 2390.94
26036 2761.57 2419.13
26048 3833.79 1941.49
26051 2178.61 2291.35
26058 300.945 2445.21
26062 3664.22 2387.82
26071 1329.04 2120.04
26079 248.307 2441.48
26085 657.406 2282.33
26090 2735.44 2372.21
26099 3339.67 1971.96
26115 2978.16 2045.35
26121 1679.62 2169.78
26122 3551.1 2063.97
26124 610.064 2302.16
26138 3450.91 2113.66
26143 3983.7 2189.01
26146 892.037 2109.74
26147 3296.81 2105.84
26154 1702.57 2153.88
26161 210.62 2151.43
26174 3001.55 2030.27
26190 3310.42 2137.28
26196 365.461 2100.37
26208 175.602 1926.16
26209 3550.11 2389.37
26216 1298.51 2012.7
26217 2749.72 2181.43
26222 2528.66 2098.54
26232 3739.38 2086.83
26233 1715.6 2086.78
26252 1621.95 2069.28
26257 954.816 2293.34
26258 1901.51 2161.77
26271 3000.36 2369.53
26273 1257.82 2319.05
26274 1617.46 2263.48
26282 3037.29 1937.56
26289 1547.47 2307.42
26314 2142.6 2285.29
26319 859.78 2150.51
26322 3149.52 2348.61
26324 678.591 2000.66
26329 2930.27 2105.55
26332 2970.79 1938.11
26364 2733.16 2105.27
26369 1928.32 2102.78
26377 2742.42 2406.27
26385 2319.18 2048.76
26395 1818.53 2221.5
26396 2001.78 2143.71
26397 1493.33 2190.37
26438 2227.94 2131.79
26447 3462.88 2103.51
26466 4357.22 2095.52
26486 1861.15 2288.86
26512 1289.01 2232.61
26520 1857.12 2118.4
26531 1873.42 2140.7
26541 1734.47 2331.07
26550 1799.54 1934.96
26554 2734.93 2135.8
26555 3498 2292.61
26558 2011.5 2263.91
26559 1592.96 2093.43
26562 1595.51 2176.38
26564 3249.45 2235.95
26576 1099.36 2560.17
26578 3015.21 2282.43
26579 3345.68 2154.06
26581 3677.8 2241.38
26582 1048.6 2275.96
26583 858.034 2018.15
26588 3376.66 1973.93
26593 314.59 1912.67
26597 3776.6 2016.52
26599 3070.87 2043.51
26602 3108.7 2068.43
26603 3691.96 1945.19
26604 380.204 2419.48
26605 380.204 2419.48
26613 2023.09 2014.68
26621 501.67 2905.09
26622 4051.76 2131.94
26623 4051.76 2131.94
26624 3560.26 2079.93
26626 1526.44 2094.91
26628 3077.01 2375.94
26635 2114.2 2229.62
26638 177.203 2321.34
26639 1621.89 2283.88
26640 2930.59 2391.04
26643 3975.51 2289.9
26648 2752.66 2199.39
26658 1916.07 2018.75
26659 1916.07 2018.75
26664 2136.63 2440.6
26667 2012.13 2131.85
26670 3161.57 1966.9
26671 2779.78 2298.35
26673 3758.74 2205.12
26675 3146.3 2047.1
26676 2110.39 2307.17
26678 252.315 2154.96
26679 1616.47 2367.93
26682 2167.14 2245.15
26685 2973.97 2095.41
26686 185.152 2357.87
26689 3271 2272.47
26692 3447.45 2077.66
26694 2849.04 1963.16
26697 150.905 2282.77
26698 2930.74 2281.61
26699 452.217 2035.82
26705 395.262 2358.84
26708 1731.91 2194.24
26709 3933.09 1936.46
26711 686.281 2334.65
26713 3166.75 2031.85
26717 3424.8 1935.32
26722 343.948 2739.33
26723 833.995 2360.74
26724 1910.34 2086.6
26726 687.299 2007.88
26729 2135.26 2366.41
26730 2888.57 1941.04
26734 1947.89 2022.37
26737 1694.07 2189.23
26740 3573.25 2031.51
26745 2040.41 2133.96
26746 2062.44 2461.88
26747 2749.85 2253.12
26749 2232.26 2030.36
26751 1580.02 2229.9
26752 1580.02 2229.9
26756 2548.77 2242
26757 2930.79 2411.27
26759 149.924 2412.98
26760 1060.6 2123.27
26762 1125.86 2307.71
26767 1710.7 2203.57
26768 1710.7 2203.57
26769 1509.65 2182.21
26773 2852.52 2128.78
26775 1178.47 2638.35
26778 1108.65 2068.76
26780 4333.67 2132.05
26781 1599.98 2438.04
26783 306.539 2696.09
26792 2843.2 2282.3
26794 3391.58 2097.84
26799 3110.11 2050.72
26802 1525.96 2074.15
26803 1525.96 2074.15
26804 2036.48 1999.03
26811 2951.37 2410.93
26815 717.833 2210.61
26820 2995.03 1921.11
26825 2537.72 2082.56
26826 337.684 2171.85
26832 2862.87 2279.3
26833 1114.3 2598.4
26834 1835.45 2131.74
26835 1849.8 2175.52
26837 3660.87 2361.28
26838 3789.31 1945.16
26846 1793.36 1903.34
26848 2093.33 1978.8
26855 2836.1 1950.37
26865 1729.72 1912.4
26866 2223.27 2042.9
26869 3686.75 1907.71
26870 709.228 3380.87
26873 2554.21 2071.38
26882 3401.09 2167.24
26883 1144.82 2082.51
26892 2830.53 1975.21
26893 3679.88 2377.86
26895 1995.8 2257.29
26897 232.936 1934.95
26900 1648.52 2200.21
26901 1648.52 2200.21
26902 1648.52 2200.21
26905 2245.51 2476.73
26907 3428.68 2045.36
26911 2528.66 2098.54
26914 696.564 3389.44
26916 2241.42 2238.31
26917 2112.21 2041.1
26929 3570.63 2363.98
26933 2095.09 1966.8
26934 852.497 2294.62
26939 698.018 2385.38
26951 2812.07 2186.87
26960 1716.07 2156.52
26961 1716.07 2156.52
26966 2063.23 2281.54
26967 2900.7 2400.74
26984 3282.34 2068.64
26986 2731.07 2287.07
26988 3210.17 1987.51
26992 838.073 1985.64
26994 4230.56 2181.42
26995 3537.99 2279.14
27012 467.504 1940.23
27019 2148.36 1959.44
27025 2761.83 2397.84
27037 3168.05 1927.51
27041 3773.52 1891.09
27044 1558.51 2066.01
27048 2804.46 2251.44
27049 2804.46 2251.44
27053 3082.62 2223.23
27059 1887.38 2054.02
27063 1754.07 1890.65
27068 323.245 2322.92
27069 2732.9 2239.16
27076 1305.6 2117.1
27082 4191.32 1993.86
27084 1699.79 2254.81
27088 3523.79 2304.69
27092 3075.4 1968.1
27094 2818.27 1954.78
27100 2732.58 2020.8
27125 2682.71 2129.89
27129 2557.19 2110.77
27134 1020.33 2198.71
27138 2816.77 1975.46
27159 875.766 2201.27
27177 3791.97 1913.86
27186 1970.03 1940.3
27194 2819.41 2377.23
27196 802.238 2359.04
27197 802.238 2359.04
27219 3509.2 2259.85
27222 2792.7 1974.11
27242 3989.67 1926.75
27244 2953.09 2113.68
27251 3659.46 2231.77
27253 3772.99 1917.8
27292 4099.41 2147.61
27300 1909.68 2139.56
27333 3647.44 2386.78
27346 2827.64 2190.77
27353 3598.12 1893.78
27360 680.397 2128.83
27365 2432.95 2237.35
27366 2432.95 2237.35
27369 349.786 2070.81
27379 1054.56 2025.74
27381 284.932 2079.29
27390 3565.22 2064.66
27399 2851.33 2172.07
27400 240.285 1988.84
27411 1756.5 2174.53
27420 4226.42 2074.14
27426 787.537 2073.6
27430 3882.39 1940.41
27447 395.299 2244.78
27448 230.705 1881.07
27449 636.622 2056.28
27451 1164.49 2155.51
27453 3690.01 2193.01
27464 2226.4 2259.6
27467 2155.58 2359.64
27469 336.405 2082.18
27480 3173.72 2097.79
27490 355.854 1974.6
27494 1116.88 2338.38
27508 3831.92 1981.2
27509 2924.53 2001.45
27513 1139.35 2014.55
27514 3582.25 1970.46
27524 2976.65 2017.28
27525 3343.76 1958.61
27536 4288.06 2076.77
27539 1736.39 1968.8
27548 2123.79 1892.72
27554 601.275 2334.3
27555 2800.16 1987.61
27560 672.788 2409.91
27563 1667.45 1951.83
27589 516.131 2845.92
27594 721.473 2185.8
27597 2999.81 2053.29
27598 2999.81 2053.29
27604 719.534 2170.48
27614 2915 2103.31
27617 198.783 2499.1
27618 3868.69 2034.68
27620 414.059 3038.92
27624 4246.23 2001.19
27625 4245.42 2001.1
27632 3407.42 2028.68
27635 3573.25 2031.51
27645 689.323 2210.21
27657 3248.63 1973.24
27664 1600.73 2129.27
27668 3445.37 2028.38
27673 1404.55 1783.81
27681 1039.34 2493.27
27690 1092.83 2250.03
27699 3769.22 1957.43
27702 520.695 2650.72
27706 3276.97 2090.99
27708 3297.34 2076.29
27714 2215.86 2057.49
27717 3821.52 1995.54
27718 248.46 2633.27
27720 210.62 2151.43
27721 270.87 2172.97
27727 3031.63 2125.73
27728 3774.93 1948.52
27729 3774.93 1948.52
27741 2883.29 2029.71
27745 868.09 2108.87
27748 310.053 2107.95
27751 1011.47 2203.15
27752 2778.88 2151.26
27753 2778.88 2151.27
27761 2550 2177.83
27762 2780.58 2033.41
27776 1542.79 2297.74
27777 1542.79 2297.74
27784 3412.05 2098.26
27793 2640.69 2031.73
27794 1616.73 2080.02
27804 3930.15 1965.19
27805 3506.99 2214.4
27806 3803.4 1960.45
27807 1584.8 2333.18
27812 2959.89 2283.74
27814 2568.09 1883.6
27818 2656.67 2039.35
27830 3036.07 2033.52
27832 477.691 2154.98
27838 1105.87 2394.76
27840 1977.45 2539.74
27851 1307.8 1995.59
27855 249.06 2341.85
27863 4003 2167.65
27885 3120.94 1930.91
27887 1702.57 2153.88
27896 2922.64 2029.11
27899 4350.64 2056.53
27910 2862.45 2015.24
27924 2733.16 2105.27
27925 3541.46 1968.94
27936 3544.07 2080.25
27944 2011.09 2146.93
27945 2011.09 2146.93
27955 3252.1 2087.19
27961 1899.94 2264.72
27964 2824.21 2029.95
27979 808.836 2259.33
27984 2211.3 2131.1
28009 3418.91 2086.71
28012 3166.26 2066.58
28016 3911.52 2031.74
28048 3575.42 2319.59
28053 3403.34 2216.01
28060 3459.15 2091.1
28062 3502.65 2059.72
28095 1683.27 2112.84
28097 2797.29 2036.92
28098 2797.29 2036.92
28119 235.995 2531.96
28129 3048.13 2064.29
28152 3420.31 2161.07
28243 1204.26 2100.33
28299 1816.41 2027.79
28300 1816.41 2027.79
28325 227.879 2356.05
28377 1637.55 2020.34
28397 214.633 1855.56
28401 3845.12 2085.43
28432 179.965 2186.35
28440 2028.41 1988.44
28468 1739.22 2049.42
28479 656.676 1632.88
28483 624.908 1698.03
28485 1399.82 1949.35
28566 362.37 2210.31
28602 1908.68 2103.32
28645 1777.51 1936.43
28659 1810.92 2262.97
28674 2880 2093.71
28705 3889.21 1972.59
28962 3914.4 1952.53
28987 944.117 2313.66
29169 944.837 2537.47
29272 3582.25 1970.46
29300 1551.78 2019.81
29359 1134.49 1828.37
29363 1822.69 2141.72
29395 1782.94 1977.81
29530 1300.17 2274.1
29535 3480.69 2114.49
29786 754.137 1860.33
29953 1274.47 1966.74
29974 644.312 1634.84
29977 1725.45 2019.79
30019 1784.78 1926.65
30070 3972.35 1895.11
30917 2221.47 2333.79
31247 1427.88 1831.57
31282 1245.69 1956.81
31302 979.961 1847.72
31386 391 1684.51
31553 910.386 1874.54
31563 867.675 1929.71
31574 975.747 1785.52
31613 197.437 1314.52
31617 991.036 1763.33
31674 545.178 1811.94
31827 1329.1 1999.61
31878 1093.32 1857.44
31908 1391.71 1890.74
31917 771.631 2008.73
32046 1114.68 1831.67
32062 1381.68 2019.73
32188 995.268 1791.39
32189 995.268 1791.39
32231 1516.69 1892.08
32274 884.067 2705.8
32289 1429.96 2017.36
32290 1429.96 2017.36
32322 2653.57 1949.19
32370 1452.06 2011.43
32412 920.237 1800.88
32418 723.865 1600.6
32631 1311.96 1962
32650 1485.83 1889.45
32652 1458.46 1941.99
32774 1411.18 2024.9
32810 1528.47 1873.2
32835 232.818 1800.86
32839 213.157 1338.28
32848 1373.85 1991.46
32879 1449.97 1957.34
32918 2380.29 1853.06
32970 1368.61 1870.81
32982 937.369 2003.43
33137 1258.85 1993.48
33162 1351.56 1870.61
33194 607.967 1741.28
33203 2385.15 1836.28
33243 1054.96 1924.44
33246 1379.2 1850.64
33316 1409.12 1851.22
33332 1077.42 1920.51
33432 642.182 1695.17
33446 812.21 1895.47
33491 1402.38 1812.17
33510 1197.7 2305.24
33555 1374.53 1836
33613 1142.62 1816.47
33615 786.483 1342.57
33643 2390.65 1816.78
33780 1354.45 1884.92
33919 909.613 1975.61
33935 1059.05 1942.71
34078 1400.94 1992.36
34129 1391.05 1855.38
34261 1277.2 1991.44
34291 1405.39 1828.57
34346 217.067 1806.64
34387 2319.56 1894.2
34548 1417.26 1786.07
34613 1075.61 1810.14
34750 78.1006 2139.46
34764 1398.75 1865.97
34832 1337.41 1946.63
34855 2225.32 1883.64
34886 1490.36 1980.98
34890 734.313 1846.17
34896 1520.4 1927.23
34897 1076.34 1884.67
34906 890.232 1820.7
34928 511.077 1841.87
34944 2423.69 1779.04
35009 588.805 1379.04
35062 1020.23 1923.25
35083 1307.8 1995.59
35085 1439.33 1967.46
35113 2450.94 1965.58
35397 524.43 1828.13
35445 1475.05 2010.04
35457 2358.29 1851.14
36208 1344.21 1968.26
36500 614.763 1017.11
36536 196.534 1329.62
37321 271.791 1143.48
38630 897.379 3115.93
38730 383.242 863.163
38789 542.986 1203.5
39382 334.872 1019.29
39734 880.232 3656.82
40260 1092.73 3020.57
40516 818.076 1121.85
40656 878.821 3367.94
40923 977.596 1182.32
40956 910.192 905.4
44829 378.792 3451.83
46372 943.016 2724.94
46580 2492.02 2425.23
46643 511.965 2622.26
46763 933.695 2607.52
46774 449.042 3048.86
46887 757.712 3626.3
47264 2038.18 2497.49
47288 794.415 2575.03
47328 841.976 2495.52
47353 164.837 2611.65
47449 1217.07 2417.28
47486 859.783 2651.62
47510 1041.4 2553.32
47514 841.347 2609.27
47518 1443.46 2412.24
47540 1114.03 2980.6
47603 1397.25 2450.91
47626 1387.78 2680.37
47631 1341.1 2551.03
47632 1287.59 2601.18
47649 1456.8 2457.08
47663 1295.85 2478.11
47680 1283.86 2490.92
47699 1344.02 2607.75
47715 1255.56 3077.69
47716 1387.45 2351.8
47726 1394.24 2621.22
47731 1443.58 2503.54
47735 164.894 2521.28
47745 2534.2 2437.75
47751 1378.26 2322.25
47795 1411.43 2416.88
47802 2522.88 2382.75
47826 1002.42 2714.83
47839 1286.68 2410.65
47860 2379.79 2456.31
47863 1000.51 2572.54
47875 1015.06 2572.59
47890 2415.47 2599.67
47911 962.316 2447
47983 1024.29 2595.89
47996 1434.82 2550.33
48007 1325.55 2474.59
48023 944.378 2644.67
48036 992.054 2519.34
48113 3589.83 2291.42
48114 4040.55 2329.64
48150 1382.79 2593.09
48187 578.689 2739.69
48212 1402.89 2461.12
48217 3909.37 2213.86
48241 2653.58 2270.38
48269 202.634 2679.53
48322 2368.81 2563.51
48344 1346.89 2373.65
48349 546.286 3613.12
48353 2214.35 2385.56
48354 951.501 2650.86
48402 544.604 2685.75
48415 182.456 3276.63
48420 1053.19 2585.58
48429 327.257 2858.45
48441 171.937 2558.02
48447 1270.96 2559.8
48461 443.551 2491.88
48512 1439.43 2575.57
48528 634.713 3541.77
48534 894.78 2730.43
48544 3549.5 2250.44
48632 1066.2 3486.43
48634 1333.3 2577.05
48713 1216.24 2874.91
48724 409.864 2548.11
48726 946.641 3252.88
48753 1117.85 2867.82
48754 3911.15 2266.47
48756 1279.31 2386.04
48770 566.474 2509.92
48810 1035.68 2405.22
48817 413.236 2819.22
48872 313.034 2916.62
48925 1481.71 2613.63
48928 965.985 3506.13
48934 1042.52 2672.83
48968 1164.51 2613.79
48978 795.868 2391.92
49000 578.601 2432.67
49025 1637.27 2480.79
49027 3678.56 2083.3
49060 863.376 3280.83
49068 1103.58 3204.81
49079 2363.64 2368.19
49104 38.1997 1571.75
49119 1013.55 2601.16
49120 933.869 2931.37
49144 269.507 3545.06
49149 48.229 1829.54
49152 1302.85 2371.36
49153 1375.64 2394.01
49178 667.459 3059.7
49183 3977.95 2333.68
49210 2477.65 2421.03
49229 2356.98 2346.03
49231 1329.76 2521.67
49253 1281.69 2346.95
49270 1506.01 2462.1
49274 2668.33 2256.16
49280 2535.08 2458.06
49312 802.89 2288.14
49333 162.537 1909.38
49347 971.538 2500.78
49360 278.013 622.594
49374 972.856 2681.98
49400 1414.49 2314.38
49401 1357.92 2559.89
49427 2470.96 2385.82
49455 1904.31 2463.62
49461 1270.53 2597.34
49483 845.546 2653.76
49512 266.306 736.605
49528 896.617 2659.97
49536 954.458 2430.44
49547 883.791 2742.45
49605 1398.25 2496.48
49617 933.208 2408.08
49659 584.211 3163.7
49708 486.831 777.657
49714 1309.09 2395.86
49721 1401.91 2643.83
49805 1370.51 2592.49
49885 1174.89 3433.27
49919 820.527 3400.14
49927 2472.49 2518.55
49938 214.548 3289.65
49973 2601.72 2462.31
49974 1299.1 2328.43
49982 1329.74 2272.92
50024 71.783 2200.49
50042 1220.55 2517.91
50074 1199.32 3301.95
50078 583.677 596.121
50079 410.045 2399.59
50093 1235.37 2410.58
50094 1235.37 2410.58
50106 304.746 1090.49
50134 2523.15 2355.77
50139 454.985 2230.63
50146 1266.9 3312.51
50217 1292.18 2514.51
50228 2513.44 2321.66
50229 2598.83 2405.31
50230 2598.83 2405.31
50245 559.836 525.566
50264 953.26 3300.21
50267 1277.02 2144.94
50269 2459.03 2120.51
50286 1331.19 2347.54
50317 892.761 2761.45
50393 1303.76 2496.97
50414 594.195 3510.77
50444 649.613 530.275
50451 209.688 3145.01
50470 1239.36 2372.93
50494 1435.96 2635.15
50500 599.409 402.921
50501 65.3768 1308.91
50511 2582.07 2402.8
50528 597.843 847.775
50531 2071.03 2339.63
50573 518.547 2537.83
50575 1415.39 2431.82
50599 839.695 2232.83
50639 401.641 2724.86
50652 983.161 2496.28
50657 238.919 1395.58
50659 627.843 421.351
50711 1316.17 2661.25
50712 737.407 2452.53
50715 1929.97 2389.98
50719 2475.29 2334.56
50773 2014.26 2351.5
50775 3650.9 2220.75
50861 18.0819 3035.76
50884 297.037 493.021
50894 615.475 390.081
50901 1580.69 2402.24
50965 120.367 1302.99
51004 1321.21 2430.06
51024 1312.91 2437.76
51049 4183.02 2130.08
51086 243.992 2777.91
51101 499.016 2597.04
51105 616.865 754.993
51126 970.993 2528.82
51142 2199.75 2515.76
51171 567.849 2496.53
51186 1465.02 2629.79
51210 169.165 3135.05
51229 132.894 1844.75
51230 41.5289 2276.28
51235 3973.47 2180.22
51313 2028.87 2442.91
51365 1059.04 3446.08
51378 1073.54 3229.56
51384 455.916 683.011
51415 1125.32 2938.45
51452 1427.23 2605.35
51457 2312.21 2287.69
51460 435.036 2117.22
51480 813.006 2082.52
51530 1303.28 2228.32
51546 163.3 2848.52
51551 1451.92 2612.61
51556 362.784 2866.02
51557 1509.08 2347.07
51558 806.181 2187.65
51612 460.415 2520.15
51613 1283.45 2579.34
51616 1729.44 2388.38
51625 1168.44 3573.96
51626 2489.6 2483.33
51640 1750.77 2362.26
51646 141.09 1949.29
51671 809.043 3624.43
51727 2226.88 2159.26
51753 2348.72 2223.54
51757 748.249 2093.05
51759 609.302 2451.09
51779 864.868 2431.52
51785 664.128 3579.65
51790 175.529 3400.43
51803 2596.1 2381.01
51810 1087.91 2989.1
51817 21.9788 2368.76
51836 1390.26 2087.32
51880 2388.79 2490.19
51897 1268.35 2355.73
51912 2445.03 2526.02
51922 473.425 1159.38
51981 488.151 744.572
51995 947.731 2413.77
52029 187.433 415.809
52039 2113.27 2256.27
52040 1316.17 2270.54
52041 1301.36 2181.64
52049 4049.76 2025.08
52080 623.471 2324.53
52090 479.196 1947.03
52116 437.19 3065.69
52130 1441.23 2126.77
52143 1261.71 2109.16
52144 548.4 203.433
52145 1366.74 2549.83
52156 888.683 2777.13
52157 888.683 2777.13
52160 661.521 3028.96
52172 422.998 1149.27
52173 422.998 1149.27
52190 2763.36 2321.58
52198 142.892 3184.28
52201 2072.54 2558.41
52232 1245.36 2087.07
52240 113.296 2269.5
52249 297.874 2827.24
52276 936.487 2259.07
52294 843.943 2086.04
52295 517.312 2432.8
52296 517.312 2432.8
52329 3996 1980.19
52333 1385.18 2210.09
52347 891.992 2542.26
52351 1435.71 2271.79
52371 2507.93 2472.25
52372 797.251 2519.37
52373 797.251 2519.37
52392 3727.63 2143.43
52402 684.071 3467.91
52403 198.757 3154.53
52413 1254.83 3275.43
52424 1422.69 2509.21
52447 533.064 2476.18
52448 3982.78 2267.78
52463 661.945 2591.42
52464 661.945 2591.42
52466 1385.62 2179.01
52486 125.893 2583.58
52507 347.507 505.189
52547 2580.31 2250.37
52552 402.523 927.336
52562 1079.01 3508.75
52569 2548.94 2421.33
52590 1195.26 3437.28
52598 1020.99 2433.76
52653 2552.09 2182.91
52659 242.274 1595.4
52696 3736.44 2024.01
52697 1355.59 2126.55
52716 470.128 2587.18
52730 463.636 818.576
52732 234.782 2690.51
52745 438.41 2471.93
52749 1215.28 3299.47
52763 348.506 1049.18
52766 920.21 2683.43
52767 829.576 2203.98
52772 964.149 3326.84
52780 1121.06 3017.54
52784 1114.94 2410.66
52788 1171.79 3646.58
52796 945.353 3452.09
52810 442.449 2057.81
52855 1050.17 3540.98
52860 1357.79 2217.85
52892 973.702 619.508
52902 1354.3 2677.62
52923 1345.41 2164.9
52934 985.063 2219.2
52936 1195.43 3046.58
52948 57.6188 2302.65
52964 831.141 2329.75
52966 2429.21 2170.98
52968 759.977 380.106
52997 123.914 2504.25
53011 586.682 3120.02
53020 943.8 522.227
53021 923.089 694.853
53041 1196.7 2263.07
53045 1234.72 2349.49
53057 61.1657 793.987
53076 1307.8 2076.71
53080 687.619 2681.06
53112 2414.56 2188.62
53123 1295.76 3078.98
53129 591.44 1229.54
53136 369.682 3437.15
53139 803.287 991.84
53143 1287.13 2211.27
53144 730.987 2491.11
53149 2333.94 2304.92
53159 1382.1 2241.9
53165 1226.37 2921.9
53166 1393.48 2056.86
53184 516.467 2822.08
53195 593.396 2573.2
53196 593.396 2573.2
53202 643.304 1780.4
53208 335.077 1422.05
53239 4275.41 2162.79
53240 387.79 3649.22
53241 1203.71 2155.28
53261 1261.71 2109.16
53285 1273.86 2229.2
53313 448.735 2264.07
53324 69.06 2404.6
53328 2290.57 2234.17
53338 254.494 2784.05
53347 2421.3 2293.56
53348 4040.92 2078.88
53352 2649.72 2499.46
53355 2300.04 2348.67
53356 1325.55 2474.59
53358 944.453 2127.82
53377 2648.5 2462.16
53378 691.915 2080.18
53379 278.013 622.594
53386 48.3365 1987.51
53392 107.079 1067.24
53412 496.075 2946.37
53430 1870.63 2433.63
53431 481.568 2514.96
53435 2290.53 2278.07
53437 718.593 716.564
53442 932.534 2316.52
53453 629.545 394.228
53454 1319.33 2153.25
53458 922.259 944.314
53462 558.307 2699.49
53482 2347.01 2062.96
53485 832.584 170.821
53486 832.584 170.821
53497 3488.05 2180.31
53515 270.794 2523.38
53516 1405.96 2071.45
53521 836.773 2636.43
53528 995.618 2387.59
53534 874.514 1052.85
53537 745.432 3067.49
53540 1584.57 2526.19
53550 1449.98 2203.39
53557 2493.56 2217.72
53566 1292.25 2122.07
53576 330.852 3578.16
53583 842.341 0.823867
53586 1382.74 2278.14
53593 3839.24 2242.82
53597 1122.63 2363.78
53610 200.269 1632.79
53634 579.426 2414.51
53645 432.32 2468.78
53651 578.946 1082.89
53666 2375.04 2533.14
53669 576.902 3538.67
53676 931.971 2335.01
53692 894.494 1026.69
53697 1888.8 2162.79
53700 639.989 342.718
53703 2485.1 2519.57
53708 908.322 3354.01
53709 908.322 3354.01
53717 3367.48 2179.97
53744 1226.4 2105.91
53745 1156.1 2860.98
53759 225.505 1630.58
53760 225.505 1630.58
53765 132.416 1173.42
53771 551.298 2334.6
53776 842.623 2116.73
53804 1433.91 2302.25
53827 904.771 399.995
53828 904.771 399.995
53829 549.322 2048.86
53830 1182.73 2293.22
53837 919.807 763.094
53852 373.876 2164.45
53876 423.183 2458.48
53918 3818.48 2196.13
53924 328.226 1203.39
53940 626.523 2569.3
53942 1566.95 2171.66
53943 814.982 2521.23
53945 809.62 2223.87
53946 809.62 2223.87
53949 620.204 1901.32
53951 620.204 1901.32
53952 849.149 2420.81
53957 132.28 2117.9
53976 1342.12 2485
53997 134.979 2025.33
54005 1808.97 2209.43
54006 927.301 2681.25
54018 178.887 1514.5
54020 1389.54 2151.19
54025 237.699 454.884
54027 215.929 3455.42
54037 254.795 2522.53
54053 3812.27 2311.13
54073 2348.22 2315.06
54075 582.674 1210.28
54082 425.953 957.842
54091 1829.22 2316.41
54096 69.1619 1554.71
54099 2532.98 2491.62
54105 625.782 762.575
54143 1273.51 2991.72
54154 1421.82 2308.49
54158 1022.65 2245.62
54160 280.763 2285.65
54168 194.741 2363.96
54184 1153.98 3302.97
54194 1163.23 3103.53
54209 1205.04 3256.65
54217 842.006 3503.21
54218 1074.64 3193.42
54225 644.858 2604.31
54227 2505.36 2262.13
54232 814.849 2049.62
54242 2644 2057.48
54250 1160.31 3602.97
54251 1160.31 3602.97
54260 239.424 842.494
54262 147.084 2071.95
54263 287.446 2381.78
54268 405.923 2941.45
54271 918.956 3195.11
54275 888.535 2841.91
54278 592.238 1261.45
54280 168.426 2279.23
54286 1417.84 2150.45
54293 1272.02 2296.26
54295 3845.12 2085.43
54314 556.344 1884.69
54322 1238.94 2283.97
54330 1201.23 2969.91
54331 1149.73 3612.18
54335 635.899 3054.57
54336 797.783 2333.25
54339 576.711 2085.74
54344 114.536 2391.96
54345 1242.37 2179.57
54347 1255.72 2293.27
54348 1229.06 3290.14
54362 323.834 2609.13
54370 2270.78 2424.53
54371 2178.61 2291.35
54378 1017.36 3568.42
54381 570.505 2110.22
54382 1257.19 2254.07
54383 93.615 2363.47
54387 459.73 2738.34
54392 242.743 1068.06
54394 1115.42 3424.08
54399 108.933 1923.03
54401 2347.81 2105.75
54420 409.59 3522.42
54421 2618.84 2069.21
54424 2294.9 2299.1
54426 362.315 1394.16
54432 1077.99 2380.81
54436 1458.16 2354.06
54437 509.508 2877.52
54439 788.998 1708.59
54449 673.357 2646.63
54458 905.659 2338.71
54461 3228.62 1973.45
54478 629.216 1250.46
54481 946.38 2073.95
54482 3476.07 2215.54
54483 1746.86 2148.68
54484 1302.07 3251.79
54487 1393.82 2657.18
54489 740.828 2235.1
54505 1675.84 2415.66
54510 1525.29 2505.1
54511 3719.18 2152.74
54514 501.532 2008.13
54520 461.799 3637.38
54522 464.746 2332.95
54530 1388.73 2121.8
54538 592.764 2158.47
54543 366.79 1472.79
54547 1196.34 3337.91
54553 65.6442 1242.75
54562 718.766 2380.8
54564 915.256 2386.4
54570 1234.78 3175.91
54583 1059.86 2678.32
54586 709.68 2549.3
54587 558.741 2107.83
54588 558.741 2107.83
54597 879.427 2328.65
54621 937.579 2575.33
54622 2131.32 2535.39
54623 514.807 637.94
54640 1357.13 2267.78
54645 117.389 1427.17
54649 795.872 2266.47
54655 53.6538 2503.85
54665 973.341 2182.45
54667 229.763 1039.53
54671 831.12 2077.19
54686 1193.41 2223.79
54691 727.55 2341.88
54699 345.834 1332.67
54702 164.525 2307.45
54718 286.213 1396.65
54719 802.883 2024.79
54725 489.667 2380.29
54727 603.162 757.733
54731 321.094 859.269
54732 215.873 3154.13
54737 105.187 2255.34
54743 781.559 2562.62
54746 1136.64 2284.71
54749 636.746 2311.31
54750 3722.57 2088.3
54760 2477.49 2193.19
54771 1488.59 2299.47
54773 2653.58 2270.38
54775 2246.1 2368.34
54776 507.078 1297.94
54778 1188.73 3016.24
54783 2615.75 2183.37
54787 1271.79 3190.43
54788 1875.32 2452.9
54790 385.874 2549.55
54799 1923.52 2442.09
54800 1923.52 2442.09
54802 1084.85 3428.04
54804 2328.6 2391.04
54809 220.706 3258.09
54813 109.96 2073.34
54814 982.829 2360.5
54824 834.059 3612.65
54826 3806.53 2079.62
54830 856.514 154.774
54831 750.844 273.073
54832 564.87 1057.94
54835 1847.28 2379.08
54836 1257.34 2861.06
54848 565.457 2624.49
54850 769.851 3576.92
54852 1399.82 1949.35
54853 261.997 2661.34
54855 1427.23 2605.35
54856 890.676 959.087
54867 1610.41 2620.17
54868 763.573 3255.78
54870 92.8267 590.707
54871 852.19 2551.83
54872 261.997 2661.34
54875 1244.39 3462.23
54877 57.6561 3254.31
54885 419.706 122.044
54886 363.625 2119.36
54887 1335.46 2440.58
54889 279.958 353.602
54891 755.037 2309.79
54893 895.438 2630.54
54894 55.845 3508.49
54900 997.755 3563.77
54905 171.099 3552.09
54906 171.099 3552.09
54912 71.5388 3271.71
54915 855.43 2198.24
54919 484.861 2806.63
54920 2479.87 2450.28
54922 1063.62 3281.57
54929 1248.09 3184.12
54930 375.611 1108.84
54934 71.783 2200.49
54938 875.053 1101.05
54940 2538.61 2059.22
54946 977.348 2035.85
54947 2644 2057.48
54953 818.773 1107.51
54956 829.402 2844.99
54957 214.659 2500.55
54962 341.744 3535.2
54963 1541.47 2452.34
54966 1017.31 2616.96
54973 907.983 2457.63
54975 1211.59 3015.51
54979 582.69 2812.07
54981 609.273 1196.14
54983 1499.32 2700
54989 538.963 39.2331
54991 779.027 2206.7
54992 779.027 2206.7
54996 592.999 1261.69
55002 1621.89 2283.88
55011 2089.37 2526.52
55016 399.657 2404.93
55018 867.706 2458.25
55021 2395.64 2335.37
55023 606.343 1156.98
55025 182.276 553.748
55031 1206.56 2042.93
55036 1266.57 2081.12
55037 528.703 3455.61
55039 511.364 3474.98
55040 87.1078 695.061
55042 42.2748 2363.86
55044 208.294 2756.88
55049 1559.23 2340.16
55053 572.806 329.544
55054 572.806 329.544
55056 419.849 1310.77
55057 194.774 2703.91
55060 461.621 2440.18
55061 806.125 3422.26
55063 495.204 1082.37
55064 1347.54 2084.31
55065 452.819 1363.59
55080 767.485 2481.94
55083 625.275 539.273
55084 688.979 1083.98
55085 2342.28 2500.45
55091 210.131 1523.84
55092 2423.18 2341.38
55098 555.377 1357.07
55106 1032 2715.18
55118 1310.36 2037.18
55126 381.626 3065.43
55130 1534.38 2726.19
55132 2141.23 2479.25
55136 34.9963 1939.06
55142 969.617 3429.15
55144 1196.4 3367.29
55155 114.157 2241.47
55158 834.876 1178.06
55163 2150.15 2322.22
55166 1243.5 3282.31
55172 1249.75 2033.19
55174 1267.28 2060.02
55180 1024.83 986.856
55184 862.385 2041.64
55188 597.974 2457.27
55190 218.405 3198.74
55195 1053.37 3370.04
55209 379.517 532.839
55210 1281.81 2055.7
55212 1020.12 1189.22
55214 1173.19 3607.52
55217 842.583 -0.474465
55228 646.641 3031.75
55230 211.83 876.534
55232 320.204 2233.25
55235 781.198 2826.2
55236 1418.6 2797.81
55240 1072.61 3437.96
55241 344.105 1687.12
55242 1251.77 2661.17
55243 348.039 3513.19
55246 968.875 2706.35
55248 509.028 480.24
55250 732.601 3645.18
55251 731.934 3645.97
55256 1144.47 2639.7
55257 453.818 1544.96
55260 4080.25 2084.19
55264 825.25 2932.46
55265 824.571 2932.95
55271 487.73 2489.12
55274 473.852 419.428
55276 1204.7 2930.77
55284 434.587 2729.92
55285 238.516 430.484
55288 801.186 3343.39
55289 474.793 2690.97
55290 474.793 2690.97
55296 89.3069 2609.68
55297 3681.09 2167.29
55304 159.291 664.996
55305 207.003 3273.9
55306 506.935 652.055
55309 1067.47 2651.11
55310 2568.16 2141.35
55313 2146.92 2146.36
55316 1318.88 2452.95
55318 318.283 270.031
55320 556.544 1388.04
55321 2091.39 2226.46
55325 1018.63 3171.69
55330 212.247 496.39
55338 382.408 1628.42
55339 466.271 2604.42
55340 2421.3 2293.56
55346 1110.81 3063
55349 281.663 976.035
55351 1730.58 2091.75
55352 4356.59 2080.99
55354 911.345 2235.8
55358 1551.51 2152.9
55365 181.027 2152.71
55367 553.457 2128.21
55368 934.063 1196.42
55369 497.396 3232.92
55375 353.352 2498.85
55378 1151.57 2581.89
55380 79.8971 1059.52
55381 546.356 2545.35
55382 646.975 1735.59
55383 672.985 2572.71
55384 994.626 1259.29
55388 935.349 2271.72
55389 890.765 710.057
55394 3431.57 2191.91
55395 586.165 126.229
55396 238.507 1498.2
55400 2945.91 2342.97
55403 1822.62 2141.76
55405 724.841 1835.9
55409 2458.87 2067.32
55412 2416.51 2440.16
55413 2349.01 2122.61
55418 610.278 221.028
55420 530.888 214.021
55422 1783.29 2225.38
55427 1408.02 2917.36
55431 2573.84 2093.16
55434 602.022 2403.31
55441 2472.37 2211.08
55446 2398.3 2048.4
55447 2398.3 2048.4
55448 132.215 2060.69
55452 434.208 2452.71
55459 496.637 1910.91
55460 496.637 1910.91
55466 496.209 1255.82
55470 74.636 510.734
55474 1193.91 1843.01
55476 662.282 659.257
55479 889.763 1124.05
55480 161.117 1473.89
55481 850.249 206.287
55483 1294.89 2047.94
55487 2601.77 2488.16
55488 769.226 2365.12
55489 2447.41 2059.67
55502 2281.94 2176.08
55503 1292.14 2158.48
55508 899.071 3344.45
55510 46.1745 866.756
55513 517.749 2538.15
55515 909.776 2306.46
55517 1434.88 2289.93
55518 2451.96 2191.21
55519 176.994 1750.76
55520 488.151 744.572
55524 21.3438 1794.1
55527 220.182 3278.15
55530 4395.93 2139.41
55534 996.885 3384.38
55535 996.885 3384.38
55537 2282.17 2086.96
55538 57.6451 568.002
55543 91.9217 2774.45
55547 1034.55 2165.64
55552 104.067 891.025
55555 55.6371 2597.19
55556 3373.41 1990.97
55559 373.045 338.527
55560 373.045 338.527
55562 594.79 1214.44
55563 594.79 1214.44
55564 739.16 850.127
55567 956.463 2210.45
55570 60.5908 1975.21
55571 369.189 275.551
55574 2678.06 2103.03
55578 893.752 1014.76
55582 1801.68 2247.42
55583 2421.41 2240.82
55584 681.813 1183.25
55586 250.307 1333.88
55588 698.157 2123.75
55589 1283.91 2311.61
55594 580.77 229.486
55596 3517.87 2214.22
55597 1370.61 2567.24
55599 1601.9 2280.05
55600 1601.9 2280.05
55603 627.74 911.83
55607 519.493 1963.14
55608 3896.34 2045.99
55610 140.565 2733.82
55613 1481.02 2126.68
55614 221.86 1233.9
55616 718.073 2381.04
55622 425.272 1586.4
55625 3831.9 2108.38
55626 187.029 2731.14
55630 337.871 611.078
55632 1389.51 2365.89
55636 251.144 2741.96
55638 780.557 638.334
55639 926.13 2051.85
55640 153.589 1217.59
55642 438.856 2004.21
55643 492.587 1889.18
55644 1237.31 3145.79
55646 3938.5 2199.81
55648 1013.17 2050.4
55649 636.746 2311.31
55651 1021.62 1956.79
55652 1080.42 3328.18
55653 365.297 2319.34
55654 365.297 2319.34
55655 1374.76 864.39
55657 1358.6 2212.15
55658 812.575 3297.86
55659 168.041 1259.21
55660 4107.64 1990.13
55662 803.629 1189.23
55663 1104.99 574.668
55664 1245.07 3497.72
55665 753.831 1266.51
55666 1029.54 577.113
55669 1035.29 3340.78
55670 2657.83 2145.3
55673 387.324 1059.13
55674 276.831 2917.33
55675 276.831 2917.33
55676 2190.68 2161.35
55677 1352.65 1326.79
55678 698.565 1257.74
55681 3261.47 2194.83
55682 3261.38 2194.78
55683 2477.49 2193.2
55684 449.549 1087.06
55685 312.964 2247.16
55686 312.964 2247.16
55688 1063.26 566.915
55689 1317.27 1354.89
55691 1283.72 1127.84
55692 903.763 3322.54
55693 194.741 2363.96
55694 1717.63 2380.71
55695 1717.63 2380.71
55696 848.737 1156.04
55700 1152.58 3384.73
55701 1485.25 2668.81
55702 1485.25 2668.81
55704 803.572 1155.98
55705 2088.11 2217.69
55708 1561.98 2166.99
55709 1561.98 2166.99
55710 284.051 2079.4
55711 1243.08 445.642
55712 706.442 1185.34
55714 897.855 2377.16
55715 1212.62 1174.39
55716 755.972 1204.74
55717 2185.69 2287.78
55718 2185.67 2287.81
55721 779.813 944.532
55722 1966.51 2419.92
55723 1447.23 2042.32
55725 2582.19 2148.37
55726 602.187 3094.01
55727 939.795 1917.82
55728 852.729 3212.37
55729 1202.33 3388.12
55730 888.883 2602.96
55731 1079.01 3508.75
55734 858.034 2018.15
55735 2075.71 2303.98
55736 1007.99 2410.66
55737 1192.66 659.155
55738 1192.66 659.155
55739 1271.79 3190.43
55740 1092.99 1015.98
55741 1407.62 735.641
55742 4294.06 2156.54
55743 2391.21 2655.87
55744 1763.65 2034.07
55745 678.993 1213.37
55746 1242.62 485.294
55747 1237.14 562.229
55748 649.964 988.056
55749 1381.71 2809.53
55751 802.566 2251.75
55752 1935.76 2488.15
55753 1309 447.52
55755 1148.43 2359.23
55756 1114.59 1111.05
55757 1418.96 2266.42
55758 3368.19 2010.09
55759 828.63 646.153
55760 900.802 1337.8
55762 1841.63 2069.03
55763 829.437 2688.67
55764 1282.74 3042.32
55765 1257.26 539.28
55766 1257.26 539.28
55767 2233.93 2441.85
55769 1289.75 1172.27
55770 982.597 554.751
55771 2312.42 2001.2
55772 1195.47 2373.98
55773 1263.11 1178.13
55776 787.412 851.107
55778 3911.15 2266.47
55779 1114.94 2410.66
55781 2455.7 1960.01
55782 748.586 2393.03
55783 1158.64 2031.8
55785 1035.6 853.316
55786 939.384 3419.33
55787 235.94 1154.17
55788 260.126 2819.35
55789 165.484 3209.62
55792 839.869 2045.32
55793 1216.95 471.137
55795 197.282 1377.21
55796 984.108 527.261
55798 64.4626 1308.7
55799 216.583 1695.73
55800 1239.69 1270.56
55801 489.648 944.844
55803 341.867 1626.57
55804 1243.87 3462.98
55805 1117.52 772.964
55806 1121.96 2259.71
55807 2464.82 2090.67
55809 779.258 1157.76
55810 2946.33 1943.43
55811 1405.51 649.957
55812 958.22 1123.94
55814 1667.48 1968.05
55817 1278.15 555.486
55819 356.742 806.626
55821 715.632 707.258
55822 4010.86 1943.33
55823 640.703 1344.91
55824 93.0099 1162.52
55827 1273.3 648.1
55828 1386.09 866.616
55829 814.863 2012.74
55831 1100.15 1906.44
55833 1056.96 1274.08
55834 3724.85 2041.9
55835 3724.85 2041.9
55836 334.277 3456.82
55837 653.879 781.917
55838 1110.44 959.767
55839 470.258 2038.35
55840 1799.96 2206.88
55843 1162.88 713.736
55845 80.7314 1267.04
55846 80.7314 1267.04
55848 425.523 1922.63
55850 723.036 967.261
55851 1287.12 392.991
55852 2498.04 2090.78
55854 89.845 2560.46
55858 1213.49 1318.74
55859 979.672 488.622
55861 1151.37 883.083
55866 883.896 1610.49
55868 1640.77 2346.12
55869 188.224 1334.24
55870 361.104 2519.9
55871 1221.76 1354.04
55873 1312.94 2053.78
55874 849.65 2015.73
55875 3708.5 2212.68
55876 2662.81 2212.71
55877 914.696 2841.53
55878 952.622 3300.88
55879 952.622 3300.88
55881 253.472 991.884
55882 447.316 3282.43
55883 1135.28 1167.82
55884 2332.66 1974.89
55885 2217.34 1966.61
55886 1825.07 2367.69
55887 1825.16 2367.6
55888 785.012 1856.97
55891 259.106 936.591
55892 994.721 2069.69
55894 116.56 1118.92
55895 1451.58 2694.85
55897 1223.4 811.604
55898 2335.81 2021.78
55900 468.702 2539.25
55901 847.55 2662.03
55903 1276.25 2427.98
55904 1268.46 2039.68
55905 810.207 1908.96
55906 1189.71 3106.59
55907 887.261 1870.53
55908 458.076 1522.95
55910 1244.06 992.748
55911 776.43 2241.66
55912 776.43 2241.66
55913 1044.99 3434.42
55915 1753.3 2001.26
55918 1258.22 1054.7
55921 577.944 3286.93
55922 148.182 1314.4
55923 3352.12 2265.77
55924 2241.47 1965.11
55925 590.926 896.113
55926 1531.84 2049.51
55927 325.62 2574.27
55928 1464.11 1988.98
55929 1345.68 1903.58
55930 198.308 1220.61
55931 485.737 897.345
55933 818.696 1292.63
55934 77.167 852.074
55935 503.67 1859.68
55937 646.174 2932.55
55938 3832.32 1981.26
55939 2635.29 1953.09
55943 1228.01 1445.02
55944 1348.59 1114.69
55945 405.205 2750.76
55947 1257.62 2227.17
55948 2290.99 2016.43
55949 693.868 2520.68
55950 1285.34 3145.28
55951 2486.19 1977.68
55953 1388.67 1105.93
55955 2178.06 2439.68
55957 218.115 1176.68
55958 970.329 1380.87
55959 866.491 578.424
55961 258.912 904.338
55962 819.988 1761.78
55965 1036.62 590.223
55966 822.831 3427.18
55967 929.559 3253.17
55968 1420.48 2110.72
55969 71.6928 1329.42
55970 4039.43 2107.66
55971 1958.76 1899.97
55972 2850.3 2407.56
55973 1330.51 1932.12
55974 67.128 2448.75
55977 396.65 1108.49
55978 3729.2 2121.06
55980 2489.49 2005.47
55981 2489.49 2005.47
55983 580.085 683.053
55984 809.07 2920.5
55985 365.133 2082.69
55986 365.133 2082.69
55988 2204.21 2329.32
55989 2204.22 2329.28
55990 353.24 2790.33
55991 3230.43 2100.5
55993 743.462 918.875
55994 608.608 3435.39
55995 607.883 3436.09
55996 2652.52 1993.01
55997 2652.52 1993.01
55998 3738.41 2174.85
56001 892.507 1137.74
56002 892.507 1137.74
56004 627.258 2705.63
56005 3570.93 2387.45
56007 616.1 674.387
56008 381.184 2532.65
56009 1708.04 2322.13
56010 1356.5 474.062
56011 4076.24 2011.94
56012 4076.24 2011.94
56013 1110.54 1453.29
56015 124.318 1228.31
56016 1356.98 1355.82
56017 1049.21 3564.91
56019 246.632 2956.41
56022 1258.92 1082.14
56026 284.023 2832.94
56027 1421.96 2067.25
56029 541.426 1323.23
56031 1390.93 1831.66
56032 3933.97 2336.44
56035 1363.89 2652.5
56036 289.833 770.695
56037 2319.05 2435.98
56038 3774.35 2100.86
56039 1094.05 828.837
56041 3866.71 2238.84
56042 3866.71 2238.84
56043 935.374 3586.56
56044 2334.88 2001.42
56045 210.526 2380.31
56048 1075.4 1425.14
56049 210.435 1089.96
56050 681.583 1722.61
56052 1761.83 1976.01
56053 973.904 3396.91
56054 3758.8 2091.08
56055 805.296 1808.99
56056 1911.92 2489.13
56057 749.153 2131.07
56058 1047.64 660.416
56060 1275.34 1075.93
56062 1088.43 890.718
56063 537.009 2078.06
56064 1076.91 1211.7
56065 1127.99 1199.54
56068 1228.71 1324.7
56069 3614.66 2388.95
56071 839.603 2929.51
56072 152.479 1164.92
56073 153.376 1165.19
56074 2992.13 1937.31
56075 37.2104 2445.81
56077 284.125 1747.74
56078 284.125 1747.74
56080 890.968 1573.64
56082 2334.68 2038.32
56084 1976.26 2343.77
56085 2059.75 2012.45
56086 80.2853 941.235
56087 729.575 2581
56088 1473.32 2149.09
56089 2216.23 2174.82
56090 2976.66 2268.84
56092 734.802 2143.64
56094 1327.4 417.973
56095 4025.88 2010.41
56096 4025.88 2010.41
56097 435.33 516.17
56099 1159.61 1485.45
56100 598.66 682.639
56102 756.128 2520.06
56103 404.541 795.509
56104 404.541 795.509
56105 497.835 1025
56106 1105.48 1097.37
56107 202.76 1194.13
56108 1157.17 3642.52
56110 1359.41 539.031
56111 748.356 1364.61
56112 2682.63 2066.51
56113 404.579 1921.7
56115 538.864 2279.93
56116 362.185 3069.67
56118 1755.85 2080.87
56119 1136.55 1411.85
56120 1047.22 469.921
56121 1419.6 2096.68
56122 1230.85 1298.87
56124 1140.29 651.53
56125 1123.43 622.45
56126 472.198 2224.59
56127 809.043 3624.43
56129 2032.91 2098.76
56130 4013.51 2022.02
56131 257.498 963.439
56134 1048.5 627.04
56135 1035.13 3554.05
56136 2109.81 2163.85
56137 443.784 892.151
56138 1678.73 2223.01
56139 1212.99 1453.89
56140 887.199 1985.32
56143 521.009 2724.21
56145 1277.96 2181.26
56146 986.936 1233.63
56147 382.71 2727.24
56148 705.878 3041.67
56149 341.163 1708.45
56150 852.803 2703.67
56151 1346.62 2197.61
56153 1047.45 1142.66
56154 1755.6 1998.24
56155 1344.05 883.775
56157 2588.73 2391.49
56158 510.762 1032.5
56159 2348.91 1962.33
56160 1374.04 414.29
56161 1121.77 2918.79
56162 1015.57 1433.12
56163 93.9113 2311.19
56164 40.5783 2946.6
56165 739.429 1526.18
56167 3597.16 1961.13
56168 1305.28 2801.9
56169 365.343 1754.64
56171 1314.26 1013.56
56172 1051.82 1177.84
56174 1233.42 1027.13
56178 1150.87 812.393
56179 1081.92 985.417
56180 886.064 736.279
56181 991.441 3524.38
56182 757.066 1153.53
56183 148.063 2988.25
56185 588.219 1734.77
56187 2276.6 2234.31
56188 282.969 2026.33
56189 282.969 2026.33
56190 3965.29 1965.33
56191 963.331 3647.12
56192 1227.46 528.465
56193 472.272 1965.84
56194 233.476 1899.21
56195 222.219 2615.8
56196 159.593 2428.91
56198 353.959 2068.38
56201 940.541 1842.77
56203 1303.54 400.978
56205 1096.2 745.924
56206 1009.05 2097.01
56207 130.906 1901.88
56208 2583.52 2031.64
56209 1422.36 1825.65
56210 2653.44 2165.36
56211 1190.16 846.455
56213 47.3523 2099.71
56214 4113.98 2014.09
56216 931.075 930.978
56217 960.543 956.797
56221 933.682 1895.86
56222 92.0547 784.179
56223 1056.45 866.287
56225 73.5288 2555.93
56226 626.828 1425.24
56227 737.716 3159.05
56228 596.22 2480.99
56229 1337.28 495.303
56230 788.372 1708.55
56232 3429.03 2022.55
56233 1351.93 1241.9
56234 257.745 1908.83
56235 1813.75 2442.2
56237 397.442 3584.7
56238 921.653 943.954
56239 1233.31 2840.73
56240 994.103 1259.09
56242 220.784 2544.32
56243 948.149 2042.4
56244 1270.44 2335.75
56246 1153.19 1443.86
56247 1070.34 649.354
56248 2348.3 2078.66
56250 1119.93 1070.04
56252 444.189 3615.71
56254 1580.69 2402.24
56256 703.946 3447.56
56258 613.205 2656.81
56259 887.115 3470.82
56260 606.148 3077.3
56261 1380 1822.37
56263 14.4026 912.794
56264 1278.03 1054.74
56265 1950 2466.33
56266 400.222 2279.54
56268 1242.64 834.576
56269 245.152 2543.22
56270 1382.52 1870.01
56271 1263.96 2586.58
56272 3951.98 2301.66
56274 598.862 2251.52
56275 217.067 1806.64
56278 1272.39 449.507
56279 922.716 2592.87
56280 922.716 2592.87
56281 453.11 3133.53
56282 3429.48 1997.25
56285 332.612 1387.32
56286 1767.68 2099.68
56287 43.5668 3143.38
56288 636.615 1268.82
56289 1278.73 2853.9
56290 1278.73 2853.9
56291 1684.97 2307.34
56292 472.843 1574.44
56293 652.928 1625.19
56296 386.164 2747.2
56297 386.164 2747.2
56298 1392.68 1751.66
56300 2348.52 2005.3
56301 1907.67 2036.56
56302 1054.12 883.851
56303 66.1604 1771.19
56305 106.182 2350.08
56306 77.7347 1845.64
56307 1435.14 417.34
56308 1102.2 1217.09
56309 1104.41 1175.82
56310 4062 1969.21
56311 256.111 2749.85
56312 544.929 1834.81
56314 1240.08 1380.34
56315 1111.24 1859.72
56316 1272.09 2834.06
56317 786.908 709.783
56318 159.523 2692.06
56319 158.133 1177.45
56320 2439.91 2629.62
56321 1355.48 450.676
56322 1245.58 813.28
56323 1245.58 813.28
56325 275.69 1659.82
56327 1098.32 455.897
56329 1342.29 3075.55
56331 420.486 1748.7
56332 420.486 1748.7
56334 2348.87 2137.5
56335 241.643 1361.24
56336 1256.7 828.472
56337 1256.7 828.472
56339 240.599 959.302
56340 202.175 1246.06
56342 1317.69 890.982
56347 844.379 3164.6
56350 1026.86 1970.96
56351 1258.48 771.317
56354 1697.78 2022.43
56355 1360.27 1337
56356 1409.13 422.044
56357 1272.91 518.571
56358 1034.68 498.731
56359 1281.84 2095.11
56360 2510.56 2120.82
56361 174.539 3511.06
56363 752.197 575.739
56364 1217.33 670.761
56367 1047.51 3446.5
56370 1839.46 1923.06
56371 280.441 2764.52
56372 976.318 3094.48
56373 843.347 2086.14
56374 2281.89 2042.27
56375 1087.97 690.975
56376 208.778 1934.16
56377 517.588 2931.09
56379 1384.66 3022.84
56380 120.98 2338.81
56381 800.497 3344.07
56382 1375.83 446.73
56383 1375.83 446.73
56385 1014.44 3459.08
56386 1014.44 3459.08
56387 154.581 1935.68
56388 683.168 2143.7
56391 794.713 3621.59
56394 2966.69 2305.99
56395 588.526 2410.53
56396 93.6767 1282.41
56397 1326.06 1146.95
56398 1413.81 2898.86
56399 1413.81 2898.86
56403 602.908 1273.42
56404 1212.01 2035.39
56405 368.578 976.503
56406 329.923 2768.83
56407 1050.69 558.114
56409 259.077 2169.71
56410 1344.61 1422.88
56411 1344.61 1422.88
56412 1407.6 1268.9
56413 1122.19 2363.97
56415 868.614 2306.78
56416 868.614 2306.78
56418 807.447 2609.45
56420 1265.51 3113.34
56421 3928.37 2140.92
56422 3928.87 2141.03
56423 517.536 2360.03
56424 706.663 2431.34
56425 772.002 1052.2
56426 952.967 1212.9
56427 1358.55 1376.37
56428 226.287 1211.17
56430 1559.14 2289.45
56431 503.062 1527.99
56434 3978.22 2004.47
56435 3978.22 2004.47
56438 2588.31 2046.85
56439 929.85 1858.62
56440 930.381 1858.6
56442 3716.9 2027.96
56443 1042.31 2184.87
56444 3113.53 2011.46
56445 764.776 861.62
56446 1896.89 2182.14
56448 226.011 985.032
56450 1116.5 2276.61
56451 1156.71 3119.7
56452 159.073 798.574
56453 1280.34 442.444
56455 1904.23 2463.72
56456 808.69 2779.25
56458 3975.27 1926.85
56459 722.879 3525.98
56461 1048.6 1292.1
56462 2720.09 2145.19
56464 1873.16 1968.26
56465 991.659 609.692
56466 942.656 781.538
56468 1304.92 2161.79
56469 1218.36 432.127
56470 962.378 1853.35
56471 401.763 2372.51
56472 1234.85 1008.44
56473 1224.94 1366.29
56474 1046.91 1886.95
56475 511.166 920.105
56476 272.501 768.137
56477 253.235 2686.79
56479 770.618 892.61
56480 205.438 2711.9
56483 205.352 739.057
56485 720.344 1153.78
56487 116.638 2256.24
56488 134.501 2695.99
56489 496.623 3233.53
56490 204.512 2488.24
56492 1676.27 1907.29
56493 611.263 815.38
56494 1324.72 460.136
56495 1324.26 459.566
56496 238.684 1973.37
56497 2428.33 2112.05
56498 2428.33 2112.05
56499 87.511 1330.11
56500 1477.33 2284.28
56503 793.497 1271.24
56504 135.696 1778.99
56505 404.803 1848.44
56506 827.521 2282
56507 1102.9 3090.88
56508 1123.42 1455.6
56509 498.635 783.193
56510 1389.75 1134.77
56511 327.984 2215.46
56512 1093.52 1523.5
56513 874.62 3277.26
56515 635.562 708.969
56518 2311.58 2093.24
56519 672.298 1907.04
56520 1215.83 1420.23
56521 1290.11 2190.34
56522 1254.2 804.152
56523 999.246 1954.18
56524 202.098 827.751
56525 779.218 1684.66
56526 638.999 2123.05
56528 2391.75 2107.46
56529 369.251 2444.96
56530 104.671 1131.69
56531 802.415 1594.89
56532 787.898 2232.77
56533 47.6192 2458.49
56534 465.651 1774.47
56535 351.579 1321.46
56537 1460.35 2097.36
56538 1564.03 2040.11
56539 1873.42 2140.7
56540 1148.12 838.089
56542 963.531 3345.28
56543 941.06 1216.48
56545 123.195 1604.75
56546 566.938 2420.03
56547 1435.86 1805.63
56548 493.522 828.887
56549 900.908 2949.74
56550 2421.41 2240.82
56552 2660.6 2090.91
56553 245.619 816.192
56554 1180.09 975.496
56555 2576.5 2047.77
56559 1216.01 1201.6
56560 407.597 1899.65
56561 1216.01 1323.4
56562 1030.12 2301.41
56563 563.284 1114.65
56564 1248.85 601.617
56565 1035.56 2082.7
56566 88.6374 2280.74
56567 221.792 1027.1
56568 330.474 2687.17
56570 629.697 1923.16
56572 1715.6 2086.78
56573 706.23 2585.28
56574 925.091 1944.15
56576 1009.88 837.135
56577 710.277 1819.05
56578 177.947 1775.68
56579 243.589 1018.78
56580 486.38 2980.24
56583 1011.52 3634.54
56584 587.411 1753.91
56585 243.256 763.836
56586 876.729 2458.77
56587 379.2 1916.2
56588 379.2 1916.2
56591 977.7 3251.87
56592 1113.81 1386.21
56594 259.063 1775.31
56596 41.9806 1207.4
56597 41.9806 1207.4
56598 906.413 1866.51
56599 834.112 1733.21
56601 759.325 2359.01
56603 1246.81 779.332
56604 2162.28 1914.9
56606 1395.12 744.684
56607 24.675 2508.55
56609 733.188 1363.26
56613 4385.66 2076.49
56615 686.281 2334.65
56616 2578.62 2210.01
56617 2578.62 2210.01
56618 1796.36 2301.31
56619 551.298 2334.6
56621 2584.75 2259.21
56622 114.088 2418.36
56625 604.402 2846.4
56626 1182.08 1923.29
56630 1217.99 1340.25
56631 462.856 2236.37
56634 72.4743 2817.65
56635 650.97 629.802
56637 29.0432 2207.23
56638 98.6374 1366.29
56639 98.6374 1366.29
56641 849.96 1650.79
56642 1116.33 1321.37
56643 334.445 835.115
56646 1697.96 2164.55
56648 883.398 2443.13
56650 821.68 1364.46
56652 2514.88 2461.26
56653 4031.92 1930.43
56654 38.4852 1265.47
56655 2448.98 2540.47
56656 2373.09 2335.46
56657 299.814 809.636
56658 1294.81 1379.56
56661 261.781 1578.61
56662 2371.47 2024.3
56666 359.931 3047.28
56667 426.208 1459.56
56668 4010.77 1954.52
56669 898.072 1046.87
56671 804.622 1567.09
56673 299.871 2174.16
56674 2062.03 2270.95
56675 2441.92 2009.41
56676 2378.15 2016.8
56677 908.511 3224.96
56680 3894.87 2127.68
56681 1066.87 1842.02
56682 984.927 1973.52
56683 321.542 799.189
56684 1356.38 346.169
56685 567.27 2040.78
56686 1432.54 608.868
56688 618.84 2041.93
56690 1441.18 2684.1
56692 1025.82 1264.4
56693 2435.73 1922.78
56695 556.998 2628.66
56696 885.076 2357.4
56698 3950.56 1952.77
56700 709.964 1795.72
56701 528.487 613.134
56703 896.674 808.383
56704 718.047 3314
56705 1058.71 917.162
56707 600.357 2525.71
56710 1562.74 2278.52
56714 499.199 867.075
56717 2529.43 1852.23
56718 1345.04 485.127
56720 2214.41 2275.87
56723 1169.14 3298.58
56724 637.42 781.753
56725 791.94 2130.69
56729 1351.05 1166.47
56731 939.487 980.976
56732 1179.35 834.832
56733 996.132 1126.74
56735 1631.24 2399.88
56736 1188.51 3641.55
56739 959.826 472.306
56740 990.336 1849.19
56741 271.14 1368.89
56742 1533.61 2281.53
56744 1263.2 3063.25
56746 1036.74 1205.99
56747 1276.33 755.664
56748 1092.09 585.569
56750 862.182 1233.69
56751 532.904 1995.9
56752 651.009 609.144
56753 2276.95 2585.87
56754 912.759 2061.2
56757 1356.98 687.365
56758 1517.74 2410.91
56761 1119.79 2195.03
56762 2300.88 1895.76
56763 2444.29 2191.45
56764 2643.09 2095.38
56765 966.506 2098.86
56766 2276.39 1961.68
56767 1381.15 665.414
56768 880.037 640.776
56769 165.911 2621.82
56770 2649.15 2189.41
56772 848.112 1155.77
56773 866.719 81.4554
56774 501.468 2924.27
56775 289.602 826.654
56776 289.602 826.654
56777 1338.4 1577.84
56778 1090.35 2156.67
56779 573.714 2465.81
56780 468.208 283.022
56781 622.291 2392.49
56782 915.981 2212.64
56783 1169.77 577.679
56784 740.607 3022.38
56785 585.47 1868.43
56786 1056.71 1404.22
56787 626.257 1874.79
56788 977.746 1956.82
56789 1320.9 2636.29
56790 1100.01 919.144
56791 745.383 3345.9
56792 1352.19 2063.53
56793 483.151 1048.73
56794 1530.63 2321.65
56795 587.653 3312.74
56796 346.05 1583.3
56797 1229.64 684.062
56798 1039.72 380.422
56799 304.477 49.6461
56800 1280.42 1935.13
56801 1727.39 2410.4
56802 1727.39 2410.4
56803 230.3 3223.22
56804 1913.59 2402.03
56805 1913.59 2402.03
56806 718.87 1817.42
56807 1509.6 1926.39
56808 1166.39 682.046
56809 1025.27 93.8055
56810 1413.77 1366.69
56811 131.314 2975.08
56812 485.966 526.632
56813 1756.5 2174.53
56814 629.289 944.849
56815 1210.61 3328.96
56816 2998.64 2080.33
56817 481.687 174.385
56818 601.471 2797.36
56819 2311.49 2217.9
56820 478.676 1954.8
56821 1098.03 860.227
56822 1105.59 3123.79
56823 2007.97 1991.93
56824 693.95 286.177
56825 917.057 419.353
56826 491.512 3273.42
56827 203.531 3478.81
56828 146.347 1019.94
56829 1215.43 215.943
56830 1753.3 2001.26
56831 1269.55 1500.49
56832 1369.07 1943.1
56833 1596.45 2324.45
56834 1978.18 2365.74
56835 3392.66 2250.19
56836 2105.86 2015.76
56837 850.33 1233.29
56838 1319.96 1132.87
56839 842.481 2990.78
56840 759.59 646.254
56841 1088.42 222.486
56842 1137.47 3116.6
56843 535.029 690.693
56844 938.146 431.914
56845 1197.43 1610.76
56846 887.508 727.313
56847 1465.08 2063.21
56848 536.955 1931.37
56849 536.955 1931.37
56850 1205.61 1290.28
56851 3533.82 1973.8
56852 2927.63 2083.36
56853 771.322 2818.63
56854 497.024 1547.59
56855 4305.24 2046.63
56856 260.126 2819.35
56857 263.667 429.734
56858 933.795 485.013
56859 688.347 645.129
56860 184.336 2705.88
56861 2600.96 1966.66
56862 604.167 1715.55
56863 632.547 2187.74
56864 1025.03 1341.54
56865 1025.03 1341.54
56866 1025.03 1341.54
56867 1310.67 1598.29
56868 1143.1 543.942
56869 855.743 152.785
56870 381.422 208.114
56871 156.509 2873.12
56872 1215.8 1278.17
56873 1216.18 1278.34
56874 1036.13 2092.14
56875 2189.88 2040.95
56876 1105.77 2534.56
56877 993.659 1522.89
56878 2257.54 1912
56879 1727.49 2219.93
56880 2311.38 1970.08
56881 781.65 1421.39
56883 2674.18 2287.35
56884 1031.63 1852.07
56885 1533.03 2350.92
56886 1533.03 2350.92
56887 1300.81 1709.84
56888 2165.04 2256.09
56889 711.085 494.795
56890 1404.45 743.759
56891 1392.2 1270.48
56892 1426.17 631.806
56893 73.5331 2350.96
56894 118.458 1145.63
56895 642.604 3595.89
56896 544.005 229.751
56897 1250.91 822.132
56898 2382.41 1726.43
56899 973.513 1263.81
56900 832.393 338.394
56901 413.959 2907.89
56902 664.708 240.766
56903 349.251 2723.02
56904 923.003 395.179
56905 1263 1695.1
56906 775.557 3547.81
56907 775.557 3547.81
56908 757.495 2425.86
56909 859.657 1908.63
56910 1302.04 1624.22
56911 2894.41 1987.12
56912 2652.52 1993.01
56913 1332.21 687.15
56914 760.897 2158.51
56915 1386.09 866.616
56916 801.782 1783.63
56917 802.398 1783.64
56918 1199.32 956.714
56919 283.161 1899.54
56920 3120.32 2157.64
56921 741.257 1177.52
56922 354.102 602.295
56923 1063.11 2431.43
56924 992.922 2144.89
56925 628.024 318.772
56926 58.9511 1200.08
56927 958.22 1123.94
56928 1150.63 3446.83
56929 738.482 138.131
56930 368.388 1301.84
56931 737.726 1302.29
56932 455.403 963.615
56933 290.539 515.574
56934 437.533 224.854
56935 629.791 471.221
56936 629.791 471.221
56937 1416.59 538.866
56938 67.4616 1588.75
56939 663.529 684.554
56940 348.482 297.272
56941 4125.84 2127.35
56942 2640.69 2031.73
56943 232.841 2100.21
56944 683.792 1623.38
56945 764.076 2142.52
56946 270.857 99.3629
56947 1040.03 3158.48
56948 1001.44 1359.65
56949 495.459 589.252
56950 4172.04 2116.6
56951 1133.26 3090.06
56952 1368.56 1600.34
56953 1232.55 1298.39
56954 632.528 448.172
56955 1126.25 1252
56956 946.738 721.277
56957 176.194 1029.59
56959 791.521 728.553
56960 3166.75 2031.85
56961 763.922 466.494
56962 887.367 1384.68
56963 566.197 697.278
56964 1099.38 1604.26
56965 360.461 68.8821
56966 696.709 1441.9
56967 137.016 1133.52
56968 1014.12 936.698
56969 381.711 1954.6
56970 1601.73 2170.6
56971 535.825 2224.22
56972 283.172 2833.37
56973 1174.37 420.867
56974 64.2986 1927.35
56975 2909.03 2117.3
56976 2471.53 1875.65
56977 494.641 2214.61
56978 2347.33 1918.42
56979 1013.39 1737.74
56980 1214.67 1502.79
56981 265.892 3248.81
56982 783.52 2107.94
56983 774.107 2925.29
56985 941.656 367.132
56986 2202.47 2114.08
56987 1231.87 3265.21
56988 2637.02 2110.47
56989 3326.02 2087.93
56990 721.64 838.572
56991 722.359 839
56992 2178.09 2439.62
56993 937.399 941.79
56994 980.3 23.0172
56995 592.629 2573.53
56996 966.545 2925.26
56997 1647.46 2496.21
56998 1138.38 978.145
56999 168.104 573.512
57000 908.739 1180.13
57001 1384.9 1227.36
57002 1145.14 261.115
57003 3630.04 2156.85
57004 560.67 545.027
57005 459.282 200.956
57006 1469.06 2135.39
57007 1500.34 2508.15
57008 2241.47 1965.12
57009 206.733 392.473
57010 233.275 398.075
57011 823.344 1927.67
57012 2568.2 2193.84
57013 654.673 2434.49
57014 1659.4 2220.42
57015 1662.08 1975.86
57016 539.029 2300.08
57017 538.245 2300.28
57018 455.047 569.382
57019 981.424 380.284
57020 906.267 2551.54
57021 3776.41 2068.8
57022 554.693 3004.27
57023 1109.55 255.101
57024 2583.29 2026.22
57025 1184.63 1460.2
57026 1147.38 2447.97
57027 1146.94 2448.19
57028 1338.92 1047.9
57029 903.916 837.196
57030 818.198 60.4777
57031 1100.07 995.999
57032 694.233 1819.12
57033 590.678 1229.29
57034 590.678 1229.29
57035 1381.55 1360.76
57036 2470.09 1983.99
57037 756.877 768.481
57038 384.047 966.83
57039 837.147 342.62
57040 1664.5 2352.72
57041 2438.54 1863.15
57042 1066.42 2244.18
57043 1288.9 1999.32
57044 1288.9 1999.32
57045 1746.86 2148.68
57046 558.533 1978.26
57047 558.533 1978.26
57049 1254.76 2644.16
57050 1254.76 2644.16
57051 29.753 1206.27
57052 1047.07 659.925
57053 439.216 3535.02
57054 1350.81 830.496
57056 1086.45 343.789
57057 1086.45 343.789
57058 791.734 625.983
57059 500.869 2905.56
57060 1039.61 288.367
57061 1270.03 1849.78
57062 1509.08 2347.07
57063 1001.19 515.399
57064 826.103 474.984
57065 826.103 474.984
57066 170.395 1166.15
57067 914.469 2514.22
57068 809.179 1390.58
57069 1375.29 2642.02
57070 2420.58 1845.82
57071 613.46 2832.05
57072 508.507 2264.84
57073 518.843 3207.51
57074 908.261 1456.77
57075 1413.33 856.928
57076 2364.64 2633.24
57077 407.574 1133.28
57078 168.536 1607.14
57079 596.391 2908.92
57080 1910.71 2054.48
57081 126.407 1563.31
57082 300.304 1374.17
57083 1015.08 1432.98
57084 1591.11 2188.77
57085 1431.98 2474.88
57086 516.814 3226.28
57087 516.814 3226.28
57088 960.616 1350.12
57089 4292.5 2125.75
57090 4292.5 2125.75
57091 2348.99 2005.13
57092 1235.14 1694.15
57093 279.16 1900.2
57094 1192.82 1655.08
57095 2245.88 2175.18
57096 1269.9 598.673
57097 522.527 3164.58
57098 545.968 3351.08
57099 1710.7 2203.57
57100 457.994 630.036
57101 457.994 630.036
57102 1309.85 1256.87
57103 1482.71 1951.67
57104 1298.51 2012.7
57105 1412.89 1951.78
57106 965.24 2770.54
57107 1731.91 2194.24
57108 384.083 2439.27
57109 384.083 2439.27
57110 3975.04 1946.25
57111 27.7198 2286.85
57112 421.757 565.03
57113 300.764 530.941
57114 38.9404 2832.44
57115 845.088 2016.49
57116 2365.34 1905.89
57117 3388.35 2169.41
57118 1156.55 2254.23
57119 417.151 635.538
57120 1623.21 2056.48
57121 834.001 856.612
57122 2537.73 2082.56
57123 711.009 1138.38
57124 692.008 2480.48
57125 694.201 1527.88
57126 770.971 904.532
57127 2348.19 1981.5
57128 1302.73 2206.78
57129 251.426 2155.11
57130 1799.78 1920.01
57131 2674.83 2220.68
57132 2674.83 2220.66
57133 475.464 2210.75
57134 448.21 515.775
57135 1399.57 2217.6
57136 1472.8 2587.48
57137 970.869 293.814
57138 574.672 2785.52
57139 1313.68 2572.7
57140 3672.52 2245.67
57141 2792.05 2005.14
57142 2792.05 2005.14
57143 904.258 1340.27
57144 1190.08 1448.41
57145 1911.18 1881.07
57146 993.799 1620.43
57147 380.813 3065.96
57148 1294.46 1884.51
57149 696.409 3001.21
57150 173.86 3187.82
57151 1092.47 908.888
57152 1323 294.05
57153 1857.12 2118.4
57154 2072.94 2103.86
57155 117.868 1933.16
57156 1346.55 2568.97
57157 550.563 245.803
57158 1392.72 555.074
57159 1228.86 3114.71
57160 2370.83 1842.27
57161 1187.91 1716.86
57162 2398.76 2005.78
57163 1025.41 433.908
57164 1264.67 266.425
57165 405.859 2345.53
57166 1319.53 1702.08
57167 1236.63 2625.25
57168 266.097 608.399
57169 796.441 2789.59
57170 112.385 2269.69
57171 991.028 2552.26
57172 1369.83 1622.62
57173 508.228 1156.21
57174 1319.19 389.456
57175 920.796 1132.93
57176 1231.07 1084.26
57177 1149.34 509.287
57178 863.155 949.21
57179 964.496 3642.46
57180 75.2365 969.826
57181 1281.45 1640.53
57182 1281.45 1640.53
57183 1359.03 368.047
57184 339.337 1786.83
57185 4372.25 2042.29
57186 191.602 382.949
57187 1616.24 2110.71
57189 2397.43 1794.92
57190 2475.29 2334.56
57191 1099.41 26.24
57192 1383.51 1331.29
57193 774.351 536.951
57194 1266.61 1979.79
57195 938.299 1632.75
57196 938.299 1632.75
57197 11.473 1803.6
57198 1305.14 1867.01
57199 2383.75 1921.92
57200 687.619 2681.06
57201 758.754 2633.26
57202 336.851 93.4259
57203 3795.27 2143.93
57204 131.525 2987.61
57205 229.869 1324.53
57206 305.165 156.408
57207 215.908 2524.26
57208 1958.14 2036.12
57209 2302.69 1835.59
57210 57.7539 1322.52
57211 435.319 251.372
57212 216.531 1297.68
57213 2388.79 1782.05
57214 92.7012 871.077
57215 878.553 3387.69
57216 1097.67 1576.84
57217 793.553 1744.05
57218 1080.42 778.523
57219 414.21 1593.77
57220 144.551 1502.84
57221 1251.85 1465.06
57222 2006.05 2324.73
57223 1459.04 2217.33
57224 1177.78 3277.31
57225 1095.16 244.794
57226 2349.38 2296.02
57227 863.409 1042.42
57228 1251.36 2661.46
57229 1492.97 1832.22
57230 1492.97 1832.22
57231 2361.21 1923.22
57232 485.871 550.175
57233 341.457 1467.01
57234 1337.96 1227.35
57235 1378.71 2455.73
57236 968.208 1195.4
57237 1506.1 2601.83
57238 1326.1 1611.07
57239 1095.01 69.2952
57240 388.287 1404.48
57241 845.152 2044.19
57242 107.931 2722.89
57243 682.433 1883.99
57244 1153.19 1443.86
57245 1396.87 1560.48
57246 1307.32 1689.41
57247 404.038 2293.66
57248 1355.5 1567.58
57249 479.138 185.644
57250 2293.45 1996.76
57251 746.675 1320.27
57252 1399.3 1843.3
57253 2018.34 2183.82
57254 1290.5 172.3
57255 167.613 2131.51
57256 1381.62 1682.66
57257 81.8274 2570.9
57258 1015.05 3458.33
57259 4113.86 2125.46
57260 4327.8 2101.08
57261 1018.76 495.127
57262 1591.25 2637.66
57263 959.045 116.402
57264 32.0995 3154.96
57265 1976.21 2343.83
57266 182.184 2676.91
57267 1854.28 2461.41
57268 804.783 1177.89
57269 595.237 2234.22
57270 65.2337 1771.17
57271 2402.1 1778.06
57272 1201.3 1233.1
57273 1201.69 1233.29
57274 1109.85 1308.03
57275 2715.32 1947.65
57276 1546.37 1940.94
57277 1016.79 1219.42
57278 115.726 2256.43
57279 672.847 2166.89
57280 1056.01 1052.09
57281 528.711 2356.46
57282 529.501 2356.23
57283 3.22141 2233.87
57284 985.799 1557.34
57285 770.281 3458.85
57286 1395.75 1586.06
57287 508.683 1829.18
57288 2492.02 2425.28
57289 150.708 2779.5
57290 1411.44 1229.12
57291 936.434 2243.89
57292 181.837 2809.49
57293 1133.56 1894.9
57294 521.591 1443.49
57295 368.928 3437.8
57296 251.852 2389.41
57297 741.19 436.18
57298 1132.18 2279.1
57299 1068.69 853.789
57300 1411.65 1199.05
57301 1191.73 2000.17
57302 2541.89 2060.44
57303 1216.89 159.767
57304 1375.29 1464.13
57305 316.349 454.877
57306 128.494 2963.07
57307 1085.75 2655.78
57308 1203.61 1205.8
57309 1203.61 1205.8
57310 2570.99 2013.47
57311 853.362 337.685
57312 468.882 1979.26
57313 289.59 2358.22
57314 546.333 532.829
57315 507.086 428.597
57316 3347.97 2176.5
57317 2523.61 2449.87
57318 2211.79 2195.25
57319 666.57 1743.3
57320 265.875 621.624
57321 611.817 1887.76
57322 616.058 1267.07
57323 1404.63 1311.3
57324 394.742 1266.1
57325 2421.83 2489.83
57326 1217.61 954.2
57327 806.06 2296.24
57328 849.099 1599.35
57329 849.099 1599.35
57330 919.434 323.656
57331 319.704 1374.74
57332 1320.6 1735.86
57333 1034.57 1863.5
57334 1202.02 1183.25
57335 1352.45 1815.46
57336 769.951 2348.39
57337 657.016 1729.2
57338 3965.48 1883.8
57339 847.688 3373.67
57340 129.054 803.563
57341 33.4158 2977.08
57342 1361.61 625.467
57343 497.831 782.737
57344 1264.37 861.82
57345 2750.67 2033.11
57346 584.483 2146.47
57347 123.983 2613.22
57348 1504.6 1801.13
57349 1421.13 2036.78
57350 1421.13 2036.78
57351 1231.01 834.042
57352 1270.29 1194.42
57353 323.009 1710.76
57354 2046.28 2517.7
57355 1169.36 1134.94
57356 713.467 849.536
57357 2510.56 2120.82
57358 719.534 2170.48
57359 1355.98 295.713
57360 84.6041 1882.39
57361 1366.91 2066.31
57362 1226.98 1931.02
57363 1131.4 1880.44
57364 121.236 664.666
57365 3415.46 2256.01
57366 1259.69 3194.64
57367 989.875 2719.57
57368 2569.45 2058.86
57369 614.726 389.451
57370 1440.18 1929.95
57371 497.236 472.203
57372 1397.5 1938.19
57373 928.734 780.495
57374 540.918 1224.21
57375 1357.62 1685.19
57376 43.4378 1239.05
57377 2400.71 1762.34
57378 530.045 722.458
57379 641.956 2074.98
57380 1337.08 2041.19
57381 697.847 1161.31
57382 955.367 1878.53
57383 1252.93 48.9301
57384 1238.86 376.279
57385 378.572 2338.51
57386 4248.71 2100.83
57387 1520.63 1809.96
57388 1317.84 1718.88
57389 868.09 2108.87
57390 624.767 238.836
57391 1305.64 2098.79
57392 1153.5 1669.99
57393 1135.67 1423.29
57394 754.036 837.199
57395 772.105 2331.15
57396 1036.6 425.215
57397 1249.57 2008.42
57398 2621.65 2516.49
57399 484.861 628.726
57400 2541.64 2315.18
57401 726.908 413.163
57402 709.433 493.597
57403 964.443 1526.99
57404 368.578 976.503
57405 1189.51 447.184
57406 295.869 555.954
57407 1039.36 400.939
57408 203.461 756.318
57409 1053.76 3397.95
57410 562.726 641.198
57411 1982.81 1992.66
57412 1038.09 758.528
57413 1135.83 1127.83
57414 392.426 172.879
57415 1174.44 3364.36
57416 299.6 194.679
57417 2646.65 2006.56
57418 2558.68 2084.03
57419 484.111 797.635
57420 1162.41 1560.18
57421 1601.16 2086.72
57422 1086.19 3107.86
57423 2153.7 2232.68
57424 932.687 235.806
57425 899.576 675.691
57426 1221.74 3208.99
57427 577.374 2667.3
57428 989.62 1932.44
57429 231.877 358.307
57430 76.4946 894.743
57431 14.5018 1536.99
57432 2076.3 2119.44
57433 1405.96 1512.98
57434 1042.16 569.039
57435 598.985 2559.6
57436 3750.65 1930.98
57437 774.494 1038.45
57438 924.293 1959.03
57439 3691.4 2016.11
57440 1227.79 1957.79
57441 1742.67 2538.63
57442 1987.13 1882.39
57443 375.933 262.07
57444 1405.78 1499.19
57445 704.18 906.096
57446 557.522 2699.88
57447 1753.16 2530.71
57448 869.985 1130.58
57449 371.668 1661.88
57450 526.753 1950.11
57451 273.951 3368.74
57452 2550 2177.84
57453 1358.89 1668.62
57454 433.48 3305.7
57455 242.943 2831.89
57456 501.397 1443.27
57457 1187.33 815.796
57458 852.804 3251.57
57459 972.474 2025.33
57460 2350.89 1870.32
57461 1786.83 2450.24
57462 1969.43 2110.98
57463 1056.96 1911.05
57464 1056.96 1911.05
57465 135.655 978.396
57466 1293.72 1682.45
57467 229.097 2844.19
57468 1112.6 685.569
57469 740.152 414.991
57470 739.436 414.362
57471 1202.68 187.496
57472 1381.51 745.453
57473 2099.77 1910.59
57474 1542.03 1887.29
57475 23.2471 1268.38
57476 1163.73 -2.96374
57477 1215.83 1420.23
57478 853.732 855.814
57479 3289.19 2328.94
57480 725.919 3257.52
57481 2816.81 2394
57482 91.6793 1379.77
57483 1184.92 1823.62
57484 499.318 542.923
57485 1460.35 2097.36
57486 2281.35 1999.32
57487 2281.35 1999.32
57488 173.252 2296.55
57489 1114.96 2249.43
57490 1410.17 2204.47
57491 187.902 409.325
57492 117.215 1832.62
57493 273.252 1345.58
57494 663.546 527.145
57495 1351.65 2056.18
57496 110.08 703.002
57497 109.514 987.974
57498 259.927 2091.8
57499 1682.77 2209.29
57500 621.018 831.721
57501 1885.75 2382.29
57502 1194.12 1584.8
57503 2454.86 1864.18
57504 1226.96 527.922
57505 906.808 325.359
57506 490.739 565.922
57507 490.739 565.922
57508 1085.49 895.338
57509 1085.49 895.338
57510 890.153 945.129
57511 431.88 638.728
57512 228.907 1143.41
57513 1558.77 2268.73
57514 2435.73 1922.78
57515 1239.96 192.007
57516 2389.7 2059.38
57517 2581.85 2134.13
57518 2376.44 1776.81
57519 2454.63 2230.41
57520 124.468 900.818
57521 1700.88 2043.29
57522 489.545 268.204
57523 1188.34 3478.49
57524 579.741 2541.23
57525 510.24 2294.32
57526 1128.5 1521.18
57527 1103.47 916.27
57528 770.677 2141.84
57529 843.552 1617.64
57530 2611.46 1944.25
57531 1181.21 1853.25
57532 510.668 2341.53
57533 1360.27 1337
57534 2692.36 1942.53
57535 1249.45 1221.39
57536 509.691 1263.99
57537 1154.15 3331.58
57538 2379.99 2254.5
57539 1091.88 771.775
57540 550.074 2010.96
57541 1110.1 2048.23
57542 1248.99 241.393
57543 1064.56 1156.81
57544 529.889 2558.38
57545 1394.92 696.487
57546 773.96 2293.18
57547 637.499 408.095
57548 637.499 408.095
57549 322.378 2323.14
57550 278.014 717.726
57551 1073.75 1489.55
57552 32.8735 1660.01
57553 931.837 318.765
57554 297.335 3316.4
57555 1175.95 3516.6
57556 1175.95 3516.6
57557 765.668 1626.87
57558 1406.38 1750.55
57559 500.817 3221.8
57560 567.373 1811.31
57561 507.769 741.714
57562 162.626 2901.91
57563 3685.1 2123.64
57564 913.453 2267.17
57565 2476.39 2019.2
57566 542.348 722.91
57567 580.25 1289.94
57568 1337.14 1946.66
57569 1282.13 506.398
57570 1012.92 1627.65
57571 1217.99 1340.25
57572 3121.98 2134.6
57573 1275.53 429.124
57574 948.967 385.57
57575 981.315 1467.73
57576 980.805 1467.6
57577 1354.53 1586.5
57578 1120.58 1221.27
57579 1845.3 2139.7
57580 1367.69 1108.17
57581 844.975 2382.91
57582 2409.62 1757.96
57583 2116.09 2322.67
57584 811.061 365.437
57585 905.243 2049.33
57586 3080.91 2200.57
57587 988.98 2097.2
57588 537.368 2368.66
57589 3378.35 2089.24
57590 918.512 1090.66
57592 2538.5 1920.27
57593 1179.66 1651.07
57594 1197.45 153.903
57595 302.544 274.851
57596 228.377 1518.56
57597 3912 1969.08
57598 1367.49 71.1624
57599 231.97 1313.23
57600 1205.34 1581.64
57601 540.663 1731.75
57602 235.762 990.56
57603 1261.04 818.569
57604 1284.14 2324.01
57605 583.36 2279.85
57606 808.526 2946.38
57607 2306.93 2377.28
57608 464.617 2200.87
57609 2490.42 2197.85
57610 182.595 3176.83
57611 438.843 1304.22
57612 1378.42 300.533
57613 1353.09 1642.73
57614 1319.06 482.046
57615 1414.61 887.238
57616 996.497 1086.29
57617 2044.76 2038.53
57618 1268.28 2318.12
57619 369.73 1691.46
57620 205.973 610.695
57621 1388.17 1642.13
57622 1335.85 2015.59
57623 168.88 545.62
57624 1020.11 67.3587
57625 400.924 95.0764
57626 736.295 1567.3
57627 2189.42 2463.35
57628 1156.48 2149.16
57629 598.35 1551.11
57630 1074.17 194.296
57631 2523.03 2490.29
57632 1140.92 603.68
57633 618.84 2041.93
57634 734.795 484.294
57635 754.089 1623.08
57636 754.089 1623.08
57637 835.873 3407.68
57638 529.851 333.318
57639 1433.78 2033.48
57640 957.076 361.943
57641 971.578 445.862
57642 3704.08 2031.76
57643 579.827 649.125
57644 906.063 239.84
57645 1598.5 2195.84
57646 816.984 1566.66
57647 816.984 1566.66
57648 868.032 1443.86
57649 3950.56 1952.77
57650 2704.66 2108.73
57651 2757.75 2123.32
57652 2522.99 1911.26
57653 1432.54 608.868
57654 500.836 905.134
57655 725.109 988.603
57656 4090.09 2066.17
57657 855.269 315.942
57658 124.588 1855.1
57659 1377.94 887.013
57660 1026.41 605.44
57661 136.762 1586.93
57662 1069.49 1912.05
57663 545.56 1098.2
57664 921.654 350.285
57665 615.185 891.508
57666 860.942 327.971
57667 549.725 1669.77
57668 1179.36 302.736
57669 297.083 1326.36
57670 877.945 1328.2
57671 222.408 197.184
57672 222.408 197.184
57673 741.639 1576.85
57674 2793.18 2189.74
57675 491.099 1174.09
57676 2017.57 1900.75
57677 2017.57 1900.75
57678 3354.38 2256.67
57679 1074.23 438.796
57680 555.623 2171.01
57681 1291.58 1648.7
57682 1157.51 1328.49
57683 1157.92 1328.65
57684 1247.7 1689.08
57685 1227.23 966.825
57686 876.324 1977.74
57687 2600.7 2003.78
57688 1128.32 836.966
57689 23.8885 2081.66
57690 96.2616 2528.65
57691 3646.84 2376.85
57692 1267.65 1835.67
57693 1659.4 2197.99
57694 1370.6 1651.83
57695 3977.02 2078.59
57696 601.055 1878.85
57697 1291.62 1670.39
57698 3757.14 2280.44
57699 4099.41 2147.61
57700 706.744 1907.42
57701 2112.02 2131.85
57702 3961.91 1939.98
57703 145.648 463.693
57704 597.257 2094.79
57705 1284.52 59.533
57706 815.135 480.165
57707 387.544 748.222
57708 4062.04 2162.31
57709 2267.63 1879.76
57710 614.206 1712.5
57711 4028.91 1952.95
57712 247.667 638.588
57713 491.21 1554.52
57714 644.855 297.569
57715 689.249 1013.65
57716 595.29 1244.33
57717 696.988 1141.03
57718 1181.82 3268.44
57719 388.533 1830.14
57720 439.233 1324.36
57721 1152.18 1140.9
57722 2281.73 2221.71
57723 1393.77 1145.74
57724 1307.85 282.037
57725 458.046 1794.31
57726 1225.51 110.118
57727 904.573 1079.54
57728 2584.8 2101.36
57729 486.111 2491.54
57730 1366.35 1426.52
57731 997.7 1104.6
57732 346.292 837.829
57733 1639.5 2076.57
57734 1639.62 2076.52
57735 1176.88 1718.72
57736 2163.42 1928.9
57737 1000.99 743.863
57738 1524.45 1937.76
57739 2434.67 2192.29
57740 6.08215 2735.59
57741 895.087 1177.47
57742 1705.56 2223.28
57743 3805.56 2055.14
57744 923.999 1838.14
57745 1430.85 812.949
57746 166.885 1315.74
57747 1286.12 1248.69
57748 3039.17 2158.17
57749 1086.36 1373.29
57750 1086.81 1373.44
57751 1291.79 1638.11
57752 49.81 2284.47
57753 1238.12 1333.58
57754 2507.93 2472.3
57755 1382.83 2624.94
57756 97.2065 1875.06
57757 1399.5 751.653
57758 1471.87 2428.86
57759 129.193 1576.2
57760 1215.86 542.58
57761 1333.66 1139.79
57762 117.389 1427.17
57763 1295.02 1255.64
57764 602.735 822.27
57765 1000.21 320.641
57766 1164.18 1688.97
57767 573.706 2123.03
57768 1383.16 1937.68
57769 130.334 2537.44
57770 603.398 262.29
57771 98.6954 3286.52
57772 2590.14 2198.93
57773 122.406 1153.3
57774 1072.83 1030.01
57775 1199.74 985.865
57776 1339.27 905.529
57777 1369.37 2246.62
57778 1654.18 2380.5
57779 1349.95 845.255
57780 538.464 283.478
57781 4027.19 2171.98
57782 761.178 1781.15
57783 761.178 1781.15
57784 2382.51 2042.89
57785 1113.17 1330.67
57786 2093.43 2132.39
57787 1999.48 2195.66
57788 1999.48 2195.66
57789 399.915 144.746
57790 969.664 1139.06
57791 969.664 1139.06
57792 3327.93 2094.12
57793 1394.51 827.961
57794 412.789 738.247
57795 1489.49 2651.38
57796 1134.76 1334.2
57797 389.568 727.914
57798 1364.39 826.622
57799 1364.02 826.274
57800 296.298 1385.71
57801 897.061 490.234
57802 1677.08 2036.85
57803 1036.79 1758.57
57804 2323.8 2013.36
57805 1038.31 2070.02
57806 1531.25 2471.08
57807 195.403 453.304
57808 93.3929 2562.13
57809 1018.35 1207.13
57810 1018.87 1207.36
57811 330.409 1739.31
57812 272.218 1238.06
57813 1074.63 968.741
57814 602.188 2057.56
57815 1591.31 1974.31
57816 813.295 650.554
57817 216.338 235.013
57818 2403.65 2148.55
57819 1358.95 2002.52
57820 943.734 2016.82
57821 1516.18 2556.67
57822 418.547 1734.59
57823 555.452 1956.69
57824 539.117 1962.06
57825 4166.92 1994.68
57826 1239.59 2803.37
57827 781.032 2319.9
57828 432.454 1180.13
57829 1086.38 2159.72
57830 289.826 570.147
57831 999.609 1249.96
57832 91.6594 2433.66
57833 414.876 1725.52
57834 -0.481076 1772.25
57835 1347.14 553.136
57836 1209 3435.96
57837 849.605 2954.23
57838 3288.32 2060.66
57839 1670.98 2558.36
57840 595.688 2423.41
57841 1368.56 165.809
57842 504.407 806.555
57843 1369.13 2283.43
57844 548.646 2156.13
57845 2573.36 2174.21
57846 588.179 1079.11
57847 588.179 1079.11
57848 2409.84 2581.72
57849 2659.19 2459.97
57850 4395.93 2139.41
57851 802.378 1453.82
57852 174.678 305.488
57853 377.676 1013.23
57854 1027.08 1423.54
57855 2204.53 2403.33
57856 868.042 312.494
57857 2050.41 2185.79
57858 3129.08 2344.1
57859 206.65 1324.21
57860 1772.84 2165.92
57861 787.218 678.089
57862 3125.08 2050.4
57863 79.7716 2516.33
57864 3574.76 2398.13
57865 2447.31 2565.23
57866 1396.86 1632.63
57867 1475.67 2442.45
57868 986.401 3579.36
57869 1363.44 2614.73
57870 263.115 778.589
57871 743.451 1849.55
57872 661.979 1868.87
57873 3615.71 2172.58
57874 1161.67 361.171
57875 128.83 1948.01
57876 1515.92 2144.27
57877 355.764 2223.33
57878 1158.07 530.162
57879 1194.64 1960.7
57880 718.23 1423.74
57881 4.51481 2363.55
57882 911.643 955.476
57883 930.337 364.796
57884 703.768 1618.57
57886 1791.85 2214.36
57887 457.974 454.62
57888 69.3356 2237.89
57889 2095.69 2268.81
57890 1313.27 1743.78