Visibility for camera _SAM1047.JPG
4293
214 2399.56 1140.26
1603 4733.71 1194.13
2868 719.803 1376.8
3044 727.647 1145.14
3331 704.541 1123.12
4111 1577.22 1755.43
6028 728.727 1313.61
8636 2307.85 1775.76
9904 976.089 1883.96
11175 1344.09 1543.75
11974 883.122 1854.65
12449 2580.45 1690.99
13582 1263.34 2029.44
14678 2680.07 1493.32
15840 2321.98 1813.68
15877 2224.56 1821.62
15928 1352.13 1657.1
16185 4058.73 1415.81
16242 1446.02 1997.62
16760 4124.52 1482
16776 1151.59 1339.96
16896 2322.53 1557.68
17041 4113.72 1446.82
17152 1939.9 1616.85
17156 2047.68 1575.65
17211 2043.76 1686.62
17304 2340.53 1773.12
17392 2591.28 1643.77
17420 4116.99 1431.86
17422 1101.29 1773.23
17445 4141.07 1457.32
17473 2105.47 1787.35
17534 4163.08 1535.39
17595 2016.14 1706.3
17604 1359.72 1719.52
17654 4082.65 1371.33
17657 1412.08 1646.67
17794 887.768 1769.87
17837 1497.01 1840.93
17850 2055.03 1624.98
17853 2546 1550.77
17856 1609.21 1686.38
17861 3389.93 1548.19
17878 2349.32 1694.5
17891 789.495 2088.61
17893 2297.76 1673.1
17896 1227.61 1657.72
17928 1970.63 1654.01
17942 1702.7 1761.05
17945 1532.27 1807.65
17953 722.155 1744.07
17959 947.464 1811.58
17990 1973.06 1597.95
18001 1589.15 1741.16
18007 2494.7 1613.36
18031 762.959 1734.33
18033 1402.62 1813.16
18034 914.605 2108.53
18051 2379.88 1657.24
18085 2435.92 1696.77
18089 1466.68 1681.35
18116 783.387 1886.55
18135 2491.18 1741.72
18148 799.224 1853.45
18160 1561.3 1706.54
18161 888.891 2109.4
18166 2100.48 1637.77
18168 1006.37 1963.45
18214 1011.85 2109.98
18215 3388 1606.19
18219 2365.64 1644.1
18244 970.458 1862.81
18252 954.484 2156.36
18268 2158.91 1551.43
18272 2083.97 1674.88
18287 2189.16 1553.8
18297 876.38 1511.12
18313 839.778 1621.34
18324 2451.7 1533.04
18327 2088.03 1787
18344 957.93 1832.45
18376 1619.81 1808.08
18381 2923.55 1552.65
18382 2360.82 1559.23
18384 2937.85 1598.02
18394 2271.44 1688.97
18400 791.659 1775.53
18401 791.659 1775.53
18409 2405.48 1541.3
18437 767.762 1841.58
18453 1862.82 1757.26
18483 2473.3 1701.56
18497 2438.3 1769.28
18526 2460.91 1725.44
18531 1489.32 1847.32
18540 2097.89 1736.88
18548 2376.39 1693.16
18552 2595.38 1749.1
18567 2247.35 1598.32
18569 1584.24 1886.17
18570 2589.76 1619.76
18573 1022.52 2006.21
18614 1996.79 1751.92
18618 745.101 1827.69
18639 2375.03 1706.4
18647 755.024 2019.51
18653 2028.33 1571.35
18664 2278.4 1635.96
18682 1551.35 1595.68
18709 950.422 2117.01
18713 4136.16 1478.67
18740 2452.68 1709.68
18752 2184.6 1641.45
18772 1951.92 1695.03
18773 1951.92 1695.03
18792 2908.77 1534.78
18804 1949.15 1567.7
18806 1475.07 1668.38
18809 801.161 1829.08
18810 801.161 1829.08
18834 744.126 1614.89
18835 744.126 1614.89
18878 1649.08 1739.52
18896 2535.87 1455.49
18949 1581.99 1738.02
18991 2912.93 1480.93
19000 2076.91 1715.61
19052 1618.1 1615.71
19090 2341.69 1718.06
19091 2274.55 1493.21
19092 1148.45 1911.49
19105 4106.82 1393.52
19110 2746.38 1807.64
19130 2159.41 1734.88
19136 795.52 1623.16
19172 1965.35 1651.68
19185 780.761 1636.56
19209 4310.09 1410.71
19221 879.435 1744.01
19277 1481.12 1624.22
19306 3988.74 1475.87
19311 1187.58 1876.31
19357 1639.63 1683.56
19358 990.152 2051.21
19361 1518.83 1746.37
19365 1483.61 1650.28
19370 2403.79 1539.63
19382 2369.56 1543.21
19387 2435.83 1532.83
19391 2126.01 1710.15
19393 2278.11 1574.14
19398 2328.87 1590.77
19409 1431.52 1632.93
19410 2114.12 1668.98
19411 2308.46 1498.17
19426 2146.82 1605.12
19436 2463.22 1671.04
19442 1504.09 1675.75
19443 923.848 1746.27
19446 1634.16 1829.33
19447 2018.25 1684.56
19460 4094.76 1364.19
19465 1543.05 1542.98
19478 831.371 1868.56
19492 3707.83 1349.03
19493 3707.83 1349.03
19496 1480.65 1668.84
19501 1144.85 1807.38
19504 2564.05 1612.01
19513 1381.63 1859.04
19523 825.312 1922.9
19530 2448.79 1740.81
19537 1567.59 1546.02
19549 2139.77 1661.38
19550 2021.73 1589.49
19560 940.958 2006.12
19572 2365.64 1644.1
19577 1184.65 1772.77
19589 816.735 1700.53
19593 2422.38 1639.57
19594 2179.27 1526.85
19600 1008.8 2142.03
19603 2582.12 1715.53
19610 779.553 1936.81
19615 2535.36 1719.65
19616 1560.47 1686.81
19617 836.059 1913.85
19621 1550.42 1774.09
19625 3996.04 1476.58
19628 1055.14 2054.39
19629 1752.76 1874.95
19630 2429.67 1666.82
19631 2429.67 1666.82
19638 1415.03 1550.49
19644 1540.77 1567.81
19645 838.05 2149.61
19659 1425.63 1527.7
19662 2415.68 1479.57
19669 1021.04 1961.11
19671 1865.87 1576.99
19673 1927.78 1779.05
19682 814.412 1865.57
19697 969.499 2047.46
19701 2532.22 1583.13
19702 2221.14 1601.4
19703 1111.03 1627.48
19711 692.75 1671.44
19722 2005.86 1492.33
19729 1098.76 1657.51
19748 786.038 1751.76
19750 2446.41 1632.47
19752 2616.96 1601.08
19753 1859.51 1488.98
19765 1588.64 1527.98
19771 667.575 1656.59
19776 1685.35 1873.91
19784 1574.42 1603.65
19788 2036.46 1476.57
19792 1018.37 1989.19
19796 3911.55 1325.74
19798 1960.42 1618.81
19801 2180.52 1620.11
19818 3035.83 1434.88
19831 1346.5 1766.95
19832 1564.39 1800.34
19840 3216.31 1562.56
19841 1510.56 1747.65
19847 980.54 1975.63
19856 951.851 2066.44
19862 1129.41 1589.01
19867 1025.83 1979.43
19873 1964.72 1701.49
19885 990.812 1992.3
19886 1899.09 1560.55
19889 1485.48 1826.14
19905 1078.09 2110.81
19918 4302.61 1428.47
19926 1489.01 1603.78
19928 1427.47 1617.48
19932 887.768 1769.87
19941 2250.98 1464.11
19942 2375.03 1706.4
19951 1358.88 1784.61
19952 787.664 1649.08
19972 1204.02 1782.24
19979 803.844 1650.97
19987 770.749 1567.56
19994 724.642 1796.61
19997 1935.28 1718.93
20003 2117.35 1642.26
20009 2584.67 1503.01
20010 2105.63 1611.19
20032 3492.56 1396.61
20033 4039.44 1474.63
20052 2079.02 1471.99
20059 1484.79 1808.03
20060 1489.95 1759.68
20072 1574.65 1648.8
20079 659.817 1695.44
20089 882.491 1722.68
20097 2159.41 1734.88
20108 702.846 1879.89
20111 2196.41 1726.06
20122 790.853 1717.56
20126 970.59 1824.83
20128 614.282 2227.65
20133 3346.96 1533.16
20148 1490.7 1623.63
20160 2951.61 1676.41
20164 1921.1 1555.57
20214 716.677 1613.78
20225 2350.03 1594.25
20260 830.874 2012.32
20282 779.547 1871.47
20347 2906.18 1451.84
20352 1564.85 1521.07
20353 3359.69 1487.36
20364 1905 1656.99
20367 1180.16 1729.46
20394 2685.99 1464.62
20421 2108.02 1471.62
20426 727.379 1740.65
20433 3403.86 1354.54
20437 3053.25 1543.86
20448 1271.57 1545.25
20493 3925.09 1470.49
20568 2603.1 1503.06
20609 2452.27 1586.6
20656 2278.11 1574.14
20660 2023.06 1638.19
20663 847.199 1947.08
20668 3739.12 1502.89
20675 1526.59 1644.48
20680 1562.87 1597.23
20684 1911.96 1488.05
20690 2359.79 1737.63
20699 1462.26 1590.93
20723 2672.95 1458.78
20724 911.416 1898.17
20732 1725.41 1840.11
20767 934.07 1774.6
20783 835.509 1825.37
20786 1213.02 1807.32
20800 3322.34 1428.59
20813 2467.85 1520.79
20817 3397.56 1465.74
20820 3459.89 1332.12
20833 2568.44 1665.14
20834 3462.95 1558.87
20836 1075.38 1369.55
20845 1956.32 1459.32
20853 2445.31 1712.79
20858 3232.37 1528.78
20873 848.855 1269.82
20884 2494.7 1613.36
20895 1895.59 1562.37
20903 3282.92 1469.81
20905 1525.16 1674.33
20938 1031.55 2136.09
20944 870.158 1590.72
20945 3577.45 1321.33
20989 3277.23 1539.71
20999 1883.78 1489.88
21001 957.511 1905.13
21002 1611 1772.83
21006 1411.66 1401.61
21008 652.729 1674.04
21021 840.285 1654.07
21030 1938.92 1508.38
21031 2085.37 1487.84
21037 3427.2 1565.31
21048 2055.9 1738.37
21050 2506.73 1754.62
21058 3305.36 1512.49
21063 758.189 1618.58
21068 1419.08 1853.61
21074 2145.75 1517.75
21078 2090.76 1456.74
21081 928.223 1960.98
21082 928.223 1960.98
21084 898.848 2147.1
21085 746.249 1895.13
21088 2299.71 1429.77
21091 3398.78 1568.49
21092 3398.78 1568.49
21097 1628.39 1719.03
21110 2580.4 1328.37
21111 680.214 1593.14
21112 1948.34 1484.15
21118 725.258 1810.17
21122 697.768 1516.97
21132 718.99 1661.8
21140 2301.98 1507.44
21141 2405.48 1541.3
21147 2218.91 1641.73
21150 4054.55 1244.74
21154 2000.93 1632.77
21157 640.317 1689.33
21159 2024.15 1463.1
21160 1595.76 1697.41
21161 1595.76 1697.41
21163 1098.76 1657.51
21165 644.451 1165.41
21175 1055.43 2119.16
21180 950.422 2117.01
21182 1105.91 1502.75
21184 3201.31 1539.37
21190 1557.05 1843.46
21223 2642.35 1667.42
21227 2605.14 1468.99
21259 3874.92 1501.59
21268 2533.33 1555.54
21271 2381.81 1498.92
21279 2425.06 1526.5
21311 3535.13 1569.11
21313 2038.13 1756.18
21323 1971.54 1616.5
21347 656.568 1661.51
21356 2113.39 1710.59
21366 1968.71 1546.28
21379 3933.54 1503.62
21388 1489.95 1759.68
21397 1575.94 1499.97
21409 1427.47 1617.48
21410 3401.16 1339.41
21423 1963.74 1502.06
21427 4045.57 1464.83
21440 3405.5 1497.99
21441 943.769 1754.23
21447 2398.67 1508.23
21450 1437.09 1627.01
21464 3583.15 1304.67
21470 759.1 1783.85
21489 852.181 1439.93
21500 1486.49 1613.63
21511 3521.95 1377.78
21517 2609.65 1494.05
21531 3445.49 1499.48
21533 1380.28 1433.79
21551 686.153 1454.38
21574 884.275 1358.81
21595 964.108 1991.31
21609 2925.6 1608.5
21625 1010.18 1938.48
21638 3621.52 1490.46
21659 3911.55 1325.74
21687 3403.86 1354.54
21692 2293.89 1488.42
21708 1549.24 1665.93
21711 4062.14 1265.99
21714 1129.63 1759.92
21716 3895.87 1363.32
21732 2210.86 1303.81
21740 3095.07 1580.51
21746 2339.94 1558.27
21749 1085.59 1311.42
21756 3360.36 1581
21758 2136.15 1471.79
21760 1183.39 1696.15
21769 1975.47 1712.8
21772 1902.42 1637.43
21775 3076.27 1519.67
21776 4327.77 1440.07
21784 1572.87 1317.07
21785 3864.7 1124.79
21798 833.522 1262.53
21799 3313.21 1569.93
21809 2263.88 1385.43
21817 1487.89 1394.38
21854 2402.14 1476.23
21861 3034.92 1613.26
21887 2569.96 1471.07
21893 3937.61 1363.37
21905 2438.33 1450.16
21913 3484.85 1327.87
21920 3553.12 1388.95
21922 1072.83 1271.6
21928 864.95 1133.04
21933 3901.86 1204.59
21960 4004.18 1492.32
21989 3035.78 1526.85
21998 3185.2 1493.45
22011 2275.18 1363.46
22045 2890.16 1431.71
22046 2890.16 1431.71
22117 4595.39 1302.31
22141 1418.75 1678.7
22155 3204.1 1495.93
22182 1068.64 1394.66
22210 4039.78 1290.86
22214 2594.87 1381.3
22267 2306.42 1395.38
22289 3418.16 1483.81
22296 1542.76 1399.18
22329 1524.88 1338.11
22355 739.84 1179.02
22385 3385.53 1473.44
22386 3537.52 1554.58
22396 2901.12 1466.47
22415 3736.15 1485.64
22432 3880.73 1338.27
22442 3150.68 1580.2
22465 3087.18 1570.6
22468 1522.43 1595.85
22475 813.27 1212.98
22522 2003.64 1466.46
22557 3274.26 1566.45
22576 2391.5 1701.2
22586 2399.32 1359.3
22622 2383.22 1810.93
22627 2436.41 1404.2
22652 657.128 1234.67
22656 1975.14 1541.98
22670 2263.85 1753.89
22679 1430.82 1350.46
22680 4596.79 1279.1
22697 4647.96 1276.01
22724 845.87 1639.33
22746 710.185 1847.34
22779 704.763 1559.76
22788 2460.91 1725.44
22802 2244.99 1381.36
22803 2244.99 1381.36
22808 2208.61 1380.03
22809 2537.1 1480.36
22815 3077.67 1311.46
22828 2294.31 1319.54
22829 2294.31 1319.54
22843 3881.88 1464.55
22855 3718.51 1546.28
22873 2179.48 1783
22887 1115.32 1348.66
22888 840.122 1688.45
22889 840.122 1688.45
22890 893.418 1681.22
22899 1213.66 1870.7
22913 2564.42 1259.4
22917 3621.06 1392.33
22932 4254.85 1402.08
22933 2500.95 1343.42
22945 1230.48 1822.2
22947 2174.68 1672.25
22951 3820.51 1334.98
22976 669.832 1460.71
22977 759.1 1783.85
22980 2278.19 1295.49
22986 1114.22 1260.62
22987 1546.71 1428.06
22991 2236.35 1606.63
23045 2951.61 1676.41
23051 2350.36 1369.08
23057 2332.31 1587.99
23070 3554.76 1306.95
23073 2192.14 1295.39
23102 2204.84 1776.5
23103 2150.96 1570.54
23128 785.951 1263.17
23148 2151.51 1458.61
23152 1391.62 1401.35
23159 3651.14 1305.66
23172 4240.03 1338.22
23175 1392.77 1417.22
23181 2034.62 1491.41
23197 2338.07 1312.23
23203 3880.35 1485.85
23206 4021.66 1452.59
23211 1842.35 1472.12
23225 592.085 1503.27
23231 2148.07 1440.52
23234 3244.97 1529.71
23254 801.224 1132.83
23255 875.554 1450.73
23261 2329.99 1430.58
23275 1124.33 1435.75
23279 2520.51 1291.66
23283 719.99 1431.26
23291 2369.01 1286.25
23326 3463.29 1483.43
23327 2174.19 1452.42
23340 2440.84 1546.81
23355 1859.92 1352.4
23364 4024.93 1341.12
23376 1730.32 1704.06
23379 4055.21 1302.47
23381 2452.3 1438.27
23395 730.211 1492.49
23421 3659.95 1348.09
23443 3501.88 1343.83
23444 3496.71 1565.78
23459 1047.79 1464.7
23463 738.816 1479.28
23468 878.349 1403.32
23480 2255.36 1401.78
23513 3130.55 1505.42
23536 1542.13 1459.26
23538 4076.74 1297.24
23553 1376.71 1336.7
23562 3904.73 1595.83
23580 3414.61 1510.09
23587 3076.27 1519.67
23589 2198.07 1395.46
23626 3270.46 1497.25
23645 2369.56 1543.21
23652 699.324 1768.99
23656 2394.45 1478.68
23702 3462.95 1558.87
23728 2590.61 1550.87
23744 3156.8 1577.74
23745 663.478 1182.87
23748 2582.38 1436.76
23784 3558.24 1522.06
23796 982.199 2034.64
23798 651.995 1534.33
23816 2620.24 1552.03
23818 2121.66 1457.55
23832 3227.79 1510.59
23836 4272.29 1419.42
23850 873.854 1426.79
23869 890.439 1400.02
23882 648.074 1095.7
23885 4163.26 1494.52
23889 1055.22 1493.98
23900 816.185 1192.84
23913 2060.67 1469.81
23922 1599.49 1778.07
23923 884.599 1975.65
23924 884.599 1975.65
23925 1910.4 1561.59
23935 2349.05 1446.14
23936 886.203 1427.91
23939 877.178 1169.37
23952 804.214 1452.09
23957 1125.53 1450.99
23959 2076.56 1551.26
23961 621.718 1684.11
23967 1609.04 1634.39
23970 3444.71 1325.22
23973 1128.54 1383.44
23981 1515.59 1470.98
23982 1515.59 1470.98
23987 1850.06 1561.09
23990 933.935 2017.71
23991 2447.78 1336.45
23994 1507.42 1881.94
24002 3359.69 1487.36
24005 1479.95 1478.78
24009 1070 2096.2
24041 1433.37 1323.15
24042 1470.98 1402.3
24049 3602.06 1508.36
24053 3384.03 1513.24
24054 3384.03 1513.24
24056 3640.86 1396.45
24060 1961.46 1318.5
24077 4213.84 1260.52
24086 2459.15 1275.5
24103 638.057 1561.62
24105 652.506 1273.91
24112 3232.22 1560.77
24113 2358.4 1302.74
24136 3815.23 1376.48
24139 865.677 1443.46
24143 1139.28 1453.08
24148 733.933 1162.29
24149 684.052 1307.17
24154 1985.32 1467.91
24160 3379.92 1454.65
24170 1405.24 1445.26
24172 731.727 1552.58
24186 1435.96 1458.01
24192 737.344 1518.04
24211 2174.41 1334.64
24244 704.541 1123.12
24245 2351.32 1403.33
24246 2351.32 1403.33
24248 4383.59 1354.79
24249 2533.52 1432.93
24260 2065.84 1719.77
24267 1533.88 1480.7
24283 2420.13 1303.6
24287 3663.15 1401.63
24302 778.356 1211.48
24303 3115.62 1598.17
24306 2476.24 1436.94
24310 3253.06 1595.05
24313 2365.4 1403.65
24317 2209.84 1453.34
24321 3165.62 1591.99
24335 1551.44 1361.42
24336 2327 1416.33
24343 3029.25 1403.15
24345 3603.53 1160.81
24352 3866.72 1389.67
24361 2065.03 1400.95
24362 3926.27 1386.99
24369 3327.94 1296.19
24378 2484.24 1334.2
24410 3479.51 1339.06
24427 3934.07 1490.09
24431 2177.31 1355.3
24441 4049.48 1285.52
24442 4314.52 1312.45
24455 1870.37 1308.8
24463 2483.16 1346.82
24473 4725.9 1255.32
24474 3143.18 1480.52
24486 819.71 1394.72
24535 3523.69 1391.44
24539 2247.82 1284.47
24546 4614.89 1295.09
24547 2484.83 1426.06
24554 3231.51 1498.57
24555 1558.51 1294.03
24556 2251.14 1428.83
24557 750.48 1401.76
24567 2336.02 1373.94
24585 1957.28 1391.04
24626 2334.37 1342.84
24627 2334.37 1342.84
24631 2293.83 1350.68
24635 2336.26 1623.9
24636 2336.26 1623.9
24643 2673.91 1259.37
24650 1502.39 1253.54
24651 2677.2 1215.89
24652 608.609 1411.38
24662 2017.08 1342.73
24666 737.698 1246.31
24685 4119.48 1381.17
24694 1918.56 1440.57
24697 795.636 1311.07
24702 899.276 1817.4
24715 882.959 1335.95
24716 2404.3 1261.33
24717 2471.34 1320.52
24720 1306.69 1215.71
24731 1551.86 1456.64
24733 855.452 1650.16
24735 1457.52 1406.01
24744 669.832 1460.71
24745 2001.11 1286.66
24753 707.347 1497.62
24759 762.651 1307.97
24760 2564.42 1259.4
24762 3095.87 1243.91
24771 1364.7 1512.38
24772 789.295 1147.63
24773 860.55 1199.34
24789 869.295 1059.95
24792 2287.54 1410.8
24794 782.318 1101.32
24796 733.683 1343.16
24797 2056.79 1285.59
24800 2332 1354.34
24804 660.154 1136.79
24810 1043.76 2012.98
24817 2154.68 1392.34
24818 2250.59 1402.19
24835 846.939 1320.87
24837 2535.38 1305.89
24841 2042.69 1425.01
24842 772.261 1508.66
24854 1516.76 1489.37
24862 791.539 1117.08
24863 898.848 2147.1
24878 1544.35 1302.03
24881 767.2 1079.39
24882 767.2 1079.39
24885 1422.25 1357.69
24892 1939.13 1296.54
24896 2322.2 1447.44
24897 1125.53 1450.99
24906 2085.49 1277.03
24907 2085.49 1277.03
24910 1287.24 1645.02
24913 1435.14 1229.47
24917 2274.57 1673.99
24922 2948.12 1553.87
24923 1442.19 1410.96
24925 3403.28 1284.89
24927 2338.07 1312.23
24932 2194.17 1280.44
24943 1092.51 1465.67
24947 656.568 1661.51
24950 881.615 1474.35
24952 662.811 1219.47
24961 2322.33 1299.06
24966 3051.49 1326.95
24972 3254.67 1551.74
24977 2067.87 1272.61
24984 736.296 1446.23
24985 736.296 1446.23
24995 3362.14 1196.22
24998 3292.67 1173.68
25013 2340.25 1385.72
25014 2056.78 1392.46
25018 1477.61 1455.51
25019 3499.51 1314.75
25021 3084.39 1325.41
25024 1272.42 1432.58
25029 2105.2 1303.3
25030 2105.2 1303.3
25031 3379.39 1331.96
25044 2239.59 1337.02
25048 1350.63 1801.48
25057 2400.85 1428.14
25059 3840.14 1209.17
25060 723.837 1481.21
25072 3150.68 1580.2
25083 1569.16 1302.11
25086 1542.12 1313.7
25102 1308.32 1239.89
25121 4048.43 1270.06
25127 4313.94 1506.03
25142 3606.07 1374.03
25147 1926.11 1453.07
25148 1926.11 1453.07
25198 3069.8 1591.01
25212 4076 1258.57
25216 2417.53 1257.28
25228 2540.44 1243.39
25232 3192.76 1234.54
25236 2466.66 1283.46
25245 3644.84 1367.81
25270 2403.13 1369.81
25285 1383.1 1881.04
25299 3476.45 1320.8
25304 3407.08 1552.24
25318 3418.95 1362.1
25324 4444.54 1343.42
25327 2493.02 1415.51
25336 2309.82 1257.63
25340 2594.06 1342.72
25351 1565.25 1326.84
25367 2898.05 1326.23
25368 3496.79 1355.21
25369 3286.46 1142.13
25377 1859.43 1405.32
25382 1884.03 1350.78
25405 4615.68 1306.19
25445 3210.73 1239.27
25458 3287.02 1571.94
25460 2392.49 1268.4
25464 2462.77 1345.81
25467 3807.25 1362.82
25505 3206.98 1587.17
25509 1116.96 1865.99
25543 3846.52 1248.46
25549 1819.61 1205.79
25575 2268.95 1447.15
25608 2265.3 1513.54
25609 2293.83 1350.68
25618 1505.48 1322.22
25649 2574.34 1239.88
25659 1918.56 1440.57
25665 2443.83 1277.94
25667 1921.02 1408.44
25674 1095.18 1170.65
25676 2072.2 1309.5
25677 2072.2 1309.5
25691 2381.19 1244.25
25699 1913.67 1280.1
25704 2126.06 1302.73
25707 642.647 1259.42
25711 2294.47 1187.99
25714 2341.85 1188.04
25715 2411.42 1341.51
25725 3445.37 1199.79
25745 894.53 1260.84
25754 653.924 1209.95
25757 1490.2 1443.18
25761 730.211 1492.49
25762 2447.78 1336.45
25765 791.217 1039.42
25770 2369.39 1387.12
25788 2129.86 1615.93
25792 1574.93 1389.77
25793 617.216 1250.15
25804 3092.69 1260.67
25810 672.973 1522.38
25820 2367.39 1203.06
25821 2367.39 1203.06
25822 2481.54 1146.46
25833 2122.27 1438.92
25846 1511.9 1370.37
25849 911.601 1140.43
25852 924.498 1146.18
25860 3070.75 1563.03
25881 2173.06 1264.75
25887 911.68 1233.6
25888 900.965 1314.08
25897 3736.3 1541.1
25898 3432.17 1307.32
25910 733.505 1300.9
25927 676.253 1355.17
25928 2232.56 1370.1
25929 689.124 1077.51
25931 778.56 1476.74
25939 865.57 1317.35
25949 674.88 1565.05
25961 1870.37 1308.8
25964 3706.23 1233.66
25966 2252.34 1223.17
25974 3119.53 1345.44
25975 1585.6 1372.44
25986 2343.62 1241.54
25989 1542.11 1220.82
26016 3644.84 1367.81
26018 1986.14 1268.93
26032 2376.6 1559.29
26036 3111.89 1617.4
26048 4198.88 1096.49
26051 2539.93 1442.03
26062 4022.56 1597.32
26067 2898.86 1291.23
26071 1726.42 1291.21
26115 3333.36 1223.1
26122 3908.52 1188.33
26138 3808.43 1265.17
26143 4350.09 1338.53
26144 767.361 1059.52
26151 2479.67 1295.28
26169 2270.47 1121.57
26174 3358.64 1210.45
26209 3907.4 1606.98
26232 4099.27 1223.38
26233 2096.32 1265.16
26257 1365.13 1450.49
26271 3350.75 1561.44
26273 1650.99 1459.7
26275 2461.68 1364.33
26293 2502.95 1389.82
26319 1282.81 1318.73
26322 3501.48 1534.89
26332 3328.09 1135.7
26404 3325.72 1177.13
26428 2195.17 1253.67
26466 4737.74 1245.52
26512 1684.12 1385.96
26550 2178.35 1162.64
26558 2377.74 1421.56
26583 1287.31 1197.95
26608 3146.91 1481.59
26613 2395.08 1199.49
26635 2478.62 1383.64
26643 4341.55 1474.28
26658 2294.07 1206.41
26659 2294.07 1206.41
26667 2380.9 1298.56
26675 3501.55 1216.26
26676 2471.97 1460.41
26678 717.857 1272.29
26682 2529.93 1398.79
26699 907.89 1160.28
26702 611.333 1540.97
26705 840.246 1452.25
26708 2109.83 1364.05
26709 4298.91 1095.56
26713 3523.3 1200.04
26722 773.617 1856.66
26723 1249.45 1508.17
26746 2422.38 1639.57
26751 1962.82 1400.99
26752 1962.82 1400.99
26759 611.343 1507.51
26767 2089.1 1373.1
26771 1556.34 1280.96
26794 3749.28 1253.9
26802 1914.08 1259.07
26808 3340.43 1280.09
26815 1146.8 1361.22
26825 2896.69 1248.75
26834 2210.86 1303.81
26838 4152.76 1100.28
26855 3194.01 1160.36
26866 2589.84 1207.81
26870 1083.7 2642.8
26873 2914.21 1236.21
26877 693.387 1223.24
26882 3756.76 1306.5
26893 4038.71 1586.79
26895 2361.87 1415.11
26900 2028.32 1373.4
26902 2028.32 1373.4
26907 3785.93 1200.29
26908 887.195 1416.13
26916 2602.34 1390.58
26934 1269.14 1450.2
26961 2093.93 1330.37
26965 2427.31 1437.51
27069 3088.23 1423.64
27076 1702.65 1282.92
27087 2927.63 1405.25
27105 4532.4 1291.76
27125 3039.42 1329.38
27248 2227.01 1317.95
27251 4018.3 1384.66
27365 2789.92 1382.29
27366 2789.92 1382.29
27379 1470.96 1209.67
27411 2132.9 1347.67
27426 1216.98 1240.9
27447 846.133 1349.42
27449 1076.16 1224.81
27452 2346.24 1330.3
27464 2588.62 1409.43
27469 798.875 1205.36
27514 3942.01 1111.35
27550 3306.25 1157.76
27551 631.107 1296.12
27584 2124.36 1380.33
27614 3267.54 1263.84
27627 1060.76 1519.82
27632 3765.93 1185.58
27664 1984.33 1307.73
27727 3386.76 1281.42
27751 1422.37 1369.99
27752 3134.3 1343.37
27794 2001.16 1263.44
27804 4296.78 1119.05
27805 3863.19 1363.47
27840 2336.02 1729.48
27863 4370.44 1317.44
27890 1928.7 1473.34
27899 4730.63 1210.12
27936 3901.86 1204.59
27979 1229.38 1410.36
27984 2577.46 1290.17
28053 3758.34 1363.23
28152 3776.65 1301.67
28243 1607.93 1269.86
28300 2198.27 1216.56
28376 638.818 513.446
28401 4209.13 1221.7
28541 1123.13 1481.5
28542 1123.13 1481.5
28566 815.423 1316.91
28573 2241.42 1400.83
28659 2183.48 1424.65
28662 2028.32 1373.4
28719 3403.16 1286.57
28774 4615.16 1278.62
28987 1354.18 1467.87
29530 1693.18 1426.58
29633 74.1685 1478.08
31386 863.466 916.793
31563 1298.63 1130.26
31613 706.488 524.621
31674 1004 982.049
31827 1728.66 1185.37
31917 1205 1182.52
32097 604.734 710.966
32098 1501.25 2541.26
32188 1420.83 1049.73
32274 1281.86 1880.86
32322 3012.92 1180.95
32418 1176.64 854.331
32438 246.609 1475.56
32670 515.05 470.304
32958 1089.83 970.349
33194 1063.58 940.32
33243 1473.6 1146.58
33262 965.264 654.994
33316 1809.85 1086.44
33491 1805.94 1054.39
33510 1594.75 1456.56
33643 2759.29 1012.05
33761 388.23 1098.76
34291 1807.54 1068.69
34303 279.859 1787.57
34346 700.584 979.872
34578 135.935 1409.88
34623 81.2982 1499.16
34764 1800.85 1093.54
34886 1884.65 1198.49
34890 1176.5 1076.57
34896 1913.22 1165.43
34930 697.108 993.069
35397 983.353 991.288
36208 1744.98 1162.16
36500 1097.5 385.479
36536 702.531 538.404
37321 780.738 391.471
38630 1274.1 2454.44
39059 1123.08 2619.86
39382 844.786 300.114
39734 1235.28 2975.09
40260 1462.27 2432.77
40480 1255.92 3239.88
40717 1020.72 3065.88
41210 1389.62 427.521
43367 781.884 2911.93
44031 1822.46 1931.95
44084 1859.51 1955.29
44720 892.191 2656.15
44950 1085.06 2127.17
45086 879.406 2220.34
45087 430.936 2306.73
45127 1943.93 1860.7
45606 1900.05 1827.77
45801 509.196 1599.41
45812 863.453 2457.68
45815 1805.77 1923.67
45828 1799.92 1886.8
45999 443.098 2169.45
46066 1474.15 1885.49
46200 2088.73 1810.76
46300 905.846 3145.46
46372 1336.7 1905.13
46406 1212.15 2975.86
46409 246.609 1475.56
46469 1555.69 2552.28
46530 1463.36 2049.57
46580 2844.04 1591.75
46638 503.93 1561.65
46643 937.594 1722.97
46657 1066.72 3164.51
46659 1773.17 1899.55
46689 1195.01 1684.96
46716 623.932 2209.91
46763 1331.88 1781.54
46774 854.092 2224.14
46835 1091.79 2153.06
46857 30.4016 1688.07
46887 1118.19 2899.3
46905 282.527 782.302
46947 1287.24 1645.02
46974 1440.71 1978.7
47078 2779.8 1851.23
47118 1757.54 2091.81
47132 251.677 1573.68
47154 247.833 694.615
47156 2900.02 1715.48
47170 1474.15 1885.49
47182 1341.09 1728.11
47194 2623.85 1716.59
47221 265.916 1580.56
47238 347.704 1571.09
47258 1158.12 1716.18
47264 2396.05 1678.55
47285 2134.48 1739.88
47288 1201.94 1731.51
47296 544.022 2491.84
47322 1472.49 2020.9
47328 1250.92 1646.58
47342 1327.87 3194.83
47353 614.541 1711.7
47373 1958.78 1788.65
47407 569.362 1822.99
47416 3759.8 1475.92
47486 1261.17 1819.52
47500 1175.51 1564.53
47501 1427.66 3295.71
47510 1435.89 1729.13
47518 1824.81 1586.84
47540 1485.01 2400.83
47576 1341.34 3171.25
47603 1778.83 1622.43
47606 1686.2 1704.45
47626 1762.42 1863.51
47649 1835.79 1636.73
47680 1669.6 1646.99
47699 1723.65 1780.97
47702 2859.24 1459.99
47715 1614.06 2547.17
47716 1774.07 1519.17
47726 1771.56 1803.34
47735 619.62 1613.28
47740 933.779 3195.53
47745 2885.92 1620.9
47751 1765.94 1485.89
47781 655.568 2734.42
47800 1256.73 2755.91
47802 2875.88 1557.51
47826 1392.17 1904.62
47835 3022.87 1485.23
47839 1674.07 1554.04
47860 2732.36 1592.62
47861 1706.41 1711.93
47875 1410.34 1745.86
47890 2764.32 1758.17
47901 1723.33 1680.35
47908 1732.61 1669.42
47911 1365.83 1603.96
47940 1457.9 1902.95
47949 2875.12 1633.82
47983 1417.87 1770.5
47996 1810.93 1735.27
48006 1755.8 1529.29
48033 1037.93 3135.48
48035 1462.26 1917.07
48036 1390.71 1685.16
48046 2812.8 1689.31
48063 778.386 3100.64
48064 1252.97 1875.81
48098 672.507 2021.38
48099 1745.23 1753.62
48113 3949.32 1471.46
48114 4411.66 1529.68
48126 789.716 2179.07
48150 1761.06 1767.66
48170 703.274 2044.14
48171 1399.65 1650.5
48177 624.364 1977.96
48190 1728.74 2044.86
48205 1783.15 1478.37
48206 1783.15 1478.37
48212 1783.74 1635.72
48217 4278.2 1383
48228 2403.79 1539.63
48241 3007.57 1463.22
48258 978.838 2875.61
48262 1332.74 1655.95
48269 645.831 1787.83
48272 1201.94 1731.51
48322 2719.71 1720.92
48338 939.198 2754.08
48343 566.687 2044.99
48344 1733.07 1529.94
48349 920.304 2808.51
48351 1605.37 2252.8
48353 2571.22 1551.4
48354 1348.86 1834.26
48355 1348.86 1834.26
48392 439.837 357.313
48398 1333.78 1777.66
48402 964.431 1797.09
48406 2068.24 1572.96
48415 597.996 2349.35
48420 1445.88 1764.73
48429 752.152 1994.07
48441 624.026 1652.22
48447 1654.25 1733.96
48451 1192.5 1548.8
48452 1280.99 1821.94
48453 1280.99 1821.94
48461 879.1 1576.16
48464 1236.04 1742.55
48471 1699.13 1875.5
48489 997.306 2281.79
48492 1227.7 1715.62
48494 1750.51 1709.54
48505 516.082 832.176
48512 1814.9 1763.51
48518 335.408 788.588
48519 4236.56 1401.74
48534 1290.7 1908.5
48538 2866.89 1454.57
48541 1215.76 1682.73
48560 928.165 2904.46
48589 2733.8 1670.51
48592 1195.51 1895.7
48625 213.682 1658.06
48628 1613.17 2085.51
48632 1418.31 2876.89
48633 1178.86 1700.72
48634 1713.34 1743.61
48650 1848 1502.04
48653 1864.17 1546.59
48668 1694.55 1703.74
48676 932.469 2385.96
48683 1875.51 1699.19
48709 170.145 1002.67
48712 2032.39 1618.16
48713 1586.46 2336.14
48724 845.87 1639.33
48726 1313.73 2603.86
48750 4116.46 1495.62
48753 1491.19 2293.58
48756 1669.8 1530.07
48760 1372.3 1928.77
48766 253.25 1302.04
48770 991.606 1634.71
48775 2865.88 1497.68
48781 2213.74 1680.42
48782 1209.88 2673.33
48798 542.994 2614.3
48805 230.424 891.94
48810 1436.51 1562.41
48817 836.487 1948.43
48825 897.519 2266.47
48831 1685.77 1828.97
48841 1708.19 963.417
48848 1604.81 2648.86
48872 736.16 2048.95
48886 1726.95 1736.51
48899 1758.63 1848.48
48911 2701.43 1732.04
48915 577.565 1701.76
48925 1855.11 1816.44
48928 1321.23 2860.5
48934 1432.55 1859.4
48942 1830.99 1723.86
48943 292.41 554.128
48948 127.837 1699.12
48949 126.919 1699.07
48968 1550.34 1798.22
48969 353.607 2132.33
48970 1649.71 1520.52
48978 1211.73 1527.18
48979 1071.98 2644.41
48983 708.788 2699.93
48996 1131.91 2915.34
48997 1131.91 2915.34
49000 1006.95 1565.4
49018 1041.21 2902.25
49030 3965.76 1467.37
49034 929.054 2660.49
49040 271.105 1436.14
49060 1233.92 2599.82
49068 1465.41 2613.64
49079 2718.9 1492.28
49114 1155.2 1985.23
49116 445.699 398.463
49118 153.162 1214.04
49119 1408.22 1779.1
49120 1316.95 2178.82
49137 1438.26 1911.78
49149 549.146 949.333
49150 2267.41 1582.22
49153 1761.36 1559.29
49172 1098.64 1935
49178 1058.64 2310.78
49185 1839.17 1916.9
49189 3568.1 1403.31
49194 1242.73 2982.07
49200 2010.45 1545.2
49210 2830.45 1585.81
49222 37.9879 1608.4
49224 825.197 2575.1
49229 2712.68 1466.64
49231 1712.07 1682.48
49252 2769.26 1790.68
49253 1672.75 1489.98
49274 3022.85 1448.11
49276 1809.63 1826.63
49277 228.208 1129.61
49280 2884.59 1639.81
49286 672.183 2786.71
49302 907.785 145.964
49303 1348.08 1872.69
49313 269.903 1568.72
49332 25.8254 478.975
49333 646.045 1055.97
49341 490.144 1876.32
49349 2738 1502.62
49354 1423.58 1658.49
49364 1052.8 1602.38
49367 1511.67 2656.78
49374 1365.62 1867.94
49375 459.919 1253.59
49390 323.021 709.106
49401 1737.74 1728.83
49411 556.654 675.12
49435 914.463 1675.81
49455 2268.21 1643.97
49461 1652.16 1776.58
49483 1247.09 1819.14
49496 307.89 1762.3
49512 795.033 22.4581
49521 2940.13 1565.62
49527 614.731 430.427
49528 1294.8 1826.94
49536 1359.54 1585.92
49545 1342.1 1609.52
49547 1279.92 1919.37
49559 1733.22 830.023
49577 998.708 1163.84
49580 478.098 1127.51
49586 2749.26 1673.94
49602 1517.71 1017.97
49605 1778 1670.99
49658 319.312 817.798
49659 977.164 2381.93
49664 882.846 1897.18
49670 700.847 2795.31
49673 1550.42 1774.09
49679 372.811 469.016
49714 1697.56 1545.72
49721 1776.66 1827.29
49759 1476.68 1904
49763 250.792 555.919
49785 389.67 629.53
49805 1748.71 1766.55
49826 1839.46 1562.55
49833 1262.24 2570.49
49856 1302.4 3093.32
49871 1068.32 1755.4
49880 2831.99 1375.21
49885 1524.31 2867.15
49890 1365.28 3273.21
49891 1627.22 2760.32
49898 1760.62 1530.97
49913 557.106 2576.12
49919 1188.59 2701.07
49923 934.329 1683.44
49925 1427.01 2377.95
49927 2824.89 1695.21
49937 1154.27 3168.43
49938 627.678 2374.38
49961 1849.56 1659.63
49974 1690.5 1477.44
49982 1720.98 1432.5
49991 1250.71 3284.89
49996 1534.99 1872.11
50009 1084.02 2701.75
50016 1447.6 3273.26
50023 1710.21 2172.61
50024 552.244 1295.61
50025 200.594 840.513
50028 735.048 2382.84
50032 1737.28 1573.4
50033 1667.81 2859.62
50035 1570.13 2547.46
50041 893.733 2809.27
50042 1609.21 1686.38
50044 1062.83 2819.33
50071 1258.5 1675.2
50074 1553.44 2747.78
50088 1077.59 2172.07
50095 1419.76 1719
50097 2723.78 1610.72
50101 1412.6 2911.27
50106 812.436 356.805
50107 1402.7 3078.96
50116 1274.36 1859.77
50133 1014.87 3003.61
50146 1616.9 2783.79
50157 1636.45 1657.24
50183 552.055 1578.64
50190 272.174 582.903
50215 4245.88 1412.13
50216 4245.88 1412.13
50218 435.987 471.551
50220 703.516 1808.55
50221 2024.22 1667.81
50222 335.408 788.588
50225 429.641 1003.06
50228 2867.81 1486.92
50234 838.568 2983.46
50235 922.479 2993.68
50237 2017.54 1484.85
50256 2144.39 1535.5
50264 1318.07 2653.76
50269 2818.89 1275.88
50271 469.223 840.185
50274 1081.22 2676.4
50277 1341.34 3171.25
50286 1720.22 1501.11
50309 3330.06 1507.28
50317 1286.52 1939.83
50330 2688.23 1657.01
50339 1690.26 1606.96
50387 871.43 1369.07
50402 1331.31 2643.46
50410 952.412 2336.03
50411 1601.18 2279.58
50414 970.112 2723.18
50417 2727.75 1556.08
50418 4565.63 1276.54
50420 993.911 58.8015
50446 988.353 2470.19
50449 735.539 2136.94
50464 1062.72 1726.74
50467 1698.7 1639.35
50469 1326.61 3192.93
50482 1320.93 2137.2
50494 1809.63 1826.63
50501 585.637 479.693
50504 1758.79 1866.35
50507 1867.57 1737.84
50510 684.099 1928.88
50511 2934.96 1578.9
50528 1089.99 225.195
50535 810.736 2188.28
50544 28.5732 903.219
50548 637.985 1808.68
50564 386.266 1639.98
50571 1477.42 2960.73
50573 947.579 1643.43
50575 1796.99 1607.32
50581 1196.61 3056.56
50582 192.476 1666.36
50584 652.016 1673.98
50586 359.862 1333.79
50599 1259.99 1391.88
50607 899.756 2229.66
50623 1034.99 3122.38
50639 828.808 1839.17
50657 739.976 612.125
50660 1070.22 2906.73
50673 1009.27 3096.92
50694 821.047 2996.9
50709 2725.8 1541.28
50711 1694.71 1847.67
50712 1154.96 1592.41
50713 915.848 1204.99
50715 2292.61 1559.01
50719 2829.59 1488.05
50727 1132.08 2926.02
50745 65.2235 1862.14
50749 1141.38 1896.05
50754 570.063 1772.19
50760 2661.77 1366.94
50774 403.638 1022.18
50775 4009.5 1372.88
50776 1142.12 158.555
50781 62.1877 1479.17
50820 241.227 749.717
50822 4247.44 1489.62
50834 463.557 1534.98
50837 2836.58 1623.32
50840 865.614 2222.7
50857 1390.76 1888.88
50858 500.614 1888.71
50863 2032.77 1635.97
50874 4117.04 1470.57
50888 1495.72 2512.8
50903 330.944 215.739
50920 1581.99 1738.02
50928 745.49 2027.64
50930 1172.23 1596.77
50932 1870.47 1749.04
50953 1136.8 2666.46
50957 961.57 1729.4
50977 320.893 2199.74
50986 1166.24 1576.44
51000 363.516 1626.86
51004 1708.05 1584.54
51011 251.553 647.807
51024 1699.2 1592.72
51031 464.544 1984.22
51047 340.056 1043.76
51049 4558.36 1297.12
51053 393.359 828.143
51056 527.081 66.6348
51067 919.336 1367.94
51088 1842.71 1815.4
51089 1991.91 1614.42
51096 87.8358 1401.16
51097 87.8358 1401.16
51099 1399.42 1786.85
51101 925.503 1694.97
51105 1110.68 148.866
51109 2754.23 1486.09
51114 1072.25 2316.6
51126 1370.99 1697.5
51144 322.749 1589.54
51147 1643.5 1856.32
51148 1643.39 1856.33
51163 2803.54 1556.4
51166 752.569 2294.04
51171 993.882 1621.85
51173 588.602 710.667
51174 1729.43 1876.21
51176 653.269 652.754
51177 638.818 513.446
51185 862.264 1640.27
51186 1838.09 1829.43
51190 157.827 914.033
51210 592.824 2207.6
51219 222.707 1434.2
51230 519.642 1356.64
51232 908.706 2298.35
51235 4340.13 1328.67
51250 4259.72 1380.71
51251 1340.74 3059.32
51254 879.73 2960.17
51257 1701.82 1560.18
51266 1817.66 1758.95
51267 807.073 2098.19
51278 1013.51 3279.79
51286 1042.41 2925.16
51287 1761.94 1682.64
51295 259.632 694.18
51308 766.992 2757.2
51309 1355.84 3223.19
51313 2388.6 1617.73
51327 1559.97 1866.7
51331 1203.71 3003.17
51334 791.542 2794.6
51335 2581.16 1514.77
51339 1200.25 1859.17
51341 1693.73 2846.77
51348 577.06 853.002
51350 1003.88 3094.76
51351 1223.38 3402.61
51352 1097.35 3077.46
51363 1252.58 3201.65
51365 1413.92 2832.63
51366 913.219 1656.68
51371 1265.87 3351.76
51372 2345.22 1668.24
51378 1436.04 2627.37
51379 434.118 1502.41
51387 284.016 319.293
51395 1474.31 2292.82
51397 1809.42 1506.05
51399 893.885 2036.67
51415 1497.05 2362.22
51424 1426.55 2434.81
51440 1511.78 2227.8
51450 1240.08 3399.55
51451 1280.34 3355.38
51452 1799.46 1793.26
51457 2670.18 1409.96
51458 1069.53 3429.5
51459 1069.53 3429.5
51466 1270.37 3322.14
51476 1247.87 3306.11
51477 2540.7 1746.9
51480 1240.77 1248.44
51487 1309.71 3159.89
51499 800.978 3050
51502 328.746 919.189
51509 1537.3 1658.8
51510 1537.3 1658.8
51512 719.086 2923.88
51517 133.566 1569.3
51525 343.555 1201.56
51527 2931.58 1495.91
51529 234.234 839.494
51530 1698.04 1385.74
51535 1024.8 3287.89
51544 2965.19 1620.16
51546 601.264 1933.17
51551 1825.21 1805.31
51554 691.771 2061.72
51555 365.413 816.625
51558 1230.32 1344.43
51561 1151.27 1543.12
51562 567.471 529.375
51564 982.705 3325.91
51565 982.705 3325.91
51567 2957.68 1645.75
51569 1299.4 3050.27
51580 676.942 1733.61
51594 345.543 1832.68
51598 1019.68 3302.57
51612 893.764 1607.17
51613 1665.05 1756.07
51615 1089.55 3424.45
51616 2100.67 1560.35
51617 1718.33 2078.84
51619 666.742 1716.09
51621 549.714 1637.16
51625 1514.02 2999.18
51626 2841.81 1657.32
51629 1787.39 2433.25
51630 922.479 2993.68
51632 908.708 3000.04
51635 840.914 3013.49
51638 256.81 829.755
51646 624.887 1087.72
51671 1167.86 2916.94
51676 1048.96 3435.81
51682 189.054 1339.67
51687 1736.26 1890.14
51689 758.399 2782.6
51695 1151.94 3195.82
51699 1044.36 27.3343
51700 2960.09 1331.65
51702 418.21 491.346
51706 1167.94 3037.93
51711 1498.99 3080.09
51727 2589.98 1313.91
51733 280.528 1240.84
51737 1291.77 3091.16
51738 988.425 3340
51745 814.294 2944.06
51753 2707.54 1345.33
51757 1178.26 1250.92
51759 1034.97 1590.2
51770 204.726 1244.29
51776 1741.28 1787.49
51779 1272.59 1583.47
51785 1032.7 2816.44
51790 586.456 2465.16
51796 1592.44 2649.83
51799 3313.22 1544.62
51803 2948.12 1553.87
51806 1736.97 1816.9
51810 1458.06 2399.84
51817 497.172 1434.75
51819 273.171 480.13
51830 1405.51 2901.94
51831 1405.51 2901.94
51835 55.981 1691.81
51845 1172.62 3200.51
51847 3346.96 1533.16
51862 720.344 806.117
51880 2740.25 1630.58
51888 4255.88 1421.05
51891 280.538 1771.7
51895 1156.41 3431.68
51897 1659.97 1495.89
51912 2795.54 1694.69
51919 297.234 417.945
51922 964.391 467.956
51923 1437.06 1545.7
51930 332.015 978.764
51931 547.583 384.257
51937 2247.54 1312.09
51938 2247.54 1312.09
51940 1200.68 3010.14
51942 628.182 2322.62
51943 1382.33 2658.58
51954 986.586 3157.27
51958 1207.93 3196.5
51964 959.337 1690.75
51971 182.994 1023.69
51975 441.331 1463.42
51981 993.932 99.7232
51993 1767.63 2090.11
51995 1354.25 1568.58
52006 535.243 976.694
52010 184.972 965.278
52013 210.296 754.316
52019 1780.96 1736.57
52020 1780.9 1736.56
52033 987.56 2655.08
52034 4745.32 1330.75
52040 1707.09 1425.06
52041 1697.24 1342.08
52042 1079.53 3193.16
52047 1783.46 1888.24
52048 1783.46 1888.24
52049 4422.09 1192.49
52068 803.503 2641.18
52075 2683.07 1621.99
52080 1053.55 1467.77
52083 3056.71 1646.23
52090 937.474 1083.38
52106 459.453 1106.39
52115 423.233 1961.73
52116 843.724 2236.57
52121 386.773 1610.93
52125 1403.47 1844.44
52130 1832.58 1308.77
52131 666.079 2197.16
52135 928.075 2072.42
52143 1662.7 1270.43
52145 1747.23 1721.42
52153 664.827 1952.97
52156 1282.55 1958.95
52160 1055.27 2280.27
52165 1721.63 1715.24
52172 917.588 444.529
52173 917.588 444.529
52193 762.85 2353.65
52201 2429.02 1750.36
52206 1036.82 1696.64
52208 724.259 3001.6
52210 2783.22 1631.05
52212 94.3827 465.761
52216 404.626 1118.69
52217 3574.58 1375.92
52218 496.956 334.352
52237 1999.71 1696.18
52240 583.966 1374.82
52243 2118.2 1721.2
52244 90.8963 1386.28
52247 1109.47 2106.78
52252 703.998 1923.36
52259 197.086 630.991
52265 1963.58 1480.35
52267 1050.26 2447.76
52273 70.6833 795.933
52276 1349.31 1417.11
52277 1276.76 2202.35
52280 4375.28 1205.9
52281 697.106 2615.13
52285 1086.57 3445.41
52295 950.291 1544.07
52296 950.291 1544.07
52317 147.837 1178.53
52325 1717.72 1698.68
52329 4363.61 1138.94
52333 1776.38 1383.2
52335 1680.58 1415.34
52339 2957.91 1650.4
52347 1296.35 1704.41
52351 1822.29 1442.01
52359 388.26 1765.11
52361 388.26 1765.11
52362 1310.55 1721.42
52365 1224.43 2323.6
52371 2858.47 1645.95
52372 1207.56 1668.61
52373 1207.56 1668.61
52382 215.574 1145.68
52386 2345.52 1489.92
52392 4088.16 1274.54
52394 596.096 2263.31
52403 619.457 2238.75
52406 1005.37 3438.56
52414 944.018 450.976
52419 4112.82 1327.72
52424 1802.34 1693.06
52430 546.462 1328.41
52433 883.926 2140.55
52436 326.173 2179.32
52447 962.998 1590.84
52448 4351.71 1449.59
52463 1076.75 1745.28
52464 1076.75 1745.28
52466 1778.03 1355.11
52473 2830.15 1884.33
52477 336.203 740.957
52482 471.486 1302.78
52486 581.352 1671.52
52489 2934.03 1394.16
52492 1424.38 1584.58
52509 1717.72 1698.68
52530 1147.99 3372.17
52536 1502.71 1710.07
52546 2935.17 1405.52
52547 2935.17 1405.52
52557 4286.56 1323.46
52562 1428.38 2903.5
52565 633.793 2382.97
52574 1914.91 1682.11
52580 1036.71 3041.12
52581 1074.06 3368.18
52583 1250.12 2273.2
52585 732.689 1643.53
52590 1546.99 2878.46
52596 1587.01 2721.41
52599 2261.54 1819.45
52603 1360.01 3307.49
52605 1199.9 1859.18
52609 1081.67 155.395
52632 1003.82 2721.03
52643 1081.14 2754.59
52646 3465.95 1360.41
52653 2908.61 1340.05
52656 1467.32 2639.76
52659 732.728 795.152
52664 1707.18 2816.51
52674 1316.07 3128.18
52681 1069.96 3339.31
52682 1123.73 1572.85
52696 4096.51 1167.83
52697 1751.83 1297.39
52704 1533.28 1601.3
52705 1533.28 1601.3
52707 769.694 1544.03
52709 3351.47 1547.49
52710 3351.47 1547.49
52714 2911.35 1430.55
52723 1896.06 1642.17
52730 967.753 156.792
52732 675.958 1804.28
52733 735.202 1683.82
52736 579.375 34.3564
52745 876.034 1554.34
52746 1044.95 3467.61
52749 1568.6 2749.81
52754 1242.81 1698.09
52755 1242.81 1698.09
52762 906.704 2279.65
52763 853.109 327.227
52766 1316.24 1858.26
52769 567.927 1265.95
52771 1610.18 1505.28
52772 1326.17 2681.56
52776 1215.29 2628.29
52778 494.175 682.742
52780 1488.94 2439.98
52784 1514.19 1567.43
52786 332.695 1023.89
52788 1513.62 3073.88
52792 1204.01 412.404
52795 617.853 2410.76
52796 1305.37 2797.55
52802 1055.35 3449.72
52810 899.049 1179.67
52828 4551.62 1314.56
52829 909.862 3359.82
52843 1634.16 1829.33
52852 229.567 982.054
52855 1400.32 2926.46
52859 945.334 3329.33
52860 1750.08 1384.86
52869 2159.71 1658.79
52884 738.013 2843.83
52886 752.936 539.837
52888 956 285.87
52892 1442.97 134.383
52898 694.019 1941.82
52899 385.441 759.843
52902 1729.81 1858.09
52906 912.739 1786.14
52915 473.577 764.73
52919 713.008 2765.06
52923 1739.58 1336.3
52934 1396.35 1384.12
52936 1560.22 2494.82
52938 575.024 121.884
52939 1452.15 2869.03
52947 1160.7 3108.6
52948 533.222 1386.47
52951 483.689 2166.15
52954 862.956 2659.77
52955 862.956 2659.77
52957 1325.37 488.612
52962 1495.09 3169.94
52964 1247.52 1478.36
52966 2787.97 1320.24
52971 1103.14 3408.02
52975 1494.09 3121.61
52980 1009.43 1922.99
52981 1666.85 1407.34
52987 990.59 1811.45
52993 2145.75 1517.75
52997 583.304 1593.5
53004 1324.02 3273.24
53011 980.818 2343.6
53015 873.865 3286.06
53016 564.014 1500.04
53020 1421.76 36.4588
53021 1392.84 187.584
53041 1595.82 1418.16
53043 299.574 523.191
53044 1598.38 2669.76
53045 1628.51 1488.27
53047 1240.31 376.277
53070 2762.34 1547.06
53071 1694.66 1622.11
53076 1707.17 1246.45
53077 877.708 2616.36
53080 1096.82 1840.53
53084 900.775 3394.63
53088 731.171 1895.87
53089 1366.75 3094.15
53090 1070.22 2906.73
53098 1253.48 3263.24
53102 285.565 491.911
53106 562.927 1829.55
53107 1693.09 2040.56
53108 1138.18 931.75
53109 281.989 1323.04
53112 2772.14 1335.4
53118 1002.04 2020.75
53123 1653.12 2563.37
53132 1223.79 1445.38
53136 765.347 2572.14
53138 1018.6 1817.81
53143 1682.81 1366.26
53144 1145.78 1638.15
53145 1041.21 2902.25
53148 558.028 452.685
53149 2691.18 1424.33
53155 1480.54 2443.4
53156 968.363 3509.73
53158 167.301 1319.93
53159 1772.75 1413.62
53166 1788.85 1246.8
53180 1227.07 3461.3
53181 1227.07 3461.3
53184 931.209 1948.73
53185 1687.53 2156.39
53195 1014.48 1704.81
53196 1014.48 1704.81
53197 930.432 3486.93
53198 995.154 3535.57
53206 1115.78 2331.95
53207 826.033 665.989
53208 826.033 665.989
53209 111.923 1146.04
53212 2776.18 1284.46
53214 865.169 3299.4
53218 86.8519 895.566
53219 1346.51 2213.01
53222 551.341 405.65
53227 560.65 1243.23
53232 365.393 1043.47
53236 327.989 1328.29
53238 1066.03 3565.59
53239 4652.78 1323.16
53240 771.515 2783.89
53241 1607.49 1320.1
53242 1372.05 312.62
53246 399.776 504.107
53247 1136.59 2596.57
53248 1663.03 3011.5
53249 564.668 2030.16
53254 984.622 3438.99
53258 348.257 1571.45
53261 1662.7 1270.43
53263 302.794 1257.38
53275 2804.97 1876.71
53278 622.953 1797.97
53285 1669.57 1379.59
53286 665.232 2002.33
53289 1272.07 1218.93
53291 680.338 2470.11
53292 758.189 1618.58
53300 1470.01 2875.3
53306 2268.74 1418.95
53313 894.977 1366.47
53314 182.994 1023.69
53328 2650.47 1365.11
53332 303.751 777.816
53337 885.905 563.983
53338 688.337 1905.64
53339 1371.89 486.65
53341 50.0714 842.791
53347 2777.59 1437.39
53348 4410.37 1242.78
53351 920.745 2429.21
53352 2999.15 1693.08
53353 1074.96 3559.2
53356 1710.45 1634.07
53357 1247.05 1928.14
53358 1362.09 1297.21
53362 1406.71 3303.06
53365 1147.28 2507.25
53370 575.166 616.489
53372 531.547 387.982
53374 1412.54 1346.23
53377 2998.76 1658.32
53384 1199.55 1816.9
53385 1199.55 1816.9
53386 539.09 1090.92
53399 921.774 1586.77
53408 3098.48 1516.45
53409 1334.7 1591.28
53411 207.673 1464.61
53412 905.649 2091.7
53431 913.609 1610.53
53433 852.524 648.702
53435 2649.39 1405.61
53442 1343.64 1468.41
53450 842.104 1182.69
53451 1028.83 1297.75
53454 1715.05 1319.3
53458 1383.06 417.425
53462 976.066 1811.98
53466 998.029 3583.65
53479 1276.36 359.638
53490 137.09 535.995
53494 958.618 2365.04
53497 3844.68 1325.08
53503 1139.88 2393.49
53504 593.656 1577.09
53512 457.435 364.706
53515 716.677 1613.78
53517 1484.97 1770.55
53521 1239.43 1798.58
53522 714.474 2122.91
53525 299.05 1668.47
53527 1114.81 2036.19
53528 1397.73 1544.07
53534 1334.9 500.46
53536 1945.57 1361
53549 892.636 2786.62
53557 2849.11 1373.32
53566 1690.95 1285.65
53575 725.444 1701.62
53582 1239.34 1305.12
53584 717.857 1272.29
53585 2036.72 1702.99
53586 1771.77 1447.38
53597 1521.43 1513.6
53599 2649.58 1427.32
53602 35.8616 835.531
53605 877.784 3387.27
53607 586.775 1348.24
53608 1066.33 1504.9
53609 375.181 790.92
53610 692.811 817.734
53613 1116.77 3411.56
53634 1010.62 1547.36
53644 907.882 42.9778
53645 870.623 1550.82
53666 2726.15 1686.32
53669 952.487 2746.69
53673 1136.8 2666.46
53676 1342.24 1485.96
53683 486.047 65.3168
53687 439.379 927.516
53694 2073.34 1360.58
53696 1529.25 2209.52
53699 810.065 2896.24
53701 1531.03 1303.23
53702 2835.28 1697.17
53707 387.415 1765.09
53708 1274.17 2689.15
53709 1274.17 2689.15
53718 584.49 429.682
53719 584.49 429.682
53728 425.246 1246.57
53733 1516.76 1489.37
53735 637.141 958.644
53744 1628.99 1273.29
53745 1528.48 2299.54
53758 596.456 536.646
53759 715.19 821.955
53760 715.19 821.955
53762 2780.05 1567.2
53764 3880.73 1338.27
53765 656.714 377.582
53771 986.699 1464.76
53776 1267.33 1286.52
53779 2915.69 1654.88
53781 802.43 356.972
53783 3249.57 1323.27
53791 1258.04 2872.15
53795 3215.62 1332.78
53797 1125.54 1969.16
53798 1125.54 1969.16
53802 1858.82 1863.23
53806 2986.49 1686.84
53808 1350.56 1293.02
53823 1064.58 1531.71
53829 996.565 1199.11
53830 1580.39 1446.73
53837 1388.43 252.051
53843 908.775 1435.1
53851 303.019 1206.82
53852 830.116 1278.67
53853 1530.02 2382.78
53874 24.161 838.007
53876 862.506 1539.98
53879 211.733 1363.26
53883 297.413 1461.9
53886 2853.19 1703.88
53887 2853.19 1703.88
53891 1268.58 471.759
53892 1268.58 471.759
53903 4633.25 1318.76
53908 146.897 925.039
53909 163.784 1065.65
53911 1820.77 1732.16
53922 1454.11 1806.13
53923 220.736 705.295
53924 829.913 465.781
53931 928.671 1463.87
53942 1950.31 1348.94
53943 1224.64 1674.36
53945 1231.68 1376.31
53946 1231.68 1376.31
53948 718.62 1990.15
53949 1068.47 1088.09
53951 1068.47 1088.09
53952 1260.05 1571.32
53954 714.815 1317.39
53958 493.506 1330.9
53967 2790.7 1643.38
53976 1725.64 1646.91
53986 326.437 1302.58
53995 1236.47 2170.64
53997 616.243 1155.31
54000 3717.9 1158.69
54003 663.121 1857.66
54004 417.64 812.511
54005 2183.4 1374.02
54009 630.973 451.313
54018 680.467 701.278
54020 1783.37 1331.58
54021 1323.77 3147.7
54026 513.845 860.262
54029 329.675 1362.32
54030 880.478 2646.2
54032 1413.97 1528.86
54042 500.591 914.039
54050 409.959 1196.66
54070 1104.16 1338.24
54071 998.1 1314.2
54073 2704.45 1430.67
54075 1061.32 555.018
54082 929.78 272.243
54084 650.372 1345.78
54088 566.803 941.579
54096 581.77 703.328
54105 1118.88 157.828
54109 819.642 2180.82
54113 4536.68 1310.03
54114 1063.27 2583.29
54115 450.919 1896.88
54116 1376.87 3064.69
54117 1128.23 3013.57
54125 2576 1812.17
54126 1019.94 2018.39
54128 917.033 3318.6
54129 1183.66 2140.14
54130 661.633 2641.47
54132 2601.05 1585.79
54135 2096.6 1824
54139 1460.27 3431.23
54140 1582.43 2659.08
54143 1636.42 2469.42
54146 1546.33 3008.98
54147 903.967 3442.44
54148 896.683 3523.79
54151 1873.99 1614.84
54152 1367.99 1459.81
54153 290.876 1559.29
54154 1808.18 1474.42
54156 1440.51 3391.74
54157 1440.51 3391.74
54159 1682.52 1924.13
54160 739.036 1388.89
54161 1512.75 2274.71
54162 775.662 3067.11
54164 1453.97 3342.12
54168 655.116 1461.58
54169 1630.76 2999.87
54170 1195.63 3297.38
54176 412.419 1216.35
54177 1084.79 2467.52
54181 604.126 1779.48
54183 170.145 1002.67
54184 1508.35 2732.43
54187 1441.24 3415.36
54188 1301.59 1409.35
54190 1339.5 3154.78
54192 981.753 3204.21
54195 1506.49 3291.81
54196 509.158 597.666
54197 569.362 1822.99
54198 786.712 1985.52
54200 1004.54 3360.71
54203 460.128 1962.15
54204 1278.52 2019.17
54206 1036.27 3633.35
54211 1588.39 2541.64
54214 3070.96 1517.74
54217 1203.42 2811.13
54218 1438.51 2592.22
54221 553.02 482.438
54222 1029.07 2859.2
54226 353.104 957.266
54228 859.594 2108.54
54229 707.786 1995.85
54234 854.32 3247.51
54237 1111.56 3509.47
54240 363.742 999.693
54242 3002.78 1253.15
54245 984.852 3598.1
54246 1473.88 3335.14
54248 964.306 3590.47
54249 933.207 3583.93
54250 1504.32 3025.4
54251 1504.32 3025.4
54255 1126.9 1622.69
54262 624.698 1201.65
54264 848.041 3308.5
54266 1533.41 2713.28
54268 821.887 2085.44
54271 1290.54 2537.7
54273 809.584 3321.36
54274 1427.39 3318.99
54275 1278.8 2074.87
54276 845.574 3283.14
54277 872.288 1700.12
54280 634.689 1389.35
54284 1180.65 529.463
54285 1192.04 2719.73
54286 1809.06 1326.45
54291 288.005 1115.84
54293 1665.93 1441.66
54294 830.282 2922.2
54295 4209.13 1221.7
54296 612.601 578.045
54298 234.234 839.494
54300 992.629 2994.87
54301 1211.44 2989.73
54302 1367.65 3454.83
54304 1575.89 3210.35
54314 1010.47 1051.64
54315 2621.96 1667.65
54316 604.566 635.303
54317 604.566 635.303
54318 1703.24 2724.47
54319 1703.24 2724.47
54322 1634.45 1429.66
54324 312.974 660.228
54325 585.896 380.391
54327 1086.02 2997.35
54331 1492.95 3031.16
54335 1030.14 2295.49
54338 825.654 3221.37
54339 1020.62 1242.32
54342 2829.21 1639.32
54343 1157.93 2517.38
54345 1641.68 1333.26
54347 1650.38 1437.61
54348 1582.4 2745.52
54351 1194.26 3573.1
54352 1554.72 3318.09
54357 1039.98 3632.06
54358 869.42 2204.55
54359 649.465 2891.06
54360 1095.85 576.451
54362 764.367 1710.38
54363 1104.66 1277.19
54364 555.857 1041.55
54366 1663.33 2762.67
54370 2626.3 1589.79
54371 2539.93 1442.03
54379 1588.27 2421.24
54380 1558.15 2699.89
54381 1013.5 1262.1
54382 1652.83 1402.13
54383 562.318 1455.62
54385 2268.74 1418.93
54389 1433.81 3465.93
54397 1894.06 1921.07
54400 1505.18 3164.09
54404 1000.22 3006.18
54405 400.857 1584.14
54406 1257.04 809.905
54414 719.879 3070.57
54415 2787.95 1718
54419 3785.42 1323.78
54420 797.159 2670.45
54426 852.524 648.702
54431 646.419 1640.58
54442 1185.83 2881.54
54444 798.315 1412.12
54447 527.965 1459.29
54449 1085.04 1803.16
54450 886.64 3592.98
54451 886.64 3592.98
54454 475.693 728.588
54457 1532.28 2957.32
54458 1317.28 1491.39
54459 1328.17 3499.13
54461 3586.71 1143.31
54462 3586.71 1143.31
54463 1323.02 3068.68
54464 1030.68 1457.69
54465 971.81 3520.71
54466 1123.07 2021.29
54469 914.991 1310.57
54474 1545.17 3329.67
54475 868.82 3397.72
54476 2866.79 1577.8
54478 1103.28 597.616
54479 198.647 948.742
54482 3832.14 1364.54
54487 1768.79 1840.57
54488 1328.36 2084.46
54489 1167.15 1383.22
54490 1698.63 2635.32
54491 1194.32 896.938
54493 224.673 1204.45
54497 213.676 698.274
54500 264.401 1161.31
54503 297.077 1733.89
54506 179.74 885.959
54511 4080.09 1284.72
54513 1663.39 3024.53
54521 232.509 1090.93
54523 723.354 2895.18
54525 2942.42 1265.14
54526 205.136 1515.58
54530 1782.97 1302.98
54533 977.075 1355.2
54534 397.274 707.452
54542 818.419 2881.74
54543 851.659 720.938
54547 1547.59 2780.61
54549 816.172 1746.86
54553 591.196 418.08
54555 4056.23 1219.87
54558 541.26 1606.17
54559 658.831 337.396
54560 2835.28 1697.17
54562 1139.87 1515.77
54563 452.149 1221.11
54564 1324.73 1537.82
54567 434.546 686.306
54570 1591.09 2638.6
54571 1514.06 2675.51
54574 1563.48 3306.39
54579 1542.51 1339.27
54581 146.897 925.039
54587 1003.05 1255.67
54588 1003.05 1255.67
54591 1051.68 187.536
54593 220.642 1097.79
54594 220.642 1097.79
54597 1292.37 1483.18
54601 512.892 1210.31
54603 380.645 1189.03
54606 1635.43 2568.7
54607 1635.43 2568.7
54609 847.334 1114.71
54611 703.318 1923.4
54615 2215.17 1856.92
54619 682.149 785.239
54621 1336.44 1748.16
54622 2487.28 1721.92
54623 1024.16 10.688
54624 173.489 978.538
54625 1002.11 136.323
54627 1671.05 2345.33
54633 587.588 1817.9
54635 787.994 3369.92
54637 2336.98 1328.37
54638 715.982 770.551
54640 1748.27 1431.6
54641 448.685 867.065
54646 2312.43 1516.28
54647 2312.43 1516.28
54650 1235.33 2929.76
54651 1189.5 541.981
54653 945.186 1882.17
54654 945.186 1882.17
54655 519.44 1571.8
54658 166.971 1392.31
54664 1945.69 1688.23
54665 1387.45 1350.02
54666 711.914 805.979
54668 417.546 514.005
54671 1257.64 1246.25
54674 482.72 1513.06
54675 483.526 1513.19
54680 739.943 2098.14
54681 715.04 1670.78
54682 715.04 1670.78
54683 444.9 1597.78
54686 1594 1382.65
54689 820.804 1361.14
54691 1149.04 1480.82
54695 1294.32 1279.04
54699 839.012 588.025
54702 629.983 1412.91
54703 3189.51 1611.47
54709 469.951 1928.59
54713 249.44 1612.2
54714 2074.49 1409.05
54716 164.376 1249.32
54717 965.613 1523.14
54719 1234.21 1194.41
54723 1552.17 1888.52
54725 925.769 1485.94
54735 3889.23 1206.15
54737 578.969 1359.76
54738 894.99 2453.58
54739 1370.72 3094.64
54740 1122.39 1452.99
54741 713.791 3293.41
54742 3120.02 1407.46
54744 751.694 3277.87
54745 391.463 1475.78
54746 1535.94 1441.51
54747 2838.64 1380.8
54748 2838.64 1380.8
54750 4082.72 1222.35
54751 1445.96 569.71
54752 1360.12 148.315
54753 229.596 1394.03
54754 359.909 1138.99
54755 359.909 1138.99
54756 777.471 1667.03
54757 340.583 1652.91
54758 1257.53 3065
54759 2520.22 1342.9
54761 408.89 2174.31
54762 740.566 351.277
54763 852.377 1234.26
54764 1792.45 1206.01
54765 660.166 3207.63
54766 975.934 2527.52
54767 4431.64 1288.25
54768 1770.87 2058.89
54769 258.788 693.707
54770 795.023 453.922
54771 1872.47 1467.14
54772 328.007 489.122
54773 3007.57 1463.22
54774 651.935 3169.93
54776 987.495 606.471
54777 986.886 605.945
54778 1553.63 2460.28
54779 419.526 1134.25
54780 96.0469 877.143
54781 1073.18 1381.71
54782 4684.47 1354.63
54784 4335.68 1443.35
54785 1193.36 2913.04
54786 423.35 1185.28
54787 1627.02 2661.33
54789 559.057 3114.68
54791 1232.89 3054.16
54792 1642.62 1887.9
54793 888.987 3268.25
54794 1115.37 581.391
54795 507.669 105.736
54796 3536.74 1466.5
54797 179.278 1039.14
54798 179.278 1039.14
54801 523.903 2292.05
54802 1438.55 2829.94
54803 781.288 3285.38
54804 2683.93 1522.67
54805 915.692 2410.87
54806 779.761 1872.96
54807 3691.62 1530.82
54808 1290.24 3010.88
54810 1562.7 2777.02
54811 3062.63 1432.86
54812 273.769 1527.69
54813 588.311 1189.56
54814 1390.31 1514.34
54815 241.787 852.349
54816 123.868 1358.17
54817 725.329 3265.26
54818 565.925 2045.09
54819 388.58 2315.18
54820 666.863 3352.65
54821 66.7059 13.4287
54822 180.944 566.629
54823 1751.96 1212.79
54825 585.077 1045.02
54826 4167.1 1214.99
54827 835.013 3385.22
54828 835.013 3385.22
54829 1038.67 1268.39
54832 1050.07 408.767
54833 4365.02 1417.86
54834 796.647 3320.3
54835 2216.58 1548.51
54837 216.883 409.553
54838 1532.3 1924.27
54839 1708.68 2260.83
54840 496.356 438.552
54841 434.82 760.433
54842 645.419 61.738
54843 4277.85 1442.13
54844 1825.55 2238.92
54845 250.056 1147.25
54846 2309.72 1723.26
54847 189.827 159.065
54848 986.409 1743.76
54849 499.599 1946.99
54851 402.437 1635.6
54852 1796.78 1164.84
54853 699.324 1768.99
54854 1335.68 2485.69
54855 1799.46 1793.26
54856 1355.59 421.541
54857 198.632 1556.86
54858 1326.35 1247.64
54859 1294.48 3142
54860 728.908 3437.04
54862 96.7581 901.259
54863 96.7581 901.259
54864 676.973 2999.17
54865 1068.02 1834.13
54866 896.165 659.3
54868 1140.29 2537.43
54869 1428.63 683.606
54873 571.712 848.356
54874 3919.92 1172.76
54875 1588.65 2920.41
54876 851.179 3123.16
54877 485.278 2281.4
54878 484.47 2281.6
54879 525.617 2891.99
54880 300.973 458.792
54881 98.1971 1372.11
54882 703.148 1687.01
54883 473.329 396.061
54884 2102.54 1414.14
54888 461.341 627.229
54890 2254.22 1807.31
54891 1176.83 1454.39
54892 821.654 3191.96
54893 1295.02 1795.52
54894 469.46 2526.3
54895 3983.2 1439.13
54896 549.262 2838.97
54897 1249 1721.52
54898 1249 1721.52
54899 1802.05 2247.89
54900 1347.34 2927.45
54901 200.672 596.292
54902 699.8 3270.37
54903 194.453 465.271
54904 1406.45 1957.51
54905 573.735 2609.64
54906 573.735 2609.64
54907 745.603 1336.45
54908 625.312 2927.01
54909 1522.32 2969.78
54910 818.524 1102.23
54911 1338.13 2725.64
54912 496.572 2306.28
54913 495.769 2306.49
54914 495.769 2306.49
54915 1275.5 1361.67
54916 1613.61 2246.07
54917 1613.61 2246.07
54918 868.082 2999
54921 524.674 3000.09
54923 1612.22 2911.43
54924 763.688 1670.77
54925 578.531 1846.17
54926 737.559 3195.35
54927 419.642 2416.49
54928 594.071 1952.98
54929 1604.81 2648.86
54930 878.143 396.616
54931 409.264 1607.58
54932 1792.96 2454.77
54933 702.271 3052.96
54934 552.244 1295.61
54935 273.48 393.175
54936 1628.25 3063.13
54937 1880.49 1866.66
54938 1334.24 544.739
54939 429.186 2126.42
54941 1748.26 2201.37
54942 4479.69 1495.11
54943 465.884 284.003
54944 2562.4 1407.13
54946 1395.93 1219.87
54947 3002.78 1253.15
54948 1239.22 811.927
54949 632.83 3454.2
54950 1741.2 2223.91
54951 602.201 3202.64
54952 573.986 1136.86
54953 1282.23 532.832
54954 4432.02 1172.59
54955 1194.02 1276.19
54956 1224.67 2051.49
54957 665.786 1587.76
54958 410.672 1744.48
54959 1070.88 2144.67
54960 869.827 2837.67
54961 536.908 3105.71
54964 1001.83 1385.09
54965 1644.8 2886.39
54967 855.835 3224.78
54968 1609.22 2943.03
54969 227.572 737.978
54970 227.572 737.978
54971 2126.28 1814.72
54972 429.515 642.457
54973 1313.59 1617.79
54974 1130.99 1914.25
54975 1575.94 2472.49
54976 1626.55 1318.64
54977 668.871 3146.99
54978 898.57 516.39
54979 994.398 1939.46
54980 590.206 2987.56
54982 299.407 2016.04
54983 1866.85 1930.04
54984 3540.77 1227.02
54985 912.378 3083.76
54986 1060.28 1752.57
54987 1060.28 1752.57
54988 191.65 1368.64
54990 1345.51 2411.28
54991 1203.72 1360.11
54992 1203.72 1360.11
54993 1256.95 1913.35
54994 170.62 1297.32
54995 1066.36 602.627
54996 1066.93 603.147
54997 666.038 1716.05
54998 533.088 2737.28
54999 317.645 439.425
55000 984.007 2019.53
55001 984.007 2019.53
55002 2000.69 1449.68
55003 1170.23 2963
55004 568.215 1622.86
55005 120.73 1059.93
55006 432.545 1263.37
55007 1214.66 2685.35
55008 1805.77 2276.36
55009 956.686 1159.45
55010 505.691 2510.42
55011 2445.31 1712.79
55012 3932.31 1154.27
55013 3932.31 1154.27
55014 250.519 68.6548
55015 250.519 68.6548
55017 585.142 379.76
55019 651.995 1534.33
55020 798.605 1853.46
55021 2750.24 1473.64
55022 2985.42 1655.97
55024 372.009 468.445
55026 902.003 1976.24
55027 2533.15 1277.77
55028 312.733 1997.94
55029 312.733 1997.94
55030 1505.6 1433.56
55032 1177.31 2680.62
55033 318.464 817.368
55034 585.735 1761.39
55035 330.742 1778.14
55036 1668.17 1244.78
55037 910.179 2647.15
55038 1790.1 1913.18
55041 656.783 3394.41
55042 515.382 1437
55043 2232.02 1291.69
55044 647.826 1861.28
55045 472.734 2657.79
55046 348.261 1308.83
55047 1243.65 2711.97
55048 1243.65 2711.97
55049 1938.92 1508.38
55050 713.654 2681.46
55051 1224.4 3171.29
55052 3694.36 1172.76
55055 231.594 19.829
55056 906.236 591.765
55057 637.985 1808.68
55058 1040.93 2501.29
55059 1293.96 2891.4
55060 900.577 1533.13
55061 1174.16 2716.48
55062 1390.4 215.435
55063 987.013 405.82
55064 1745.35 1260.69
55066 807.136 2523.52
55067 1122.19 3047.47
55068 1122.19 3047.47
55069 1398.49 2948.2
55070 1066.8 568.323
55071 1741.14 2131.4
55072 32.4011 386.662
55073 1198.81 1002.41
55074 3924.38 1340.43
55075 593.733 610.409
55076 1040.99 701.371
55077 1040.99 701.371
55078 660.403 3313.08
55079 947.787 2957.97
55080 1181.53 1627.2
55081 74.3829 14.7424
55082 1406.25 2022.45
55084 1163.36 467.903
55085 2695.24 1660.32
55086 226.914 593.329
55087 1128.07 1283.35
55088 2919.65 1379.77
55089 149.443 1307.37
55090 318.16 536.617
55091 709.025 720.59
55093 875.51 1816.15
55094 1731.74 2083.44
55095 4476.15 1261.69
55096 2336.02 1729.48
55097 363.516 1626.86
55098 1031.32 676.208
55099 3360.85 1596.39
55100 2797.47 1511.78
55101 1167.36 2917.38
55102 589.302 3373.14
55103 4139.88 1553.43
55104 1769.09 1882.97
55105 412.419 1216.35
55106 1419.86 1908.65
55107 695.5 698.554
55108 550.576 405.033
55109 830.669 2243.1
55110 1131.89 1471.86
55111 1358.72 3119.42
55112 1243.89 354.868
55113 1234.8 2975.55
55114 379.905 2476.01
55115 2342.52 1505.53
55116 429.946 799.025
55117 668.816 3278.05
55119 679.775 1982.51
55120 577.405 1698.45
55121 2693.06 1391.05
55122 668.332 3212.7
55123 3786.36 1200.07
55124 1602.13 2899.31
55125 551.845 221.164
55127 551.944 1846.23
55128 86.4543 486.943
55129 412.515 1091.85
55131 345.113 1388.26
55134 119.847 541.577
55135 925.632 1729.18
55136 526.732 1043.46
55137 2922.19 1767.43
55138 1116.11 3071.65
55139 674.34 3117.37
55140 674.34 3117.37
55141 169.106 567.213
55143 4295.41 1333.3
55144 1548.68 2807.39
55145 1345.86 60.5421
55146 1019.07 3303.24
55147 370.209 1018.36
55148 747.713 3209.32
55149 1890.59 1670.67
55150 335.038 435.202
55151 222.807 1034.87
55152 1062.28 1726.71
55153 1361.3 450.701
55154 1734.23 2719.54
55155 586.775 1348.24
55156 275.537 2142.74
55157 1782.5 2491.89
55159 2036.01 1277.96
55160 2036.01 1277.96
55161 1654.17 2549.53
55162 1455.68 447.915
55163 2511.11 1478.52
55164 2661.21 1670.43
55165 2661.21 1670.43
55166 1596.28 2743.33
55167 1596.04 2743.6
55168 302.689 609.816
55169 310.438 2272.2
55170 106.515 532.659
55171 598.176 3272.66
55172 1653.95 1200.99
55173 501.136 2791.21
55174 1669.62 1224.99
55175 941.174 2622.69
55176 598.245 1194.77
55177 991.131 357.973
55178 327.071 1212.86
55179 1212.15 2741.83
55180 1476.65 489.241
55181 555.857 1041.55
55182 1016.36 3111.06
55183 2924.9 1351.18
55184 1289.04 1219.85
55185 558.162 2523.97
55186 731.676 3131.94
55187 1046.5 3194.93
55188 1023.15 1595.87
55189 2652.06 1325.22
55190 635.164 2287.9
55191 631.168 3288.26
55192 1628.39 1719.03
55193 237.989 1166.97
55194 1787.28 2433.36
55195 1410.3 2757.94
55196 779.447 1396.33
55197 1071.47 2644.73
55198 500.523 2904.6
55199 1146.55 3056.61
55200 756.716 1118.57
55201 139.537 363.845
55202 245.28 909.183
55203 483.97 695.28
55204 56.6011 900.352
55205 1317.14 2520.32
55206 280.519 664.598
55207 176.715 1246.21
55208 841.417 2348.08
55210 1683.35 1222.73
55211 527.445 3239.66
55213 730.763 3338.39
55214 1515.7 3034.07
55215 326.3 1259.22
55216 587.013 285.59
55218 387.386 1098.45
55219 1362.13 628.822
55220 1473.01 1734.18
55221 386.252 1042.67
55222 171.453 777.457
55223 1639.13 2927.04
55224 191.68 698.053
55225 1227.34 307.472
55226 431.431 891.892
55227 739.257 611.589
55229 766.843 3317.61
55230 739.648 133.305
55231 245.446 1374.24
55233 323.519 1006.38
55234 1961.4 1318.44
55235 1179 2014.63
55237 2672.12 1171.23
55238 1425.27 129.772
55239 1303.91 304.344
55240 1425.98 2831.04
55241 821.734 912.619
55242 1632.24 1849.77
55243 741.234 2636.41
55244 1777.9 2360.25
55245 984.007 2019.53
55246 1361.33 1892.07
55247 1048.12 1041.62
55249 213.641 222.206
55252 732.765 3033.16
55253 986.946 1477.95
55254 801.978 3331.9
55255 1834.54 2256.75
55258 4462.15 1210.44
55259 188.024 535.32
55260 4452.15 1255.34
55261 702.836 1808.55
55262 1658.03 2328.93
55263 202.398 96.7286
55264 1214.8 2137.17
55266 556.979 3199.37
55267 1690.56 2082.8
55268 311.748 1530.63
55269 4244.39 1294.79
55270 234.837 1385.06
55271 921.774 1586.77
55272 1311.61 697.991
55273 1261.35 370.67
55275 361.514 117.864
55276 1571.91 2387.59
55277 2147.1 1267.08
55278 1067.38 2031.1
55279 1506.78 2470.43
55280 311.901 346.028
55281 311.901 346.028
55282 815.169 1175.34
55283 864.499 3300.06
55286 733.694 288.954
55287 144.236 1285.94
55288 1172.36 2638.84
55289 898.676 1799.45
55290 898.676 1799.45
55292 814.44 2344.92
55293 4385.23 1155.5
55294 543.281 1683.19
55295 543.281 1683.19
55296 544.054 1683.25
55297 4040.81 1304.17
55298 659.803 1424.57
55299 837.227 2526.17
55300 638.134 1596.98
55301 578.014 2937.42
55302 733.005 1342.97
55303 309.23 1375.78
55305 622.353 2355.86
55306 1015.8 22.0523
55307 271.062 2126.45
55308 1482.18 2857.99
55309 1457.21 1835.57
55310 2925.57 1301.33
55311 1652.43 2750.28
55312 2234.98 1656.8
55314 117.354 1447.42
55315 250.376 127.098
55316 1704.38 1608.09
55317 746.732 669.262
55319 541.837 3039.58
55320 1029.72 706.656
55322 188.552 1195.65
55323 1757.54 2091.81
55324 362.862 2157.96
55325 1387.13 2550.14
55326 1518.87 1244.21
55327 157.121 955.279
55328 669.016 40.7453
55329 631.615 2643.08
55331 890.557 650.488
55333 1353.07 2957.71
55334 1269.19 1258.03
55335 2184.32 1761.51
55336 509.381 1363.55
55337 1635.82 2536.19
55338 859.602 871.129
55339 894.365 1702.08
55340 2777.59 1437.39
55341 1118.91 962.205
55342 1118.91 962.205
55343 3418.18 1266.33
55345 1582.46 1848.59
55347 1228.97 2492.59
55348 1167.76 548.078
55350 364.192 689.755
55352 4737.24 1231.7
55353 1173.47 3222.13
55355 152.882 1302.14
55356 952.275 1224.06
55357 1226.32 2569.2
55358 1936.85 1331.43
55359 688.396 3276.49
55360 611.915 1050.32
55361 584.721 3143.06
55362 1426.44 520.356
55363 1983.88 1768.13
55364 847.334 1114.71
55365 652.506 1273.91
55366 1421.04 76.4326
55367 997.353 1273.78
55369 891.088 2419.71
55370 1967.39 1414.01
55371 713.32 3180.17
55372 852.874 1392.46
55373 1676.76 1506.77
55374 120.496 1092.28
55375 796.084 1583.58
55376 1129.06 659.699
55377 563.322 3089.98
55378 1539.08 1761.25
55379 346.043 2189.34
55380 612.767 255.341
55382 1099.91 949.33
55384 1438.3 730.604
55385 741.364 3465.17
55386 1371.89 486.65
55387 1894.64 1359.55
55388 1347.81 1428.82
55389 1364.33 191.697
55390 1726.63 2665.53
55392 506.092 2957.46
55393 105.185 1329.28
55394 3786.84 1336.44
55396 734.762 706.998
55397 88.4433 601.686
55398 88.4433 601.686
55399 121.631 353.518
55401 1684.45 2210.22
55402 267.734 1790.34
55404 1041.86 2889.98
55406 211.527 646.195
55407 746.227 2060.62
55408 844.109 299.429
55409 2819.92 1226.92
55410 4418.95 1132.79
55411 168.38 1469.68
55413 2710.24 1252.51
55414 703.455 926.513
55415 858.587 2915.11
55416 482.72 1513.06
55417 267.467 1444.55
55419 496.788 1594.33
55421 487.054 2550.96
55423 738.991 933.193
55424 541.394 300.392
55425 1773.94 2479.1
55426 739.386 2192.43
55427 1766.97 2447.87
55428 59.1735 468.05
55429 609.537 3068.36
55430 239.387 1348.61
55431 2930.52 1256.68
55432 182.046 641.682
55433 1605.63 2704.39
55434 1030.29 1540.05
55435 549.693 2771.8
55436 734.321 3006.26
55437 1535.45 3066.5
55438 687.164 628.718
55439 1202.34 2133.03
55440 1202.34 2133.03
55442 623.335 971.794
55443 1249.12 1448.68
55444 1770.78 2149.38
55445 2748.63 1558.12
55446 2759.99 1201.86
55447 2759.99 1201.86
55448 610.958 1186.33
55449 111.46 922.971
55450 492.999 1567.07
55451 207.463 69.9187
55452 872.994 1535.75
55453 616.901 566.022
55454 1785.92 2275.77
55455 2848.68 1520.61
55456 3460.25 1387.52
55457 280.162 1450.98
55458 1093.26 2674.42
55459 952.886 1054.42
55461 573.786 972.991
55462 993.698 744.69
55463 1755.71 1529.25
55464 414.934 781.271
55465 414.934 781.271
55466 980.442 564.026
55467 4072.8 1152.41
55468 1659.61 2879.66
55469 1659.61 2879.66
55471 940.487 1197.04
55472 97.1664 98.2386
55473 1511.41 2657.02
55475 2165.72 1485.04
55476 1156.62 76.119
55477 53.7869 26.8175
55478 208.296 860.518
55480 665.252 656.924
55482 862.839 2457.94
55483 1696.43 1219.61
55484 510.817 442.102
55485 1320.68 1143.28
55486 624.963 3134.1
55488 1187.53 1508.11
55489 2808.57 1218.97
55490 596.54 3173.24
55491 596.54 3173.24
55492 961.636 1545.17
55493 961.118 1545.07
55494 782.146 446.02
55495 947.088 1457.08
55496 156.034 465.668
55497 695.536 2391.17
55498 695.536 2391.17
55499 1069.48 1559.65
55500 819.905 1508.41
55501 1190.77 1732.16
55502 2643.61 1310.93
55503 1689.55 1318.46
55504 249.201 247.815
55505 28.8133 942.106
55506 48.4327 379.435
55507 722.632 2895.65
55508 1263.62 2676.63
55509 1266.01 592.156
55510 591.782 70.5883
55511 636.973 1428.39
55512 1767.55 2090.14
55514 193.373 1677.39
55515 1322.42 1461.92
55516 189.312 726.749
55517 1821.4 1458.38
55518 2810.2 1341.05
55520 993.932 99.7232
55521 854.776 257.245
55523 1117.63 2386.4
55525 4150.53 1544.62
55526 1573 2243.05
55528 1841.78 1440.55
55529 316.922 795.643
55530 4777.49 1290.43
55531 1030.25 1951.94
55533 1084.64 572.202
55536 1054.66 1426.79
55537 2645.83 1228.98
55539 1816.61 2320.55
55540 407.992 2741.54
55541 407.992 2741.54
55542 535.75 3166.44
55544 666.859 1401.3
55545 502.839 1264.26
55546 1091.17 89.9671
55547 1444.68 1333.69
55548 247.069 571.041
55549 872.931 2449.02
55550 1225.28 947.579
55551 1225.28 947.579
55552 641.007 110.908
55553 443.369 294.095
55554 2679.64 1383.88
55555 516.461 1659.61
55556 3730.83 1150.04
55557 2793.31 1339.63
55558 275.44 1385.39
55561 551.507 2077.66
55562 1071.34 558.276
55563 1071.34 558.276
55565 671.747 1081.64
55566 215.627 726.569
55568 4442.76 1211.94
55569 628.146 1778.44
55570 551.614 1084.78
55572 1014.59 347.431
55573 1020.86 1694.16
55574 3034.93 1305.31
55575 113.216 166.133
55576 1081.4 39.3284
55577 939.099 2654.93
55579 1542.13 1459.26
55580 728.502 1985.39
55581 1148.81 1325.25
55582 2176.38 1409.01
55583 2778.9 1385.22
55584 1151.55 556.91
55585 143.938 708.31
55586 755.738 561.036
55587 244.266 1871.1
55590 1771.94 1189.23
55591 398.725 2274.38
55592 1339.45 383.806
55593 1059.04 1728.28
55595 457.607 816.315
55596 3874.31 1363.4
55597 1750.09 1739.7
55598 1966.5 1849.44
55599 1981.23 1446.47
55600 1981.23 1446.47
55601 3446.46 1181.94
55602 100.348 337.932
55603 1114.23 294.147
55604 732.824 1300.68
55605 573.278 249.24
55606 573.278 249.24
55607 972.706 1107.85
55608 4262.04 1188.05
55609 1048.98 3128.52
55611 446.87 187.173
55612 1191.17 1381.81
55613 1870.37 1308.8
55615 840.959 2891.64
55617 52.347 49.8526
55618 4111.45 1317.29
55619 2506 1399.56
55620 2788.84 1281.02
55621 641.971 1323.17
55622 901.22 846.332
55623 65.8616 190.867
55624 663.133 2617.04
55625 4195.06 1245.34
55627 978.198 707.731
55628 3882.96 1375.42
55629 3882.49 1375.58
55631 429.334 1546.69
55632 1774.63 1533.25
55633 2001.11 1263.38
55634 995.861 1789.23
55635 2326.44 1768.95
55637 1265.65 93.3582
55638 1265.65 93.3582
55641 556.082 156.333
55642 895.554 1132.8
55643 953.687 1035.78
55644 1595.01 2603.97
55645 1576.82 1408.59
55646 4305.68 1358.81
55647 1366.89 1469.3
55648 1429.53 1233.52
55649 1067.68 1450.98
55650 2073.63 1495.09
55651 1440.12 1164.96
55652 1439.24 2740.47
55653 814.504 1417.27
55654 814.504 1417.27
55655 1805.29 489.597
55656 1408.6 302.302
55657 1752.93 1380.04
55658 1182.82 2595.84
55659 684.733 465.234
55660 4480.8 1174.22
55661 1555.42 287.56
55662 1262.43 616.676
55663 1565.78 136.568
55664 1591.08 2955.72
55665 1214.92 653.066
55666 1494.11 114.815
55667 1751.33 1444.67
55668 579.062 1406.41
55669 1392.56 2722.92
55670 3016.79 1336.65
55671 615.742 712.251
55672 719.748 1276.48
55673 888.508 351.418
55674 702.59 2044.24
55675 702.59 2044.24
55676 2555.77 1321.7
55677 1771.58 909.806
55678 1165.31 628.133
55679 1860.58 341.101
55680 432.953 1076.54
55681 3615.02 1350.18
55682 3614.74 1350.3
55683 2832.5 1347.82
55684 943.778 391.349
55685 770.643 1353.32
55686 770.643 1353.32
55687 1365.48 1376.05
55688 1528.23 116.927
55689 1735.22 927.066
55690 353.537 2250.27
55691 1712.8 704.593
55692 1267.6 2659.1
55693 655.116 1461.58
55694 2088.43 1550.22
55695 2088.43 1550.22
55696 1307.64 587.668
55697 2534.71 1190.89
55698 1875.84 573.834
55699 1020.18 1339.47
55700 1505.96 2810.35
55701 1854.5 1882.34
55702 1854.5 1882.34
55703 1935.63 1122.96
55704 1264.14 572.549
55705 2451.39 1375.73
55706 305.459 1504.29
55707 495.685 859.01
55708 1947.92 1345.93
55709 1947.92 1345.93
55710 750.854 1204.54
55711 1699.92 59.9045
55712 1176.76 568.948
55713 1015.52 408.545
55714 1307.71 1530.46
55715 1642.95 715.991
55716 1220.26 598.966
55717 2546.68 1439.42
55718 2546.68 1439.41
55719 1568.44 206.591
55720 1568.44 206.591
55721 1250.65 372.569
55722 2328.87 1590.77
55723 1842.08 1237.46
55724 2937.41 1310.97
55725 2937.41 1310.97
55726 995.898 2322.23
55727 1364.4 1135.67
55728 1224.77 2530.01
55729 1554.15 2832.78
55730 1290.68 1767.9
55731 1428.38 2903.5
55732 228.143 1921.15
55733 559.62 733.741
55734 1287.31 1197.95
55735 2440.19 1459.17
55736 1410.19 1566.55
55737 1645.63 238.868
55738 1645.63 238.868
55739 1627.02 2661.33
55740 1539.54 531.516
55741 1843.89 376.03
55742 4673.52 1315.23
55743 2739.99 1833.09
55744 2143.98 1224.76
55745 1150.08 585.715
55746 1698.04 93.7355
55747 1690 163.476
55748 1131.78 370.504
55749 1745.63 2331.39
55750 510.564 771.696
55751 1223.95 1402.37
55752 2297.76 1673.1
55753 1760.24 78.0575
55754 365.572 1132.78
55755 1547.38 1508.81
55756 1554.83 632.793
55757 1806.91 1434.63
55758 3726.76 1165.97
55759 1311.71 114.235
55760 1346.68 766.442
55761 1859.29 1355.76
55762 2218.01 1246.55
55763 1229.41 1858.7
55764 1644.7 2521.8
55765 1710.18 147.504
55766 1710.18 147.504
55767 2590.66 1613.48
55768 2308.75 1294.57
55769 1716.66 742.681
55770 1455.74 77.1651
55771 2677.75 1144.78
55772 1590.77 1523.87
55773 1691.21 738.354
55774 2677.67 1169.83
55775 1321.5 490.955
55776 1263.7 287.875
55777 406.843 1045.65
55778 4277.85 1442.13
55779 1514.19 1567.43
55780 989.901 1085.73
55781 2820.47 1141.02
55782 1167.75 1530.01
55783 1568.22 1211.51
55784 1677.04 2185.35
55785 1494.17 367.284
55786 1301.18 2763.19
55787 748.505 391.815
55788 693.332 1941.87
55789 587.811 2279.63
55790 1718.23 2230.23
55791 697.054 2356.3
55792 1267.53 1219.24
55793 1673.55 73.2
55794 1673.55 73.2
55795 701.889 580.325
55796 1454.28 54.1851
55797 1425.54 802.135
55798 584.874 479.103
55799 705.094 878.686
55800 1666.21 817.948
55801 986.529 279.079
55802 1619.52 691.779
55803 822.862 856.691
55804 1588.36 2920.77
55805 1569.83 317.065
55806 1524.28 1415.41
55807 2823.56 1257.75
55808 1144.86 1612.17
55809 1241.36 571.414
55810 3303.47 1138.54
55811 1844.98 297.312
55812 1409.27 593.633
55813 602.961 589.139
55814 2050.76 1185.98
55815 1848.44 444.142
55816 3743.27 1326.03
55817 1728.67 169.945
55818 1428.68 2659.17
55819 873.313 114.105
55820 1581.04 94.4842
55821 1202.41 137.125
55822 4380.03 1107.36
55823 1107.37 690.676
55824 620.202 353.678
55825 2000.69 1449.68
55826 2574.46 1518.99
55827 1719.7 258.655
55828 1817.9 492.867
55829 1246.14 1184.71
55830 4501.03 1202.12
55831 1514.4 1137.99
55832 1066.36 602.627
55833 1496.9 764.09
55834 4087.86 1180.33
55835 4087.86 1180.33
55836 729.548 2578.65
55837 1143.19 184.111
55838 1555.35 491.815
55839 924.447 1164.25
55840 2172.54 1373.44
55841 1688.58 228.358
55842 557.445 2804.07
55844 288.535 1638.06
55845 604.578 445.938
55846 604.578 445.938
55847 567.07 395.081
55848 888.136 1057.3
55849 1720.95 434.422
55850 1199.86 374.671
55851 1742.73 23.6645
55852 2856.85 1258.01
55853 2411.03 1373.89
55854 548.943 1637.08
55855 2293.78 1518.52
55856 2293.78 1518.52
55857 1456.95 724.673
55858 1641.39 853.956
55859 1454.17 18.3695
55860 2922.37 1199.4
55861 1598.15 434.16
55862 1906.74 875.433
55863 563.299 1331
55864 161.756 1982.69
55865 1325.32 919.966
55866 1325.32 919.966
55867 894.729 3339.19
55868 2016.63 1516.43
55869 697.224 540.547
55870 802.709 1607.01
55871 1648.12 890.368
55872 1920.41 901.625
55873 1713.13 1227.8
55874 1278.41 1194.43
55875 4068.5 1355.13
55876 3016.52 1396.44
55877 1305.18 2082.98
55878 1317.7 2654.03
55879 1317.7 2654.03
55880 1568.27 1321.64
55881 770.646 251.766
55882 844.624 2449.75
55883 1573.65 690.274
55884 2698.06 1118.7
55885 2588.03 1156.41
55886 2193.76 1535.59
55887 2193.76 1535.6
55888 1222.28 1083.32
55889 1116.13 1300.14
55890 668.149 1885.96
55891 778.475 202.152
55892 1411.62 1249.17
55893 1271.55 177.759
55894 644.547 321.912
55895 1822.14 1899.68
55896 268.467 2157.07
55897 1667.79 390.685
55898 2700.01 1159.41
55899 1638.13 17.3051
55900 900.867 1629.94
55901 1251.62 1827.19
55902 1490 51.486
55903 1665.27 1575.01
55904 1671.3 1206.63
55905 1243.28 1114.61
55906 1552.3 2551.19
55907 1319.42 1091.37
55908 933.634 797.351
55909 1636.56 302.706
55910 1681.32 563.336
55911 1200.21 1390.89
55912 1200.21 1390.89
55913 1400.35 2821.6
55914 2656.43 1203.7
55915 2138.35 1201.96
55916 2232.03 1291.73
55917 1915.25 395.211
55918 1692.45 625.763
55919 1897.27 431.381
55920 2546.17 1594.13
55921 965.568 2500.66
55922 659.862 507.455
55923 3707.05 1428.74
55924 2610.49 1153.13
55925 1081.22 267.992
55926 1920.61 1244.45
55927 764.332 1670.83
55928 1859.74 1200.45
55929 1746.98 1116.64
55930 711.809 435.414
55931 986.488 238.019
55932 2893.44 1753.41
55933 1274.36 701.566
55934 619.608 68.4952
55935 964.701 1010.72
55936 3123.25 1286.69
55937 1047.29 2074.31
55938 4196.47 1126.49
55939 2997.56 1179.81
55940 891.569 671.931
55941 1468.95 2588.35
55942 1491.05 94.3011
55943 1649.72 974.886
55944 1772.97 708.025
55945 831.371 1868.56
55946 1761.64 940.811
55947 1654.3 1377.99
55948 2656.27 1162.69
55949 1109.17 1671.16
55950 1642.73 2620.47
55951 2851.01 1159.87
55952 2309.25 1529.35
55953 1814.21 716.103
55954 306.869 1337.28
55955 2533.92 1610.04
55956 2533.92 1610.04
55957 731.215 407.699
55958 1411.54 833.333
55959 1345.86 60.5421
55960 2945.41 1709.42
55961 781.417 173.159
55963 1835.14 800.808
55964 676.709 2753.62
55965 1503.47 127.655
55966 1188.82 2727.21
55967 1298.44 2596.72
55968 1813.42 1292.02
55969 592.09 499.576
55970 4410.53 1273.65
55971 2335.03 1130.54
55972 3200.75 1603.39
55973 1734.58 1130.15
55974 533.817 1525.31
55975 1298.55 371.591
55976 1298.55 371.591
55977 896.143 400.833
55978 4088.88 1250.56
55979 2724.06 1122.34
55980 2851 1189.98
55981 2851.03 1189.92
55982 535.376 593.275
55983 1079.96 72.1265
55984 1200.82 2116.48
55985 824.792 1204.43
55986 824.792 1204.43
55987 2904.19 1135.01
55988 2563.56 1483.6
55989 2563.56 1483.6
55990 780.383 1915.32
55991 3584.68 1257.59
55992 505.542 705.844
55993 1220.51 336.029
55994 988.065 2656.66
55995 987.502 2657
55996 3012.47 1210.18
55997 3012.47 1210.18
55998 4098.35 1308.16
55999 749.22 1084.32
56000 969.418 91.1434
56001 1348.38 585.706
56002 1348.38 585.706
56003 249.937 2100.85
56004 1038.65 1844.11
56005 3928.47 1603.15
56006 1269.73 3071.48
56007 1113.58 78.7549
56008 818.955 1619.78
56009 2085.37 1487.84
56010 1804.77 118.494
56011 4447.58 1181.45
56012 4447.58 1181.45
56013 1539.17 948.529
56014 1676.05 1325.55
56015 643.827 422.769
56016 1774.16 933.957
56017 1398.49 2948.2
56018 198.279 2434.49
56019 672.792 2064.81
56020 2652.62 1461.85
56021 2777.9 1865.86
56022 1692.42 652.86
56023 1886.51 1067.37
56024 431.653 2447.57
56025 1260.14 913.372
56026 714.126 1960.5
56027 1816.88 1252.91
56028 276.42 2142.6
56029 1017.39 636.184
56030 81.1391 2048.59
56031 1793.52 1068.31
56032 4301.69 1515.97
56033 492.934 1213.17
56034 1922.24 1840.58
56035 1740.03 1829.74
56036 814.989 59.6074
56037 2675.07 1580.91
56038 4136.69 1240.04
56039 1545.72 366.636
56040 1573.16 136.478
56041 4231.17 1405.18
56042 4231.17 1405.18
56043 1286.4 2928.28
56044 2699.46 1143.43
56045 669.118 1477.12
56046 1870.26 445.747
56047 1683.04 213.625
56048 1507.68 909.685
56049 729.702 323.651
56050 1133.01 950.244
56051 2334.38 1490.37
56052 2143.36 1186.21
56053 1334.33 2756.6
56054 4119.56 1232.27
56055 1244.38 1053.59
56056 2274.57 1673.99
56057 1179.25 1289.54
56058 1510.17 196.042
56059 1142.14 1620.4
56060 1707.58 649.627
56061 2653.76 1279.81
56062 1539.18 420.013
56063 983.809 1221.28
56064 1516.94 712.303
56065 1564.78 714.029
56066 1647.7 2162.45
56067 1211.67 2976.32
56068 1654.2 867.054
56069 3972.29 1602.11
56070 4181.81 1393.69
56071 1230 2139.99
56072 672.798 374.652
56073 673.531 375.293
56074 3350.43 1134.2
56075 507.763 1513.59
56076 1531.15 2429.49
56077 764.976 947.749
56078 764.976 947.749
56079 266.974 1770.43
56080 1333.67 891.358
56081 478.098 1127.51
56082 2698.89 1174.98
56083 246.983 2292.9
56084 2342.52 1505.54
56085 2430.96 1196.58
56086 618.284 151.147
56087 1141.58 1737.97
56088 1863.18 1330.11
56089 2580.4 1328.35
56090 3331.09 1457.25
56092 1164.89 1300.62
56093 197.973 2274.1
56094 1779.2 59.2157
56095 4394.97 1172.09
56096 4394.97 1172.09
56097 928.764 815.48
56098 4462.15 1210.44
56099 1584.5 993.785
56100 1096.61 76.6798
56101 1645 320.236
56102 1170.39 1669.12
56103 917.12 119.447
56104 917.12 119.447
56105 991.131 357.973
56106 1549.16 615.634
56107 717.632 417.504
56108 1499.55 3065.07
56109 2457.66 1384.61
56110 1804.67 180.232
56111 1205.33 743.449
56112 3040.84 1264.53
56113 868.671 1059.64
56114 386.773 1610.93
56115 977.026 1409.82
56116 774.779 2213.58
56117 820.072 140.609
56118 2135.05 1260.35
56119 1563.22 925.858
56120 1517.4 21.2127
56121 1812.69 1277.7
56122 1657.25 841.772
56123 1657.03 841.491
56124 1597.11 217.072
56125 1581.61 183.309
56126 919.892 1336.92
56127 1167.86 2916.94
56128 2402.59 1267.44
56129 2402.59 1267.44
56130 4382.55 1183.12
56131 775.898 225.274
56132 1046.34 1515.97
56133 157.443 1903.68
56135 1385.68 2930.28
56136 2475.3 1324.91
56137 948.283 219.326
56138 2056.78 1392.46
56139 1635.54 983.598
56140 1313.97 1178.88
56141 689.816 2405.27
56142 976.727 653.205
56143 939.323 1836.58
56144 71.3858 1511.23
56145 1675.56 1335.04
56146 1434.34 705.401
56147 809.786 1842.32
56148 1095.76 2309.57
56149 818.768 930.453
56150 1252.65 1875.83
56151 1740.57 1365.28
56152 970.161 2454.53
56153 1491.79 641.464
56154 2136.82 1201.32
56155 1777.88 493.603
56156 2709.67 1236.96
56157 2940.14 1565.61
56158 1002.36 366.228
56159 2714.44 1106.04
56160 1823.71 71.8511
56161 1493.74 2344.58
56162 1451.05 900.676
56163 565.856 1405.57
56164 484.944 1981.96
56165 1193.42 809.858
56166 4119.91 1234.59
56167 3957.6 1105.95
56168 1673.72 2296.09
56169 840.604 956.525
56170 1523.75 2858.76
56171 1745.43 608.427
56172 1493.72 675.713
56173 3386.91 1281.32
56174 1668.94 592.631
56175 774.421 693.505
56176 1438.49 244.971
56177 438.113 2918.02
56178 1599.64 365.977
56179 1530.2 506.47
56180 1357.85 215.115
56181 1346.24 2888.09
56182 1221.21 552.777
56183 581.908 2060.61
56184 882.927 1458.1
56185 1047 933.117
56186 4485.53 1183.55
56187 2635.71 1364.63
56188 750.066 1158.03
56189 750.066 1158.03
56190 4332.95 1123.11
56191 1314.03 2992.41
56192 1682.31 130.017
56193 929.4 1098.75
56194 713.115 1046.06
56195 667.217 1717.25
56196 619.146 1521.16
56197 2913.25 1290.54
56198 815.544 1192.59
56199 2556.74 1447.33
56200 2556.74 1447.33
56201 1368.22 1076.43
56202 2814.54 1888.36
56203 1757.1 33.9155
56204 1877.13 1965.53
56205 1552.9 286.508
56206 1423.75 1273.05
56207 619.777 1039.63
56208 2943.57 1200.34
56209 1823.67 1070.05
56210 3009.79 1357.38
56211 1634.37 409.227
56212 4137.31 1212.57
56213 532.881 1193.8
56214 4487.07 1194.99
56215 130.181 2431
56216 1392 405.684
56217 1416.64 437.322
56218 2392.1 1492.47
56219 758.399 2782.6
56220 557.418 2620.89
56221 1360.22 1116.56
56222 635.583 13.1222
56223 1510.37 387.622
56224 653.192 1209.69
56225 534.535 1629.36
56226 1092.24 761.86
56227 1120.66 2432.19
56228 1021.71 1617.71
56229 1786.68 133.497
56230 1231.86 970.246
56231 3772.64 1495.65
56232 3787.55 1179.29
56233 1772.73 826.978
56234 735.927 1053.93
56235 2180.52 1620.1
56236 214.729 2106.43
56237 782.774 2725.46
56238 1382.63 416.836
56239 1602.99 2306.75
56240 1437.94 730.217
56241 1719.77 1259.32
56242 670.394 1637.59
56243 1368.88 1220.51
56244 1662.83 1477.52
56245 1233.85 1324.07
56246 1580.12 951.912
56247 1533.87 191.245
56248 2710.66 1211.66
56249 1181.16 458.661
56250 1562.21 595.882
56251 1145.76 2669.07
56252 824.305 2771.23
56253 3432.03 1547.81
56254 1956.14 1581.2
56255 1956.11 1581.18
56256 1077.8 2701.5
56257 1899.6 1840.72
56258 1029.49 1790.6
56259 1248.22 2794.76
56260 1002.12 2304.34
56261 1782.54 1060.51
56262 1899.66 923.768
56263 562.535 104.75
56264 1709.65 631.548
56265 2311.94 1645.38
56266 848.868 1380.31
56267 1259.71 824.706
56268 1685.44 417.303
56269 693.09 1634.97
56270 1785.85 1094.03
56271 1645.99 1764.8
56272 4318.21 1483.82
56273 177.905 1883.29
56274 1033.64 1402.16
56275 700.584 979.872
56276 2132.05 1344.69
56277 1726.12 70.3488
56278 1726.44 71.1376
56279 1322.06 1764.52
56280 1322.06 1764.52
56281 855.14 2307.54
56282 3785.5 1150.94
56283 1543.65 -3.44358
56284 2588.75 1278.51
56285 825.997 633.753
56286 2145.95 1273.78
56287 477.26 2170.24
56288 1107.29 620.964
56289 1646.51 2337.25
56290 1646.51 2337.25
56291 2060.65 1469.78
56292 944.138 850.025
56293 1111.33 869.666
56294 1870.89 2072.57
56295 1882.6 271.042
56296 813.804 1865.59
56297 813.804 1865.59
56298 1798.52 1012.68
56299 1479.16 1334.19
56300 2712.63 1144.34
56302 1508.78 401.777
56303 566.208 901.078
56304 862.308 483.683
56305 576.017 1447.59
56306 573.204 971.341
56307 1881.59 94.3203
56308 1539.63 727.074
56309 1544.13 690.321
56310 4432.16 1137.4
56311 692.83 1869.96
56312 1003.56 1002.94
56313 1680.07 366.157
56314 1662.7 921.053
56315 1527.73 1105.52
56316 1640.72 2316.37
56317 1267.54 161.42
56318 607.13 1785.95
56319 675.379 387.553
56320 2789.21 1803.17
56321 1802.88 96.6284
56322 1688.09 397.499
56323 1688.09 397.499
56324 226.217 2004.14
56325 761.435 865.194
56326 232.129 1703.06
56327 1565.12 18.8078
56328 1333.8 1458.43
56329 1699.28 2576.76
56330 1588.89 2063.35
56331 891.289 950.283
56332 891.289 950.283
56333 1119.78 1445.15
56334 2710.01 1266.41
56335 743.171 582.409
56336 1698.98 416.926
56337 1698.98 416.926
56339 761.737 218.519
56340 713.032 462.457
56341 493.445 752.218
56342 1752.66 492.079
56343 1948.66 1124.51
56344 4177.13 1451.58
56345 943.446 311.435
56346 1418.53 12.5173
56347 1220.78 2480.11
56348 1206.22 1433.1
56349 437.475 816.109
56350 1446.01 1175.39
56351 1702.88 365.356
56352 1447.42 587.49
56353 289.3 1721.54
56354 2080.37 1221.48
56355 1777.26 919.496
56356 1857.17 93.1101
56357 1724.51 132.618
56358 1504.06 43.0166
56359 1682.33 1256.51
56360 2868.99 1284.84
56361 579.343 2574.67
56362 1511.77 164.769
56363 1241.69 25.829
56364 1668.45 257.159
56365 1211.54 421.025
56366 602.692 1062.49
56367 1402.71 2829.72
56368 666.859 1401.3
56369 1893.75 882.496
56370 2220.54 1149.95
56371 712.251 1889.23
56372 1347.94 2463.4
56373 1269.19 1258.03
56374 2646.62 1188.13
56375 1545.45 235.535
56376 688.403 1077.2
56377 927.536 2072.51
56378 481.192 805.923
56379 1742.29 2542.5
56380 588.279 1440.32
56381 1171.91 2639.14
56382 1822.9 98.2364
56383 1822.9 98.2364
56384 1095.89 44.7305
56385 1371.15 2831.01
56386 1371.15 2831.01
56387 638.414 1079.45
56388 1117.04 1302.89
56389 1578.81 555.174
56390 2238.22 1353.71
56391 1154.94 2908
56392 939.651 2937.46
56393 1746.92 1233.44
56394 3318.98 1495.77
56395 1016.76 1546.51
56396 611.687 465.144
56397 1750.62 730.985
56398 1774.78 2431.68
56399 1774.78 2431.68
56400 1922.17 496.129
56401 834.835 3408.07
56402 1691.59 266.143
56403 1076.04 614.991
56404 1618.71 1210.61
56405 876.389 270.07
56406 758.881 1891.49
56407 1518.01 101.719
56408 2379.31 1380.48
56409 723.287 1286.15
56410 1760.92 996.662
56411 1760.92 996.662
56412 1825.93 867.028
56413 1521.24 1513.53
56414 4383.59 1354.79
56415 1283.72 1461.88
56416 1283.72 1461.88
56417 1605.3 303.931
56418 1213.44 1767.44
56419 1441.67 270.071
56420 1624.51 2586.81
56421 4293.56 1283.51
56422 4294.47 1283.23
56423 953.3 1476.4
56424 1127.28 1568.07
56425 1241.46 468.247
56426 1402.28 672.121
56427 1776.23 955.37
56428 736.26 440.069
56429 1872.27 462.136
56430 1938.37 1457.06
56431 972.634 816.779
56432 475.69 1291.66
56433 292.942 1361.21
56434 4346.58 1159.1
56435 4346.58 1159.1
56436 3300.01 1502.47
56437 4423.62 1269.45
56438 2948.77 1213.95
56439 1358.26 1086.69
56440 1358.59 1086.91
56441 1112.77 1001.01
56442 4077.58 1168.65
56443 1451.56 1351.3
56444 3469.11 1181.44
56445 1241.93 291.193
56446 2269.89 1347.19
56447 1095.47 1231.48
56448 747.969 233.06
56449 1551.8 121.845
56450 1518.97 1432.22
56451 1518.35 2551.9
56452 696.929 46.7805
56453 1735.91 66.8705
56454 1467.38 1377.21
56455 2268.21 1643.97
56456 1205.29 1963.12
56457 262.444 1505.63
56458 4343.66 1088.15
56459 1090.99 2786.12
56460 1909.04 288.41
56461 1486.7 777.545
56462 3076.26 1341.49
56463 4410.49 1163.21
56464 2252.62 1176.28
56465 1460.65 131.392
56466 1407.18 274.924
56467 1848.36 1415.1
56468 1700.16 1320
56469 1677.47 37.107
56470 1389.11 1090.14
56471 846.897 1463.36
56472 1671.79 576.37
56473 1649.44 905.06
56474 1467.5 1117.6
56475 1007.47 264.122
56476 800.379 52.972
56477 692.503 1798.18
56478 1924.05 1464.11
56479 1246.16 320.563
56480 646.467 1818.65
56481 434.539 1337.54
56482 434.539 1337.54
56483 741.532 6.19854
56484 1178.53 205.848
56485 1188.99 541.442
56486 1767.61 1798.61
56487 589.143 1364.25
56488 582.17 1777.99
56489 890.495 2419.95
56490 657.444 1574.38
56491 367.519 2613.58
56492 2066.54 1145.43
56493 1103.54 201.2
56494 1776.31 96.9168
56495 1776.02 96.1503
56496 713.55 1111.83
56497 2788.54 1265.88
56498 2788.54 1265.88
56499 608.662 504.817
56500 1861.95 1453.58
56501 793.138 211.944
56502 1897.77 832.284
56503 1251.71 672.992
56504 628.062 928.235
56505 874.772 1007.27
56506 1246.09 1433.64
56507 1469.22 2503.81
56508 1551.74 953.129
56509 1002.11 136.323
56510 1812.87 742.606
56511 786.272 1325.17
56512 1520.56 1007.45
56513 1245.37 2602.31
56514 1621.93 852.887
56515 1129.48 112.56
56516 1483.95 1416.19
56517 1479.2 1383.58
56518 2674.3 1230.17
56519 1116.49 1111.11
56520 1639.26 956.103
56521 1686.65 1346.41
56522 1697.31 392.068
56523 1422.27 1158.5
56524 733.912 85.3487
56525 1225.28 947.579
56526 1076.96 1284.7
56527 1900.98 352.083
56528 2751.49 1255.4
56529 813.051 1529.96
56530 631.532 328.852
56531 1248.01 874.97
56532 1211.2 1382.37
56533 517.005 1527.98
56534 932.439 962.076
56535 845.127 578.82
56536 1931.69 1029.34
56537 1851.55 1283.13
56538 1953.87 1235.64
56539 2247.7 1310.17
56540 1597.09 389.285
56541 134.547 1414.81
56542 1327.72 2702.46
56543 1389.68 671.784
56544 1448.23 884.844
56545 625.315 765.752
56546 998.55 1550.86
56547 1837.85 1057.32
56548 995.232 178.678
56549 1283.95 2185.41
56550 2778.9 1385.22
56551 1014.39 -1.56042
56552 3018.8 1293.94
56553 773.333 87.2372
56554 1623.71 528.591
56555 2935.59 1215.21
56556 1902.51 300.389
56557 741.19 631.977
56558 741.19 631.977
56559 1647.03 747.337
56560 873.08 1039.75
56561 1642.69 860.706
56562 1435.73 1457.92
56563 1046.83 457.46
56564 1699.25 201.064
56565 1450.76 1258.56
56566 562.477 1377.99
56567 742.77 270.964
56568 765.394 1797.1
56569 2684.86 1284.98
56570 1077.81 1111.96
56571 2140.08 1328.52
56572 2096.32 1265.16
56573 1119.3 1743.19
56574 1350.67 1154.56
56575 2158.76 1274.48
56576 1467.8 348.867
56577 1154.79 1044.12
56578 665.163 938.53
56579 760.752 272.483
56580 895.558 2130.96
56581 405.596 1062.84
56582 1879.73 1841.06
56583 1359.26 3002.56
56584 1044.54 945.57
56585 771.907 39.7824
56586 1286.23 1616.11
56587 846.307 1055.73
56588 846.307 1055.73
56589 3468.72 1566.02
56590 1287.39 1261.56
56591 1343.65 2614.72
56592 1544.82 888.314
56593 1791.23 774.522
56594 740.538 965.503
56595 1883.17 1382.36
56596 571.445 377.893
56597 571.445 377.893
56598 1336.49 1088.86
56599 1273.41 1007.47
56600 789.396 574.143
56601 1179.36 1500.19
56602 1694.55 696.817
56603 1691.33 365.476
56604 2532.7 1130.55
56605 1652.17 819.494
56606 1829.98 378.37
56607 492.999 1567.07
56608 4143.46 1387.38
56609 1192.57 737.729
56610 427.042 935.137
56611 1746.62 2096.17
56612 796.77 1286.07
56613 4767.56 1228.06
56614 1546.52 1289.73
56615 1111.86 1474.9
56616 2934.57 1364.68
56617 2934.57 1364.68
56618 2168.44 1462.71
56619 986.699 1464.76
56620 232.616 1615.77
56621 2939.02 1414.89
56622 578.167 1512.47
56623 2094.17 1292.53
56624 1577.84 1327.43
56625 1012.83 1975.37
56626 1591.87 1142.33
56627 3457.41 1493.68
56628 1508.56 2339.64
56629 1059.25 116.083
56630 1644.31 876.493
56631 909.982 1343.3
56632 1171.09 589.187
56633 313.503 1046.29
56634 520.357 1872.51
56635 1148.72 45.9014
56636 1504.45 412.935
56637 512.061 1288.88
56638 614.794 541.864
56639 614.794 541.864
56640 1404.61 1273.05
56641 1290.67 942.271
56642 1548.3 825.456
56643 852.256 133.71
56644 1907.63 1393.35
56645 1806.11 2310.07
56646 2074.29 1337.55
56647 4239.51 1239.77
56648 1292.11 1599.13
56649 607.45 1276.58
56650 1275.98 771.094
56651 819.716 474.582
56652 2866.01 1637.57
56653 4402.52 1095.48
56654 565.258 431.308
56655 2798.75 1712.16
56656 2730.04 1462.74
56657 822.554 101.176
56658 1715.71 938.83
56659 3241.32 1316.2
56660 1878.83 1812.96
56661 752.96 785.967
56662 2734.18 1171.98
56663 3502.09 1148.86
56664 1112 1779.88
56665 1796.19 334.906
56666 773.7 2190.69
56667 906.57 729.874
56668 4381.49 1117.36
56669 1356.95 501.524
56670 500.837 1253.15
56671 1252.09 848.651
56672 1904.96 1656.97
56673 761.334 1288.09
56674 2425.84 1426.23
56675 2802.55 1176
56676 2741.21 1165.86
56677 1278.8 2563.28
56678 1549.23 406.575
56679 2210.11 1521.32
56680 4260.43 1266.06
56681 1488.23 1086.97
56682 1405.74 1172.41
56683 841.771 96.5248
56684 1808.18 1.66294
56685 1013.98 1197.3
56686 1871.26 266.85
56687 1871.26 266.85
56688 1061.05 1213.53
56689 525.273 511.904
56690 1812.9 1885.94
56691 2868.61 1340.6
56692 1467.45 743.679
56693 2800.54 1114.61
56694 288.877 1607.23
56695 979.159 1745.55
56696 1297.6 1509.08
56697 3142.57 1351.16
56698 4317.73 1109.94
56699 1565.39 649.939
56700 1157.33 1024.8
56701 1037 -7.17324
56702 1182.82 1480.41
56703 1366.75 285.047
56704 1096.32 2578.63
56705 1511.16 434.891
56706 600.925 1033.9
56707 1023.12 1661.65
56708 2187.84 1263.31
56709 2187.82 1263.26
56710 1944.33 1446.5
56711 1598.14 991.685
56712 1050.03 580.881
56713 2211.5 1430.49
56714 999.704 211.078
56715 1792.79 455.655
56716 1946.43 1026.91
56717 2892.6 1093.39
56718 1793.22 124.811
56719 2622.18 1164.45
56720 2574.39 1424.08
56721 488.128 1942.22
56722 454.256 1239.46
56723 1524.2 2732.49
56724 1129.11 180.783
56725 1219.08 1290.18
56726 2093.91 1330.32
56727 1461.74 906.206
56728 1703.85 2224.62
56729 1775.12 759.163
56730 1325.92 1329.07
56731 1397.03 452.024
56732 1624.72 398.824
56733 1444.74 607.174
56734 1312.12 132.311
56735 2005.86 1575.67
56736 1530.46 3076.68
56737 1734.69 1682.14
56738 1435.61 -4.43125
56739 1435.83 -4.41222
56740 1415.03 1094.26
56741 770.308 598.949
56742 1915.53 1448.93
56743 1915.48 1448.9
56744 1623.81 2536.51
56745 1457.59 880.413
56746 1479.72 694.117
56747 1719.7 354.888
56748 1554.35 140.719
56749 3448.83 1471.93
56750 1316.48 662.315
56751 983.171 1144.41
56752 1149.03 28.2
56753 2627.55 1770.84
56754 1335.52 1238.84
56755 1912.34 650.167
56756 2016.8 1267.68
56757 1797.35 313.64
56758 1896.23 1590.26
56759 4130.4 1515.75
56760 366.234 969.935 
