 
Visibility for camera _SAM1049.JPG
4258
36 1960.25 2065.43
61 2111.86 2049.21
81 1310.26 1863.31
90 1415.81 1920.35
161 474.529 1883.91
190 2557.96 1949.8
214 2224.25 1996.3
258 2544.71 2034.22
266 1328.78 1921.46
309 1491.79 2008.46
340 1065.39 2125.59
341 1065.39 2125.59
355 476.873 1993.76
358 2175.35 2027.01
359 2175.35 2027.01
364 462.008 1923.39
411 678.751 1987.31
414 2272.13 2079.72
415 1299.98 1982.26
482 1095.98 2121.5
548 543.925 1958.87
561 806.965 2161.71
570 757.726 1635.6
577 2017.8 2117.74
578 1372.85 1911.63
583 3117.84 2129.37
612 1260.76 2035.65
629 570.405 1771.36
644 3195.7 2130.56
652 2030.29 1993.86
684 638.853 1963.66
698 841.574 1609.09
726 1967.95 2026.37
766 957.403 1834.51
772 2075.43 1986.64
792 1872.78 2089.57
795 2024.23 1956.12
830 2045.57 2066.94
931 2465.19 2111.02
937 2278.13 2046.9
963 2082.68 1960.49
1050 513.315 1962.45
1053 1909.78 2029.24
1054 1909.78 2029.24
1062 3181.64 2146.43
1102 1986.29 1949
1114 509.454 2274.5
1143 1932.84 1928.6
1161 1800.28 2008.41
1204 988.471 1881.13
1205 988.471 1881.13
1279 2130.32 2105.63
1281 2210.46 2051.15
1282 2210.46 2051.15
1297 2077.81 2138.41
1298 1429.44 1967.17
1322 2303.13 2062.85
1331 1958.82 1931.11
1339 1974.2 1996.65
1342 2804.12 1916.73
1348 770.335 1613.97
1355 1901.98 1971
1381 917.868 2051.64
1394 1997.16 1959.4
1410 2358.65 2083.46
1478 2152.68 2093.38
1491 2504.75 1882.12
1502 2382.21 2108.82
1534 2179.71 1939.28
1566 2381.44 2064.89
1574 938.84 1992.82
1603 4697.12 2112.2
1608 522.77 1981.09
1630 867.99 2063.64
1673 469.271 2082.25
1731 2280.39 1901.16
1756 4616.24 2108.75
1784 1728.89 2008.11
1815 3192.35 2162.34
1839 1381.08 1870.12
1840 2150.75 1961
1870 1387.9 1901.32
1871 937.217 2136.93
1881 1915.96 2055.55
1924 516.756 2014.86
1927 1857.41 2072.63
1937 1986.51 2146.86
1941 348.819 2089.65
1982 707.185 1934.92
1983 736.247 1639.7
1992 2429.57 1942.04
2003 2167.79 1924.41
2014 638.017 2942.06
2087 887.421 1977.57
2138 1314.24 1976.28
2165 513.373 2002.86
2193 2309.28 1929.54
2207 1820.43 1988.76
2216 536.381 1960.58
2222 825.882 1726.3
2264 2189.74 2123.43
2291 2062.84 2154.99
2355 2409.55 1999.88
2406 1799.22 2050.35
2407 1799.22 2050.35
2531 2342.7 2109.76
2594 2156.05 2023.51
2611 2438.2 2114.24
2620 853.483 1660.94
2624 2069.36 2028.19
2673 2364.28 2094.36
2696 2140.41 2051.09
2701 2271.84 1926.59
2713 1934.48 2032.28
2714 3096.27 2147.72
2730 2231.43 1958.32
2764 1410.85 1986.35
2928 778.588 1820.69
3006 918.639 1911.42
3036 1916.48 2141.52
3044 436.478 2247.08
3045 1943.3 2078.4
3057 2097.66 1912.49
3084 2086.13 1973.81
3126 841.288 2100.95
3152 528.879 2086.59
3172 2190.73 1929.88
3202 2034.59 2146.95
3297 2760.37 2095.24
3522 1837.68 2112.04
3714 1195.7 2177.39
3762 3242.9 2173.82
3788 3225.55 2170.47
3921 1339.52 2057.2
3923 466.372 1952.26
3928 2779.25 1942.91
3938 4625.54 2086.91
4107 614.447 2543.07
4111 1447.81 2671.37
4139 2395.23 2136.14
4167 2254.81 2035.27
4169 2151.58 2121.18
4179 430.649 2098.67
4186 4632.55 2129.51
4189 2408.2 1961.76
4273 2139.36 2148.26
4303 2214.85 1952.12
4321 2318.82 2040.55
4407 933.825 2084.88
4508 2249.22 2223.47
4602 1584.58 1834.88
4633 732.96 1917.84
4647 2050.16 2158.14
4897 1233.57 2380.84
4906 821.325 1696.37
4976 2367.69 1988.72
5028 2114.01 1957.17
5074 672.474 1893.27
5137 2926.2 2034.39
5251 2270.08 2002.53
5278 699.481 1652.64
5338 3208.21 2152.78
5346 1309.78 1933.9
5529 2347.74 1948.09
5534 2286.89 2031.27
5810 2475.01 2033.36
6028 479.096 2441.02
6115 2273.47 1981.23
6709 3045.35 2145.94
7590 610.965 1085.06
11175 1172.9 2545.11
12449 2474.52 2589.31
13922 2399.35 2306.04
17037 2015 2593.2
17118 739.821 2949.76
17422 960.486 2727.35
17583 1868.76 2543.86
17850 1924.96 2539.01
17861 3301.22 2420.73
17891 703.424 3032.28
17900 1316.68 2646.93
17942 1580.32 2692.47
17968 630.402 2930.72
17990 1835.14 2521.57
18031 610.369 2823.39
18065 2260.48 2542.68
18070 1302.79 2601.91
18166 1974.17 2549.4
18219 2247.9 2553.02
18287 2055.15 2495.86
18297 684.529 2667.56
18307 1155.92 2577.85
18313 667.809 2757.42
18324 2329.02 2485.93
18335 2015.24 2562.04
18344 831.359 2885.67
18382 2237.65 2503.38
18401 647.171 2848.98
18410 2284.6 2490.81
18426 844.493 2970.25
18531 1369.88 2727.01
18541 518.425 2820.35
18548 2266.13 2587.79
18647 658.822 2991.87
18682 1397.77 2569.69
18780 1892.93 2564.93
18792 2806.14 2464.4
18804 1807.64 2501.16
18990 2803.9 2426.66
18991 2803.9 2426.66
19092 1032.91 2813.5
19361 1388.5 2663.81
19365 1335.39 2605.88
19410 1990.43 2568.8
19443 779.7 2832.4
19476 1272.33 2546.52
19513 1262.58 2745.91
19572 2247.9 2553.02
19603 2480.54 2605.41
19628 970.778 3012.46
19641 1937.53 2492.41
19647 1973.28 2578.22
19659 1255.07 2527.03
19662 2285.08 2451.48
19722 1858.03 2454.14
19750 2333.67 2550.97
19753 1702.3 2447.83
19840 3120.61 2425.49
19951 1226.5 2698.58
20052 1930.62 2439.84
20133 3255.76 2406.7
20258 1200.31 2647.83
20353 3266.06 2369.85
20437 2949.43 2409.5
20723 2555.44 2498.21
20724 796.423 2923.3
20748 3437.61 2280.56
20781 559.588 2390.26
20833 2461.92 2571.75
20836 852.342 2391.76
20853 2338.94 2600.99
20873 597.276 2397.43
20945 3490.52 2280.33
20989 3182.56 2408.96
21006 1216.64 2395.08
21058 3209.7 2386.98
21066 2150.3 2432.49
21078 1943.2 2426.34
21086 596.007 2619.08
21088 2159.72 2406.07
21110 2441.99 2314.45
21112 1796.49 2447.3
21124 1931.24 2577.81
21140 2169.29 2465.06
21150 3990.16 2245.54
21159 1872.89 2431.28
21173 2136.17 2494.68
21182 916.938 2542.91
21184 3103.25 2406.58
21397 1408.58 2507.75
21410 3306.9 2299.3
21440 3313.56 2380.97
21464 3495.82 2266.84
21489 642.258 2588.16
21511 3434.17 2331.04
21533 1189.59 2427.22
21574 657.519 2500.27
21659 3838.88 2292.93
21711 3997.97 2266.8
21716 3823.01 2323.17
21732 2048.53 2261.27
21749 852.353 2328.04
21784 1373 2304.59
21785 3789.19 2100.4
21799 3221.23 2439.82
21804 3237.91 2389.85
21809 2115.24 2355.05
21817 1296.15 2386.65
21846 3345.77 2312.21
21893 3866.76 2320.39
21913 3394.63 2287.01
21922 829.732 2281.23
21976 1291.41 2501.62
21998 3085.52 2371.27
22011 2123.58 2331.53
22117 4550.33 2214.27
22182 855.586 2425.54
22191 589.746 2499.45
22214 2465.46 2367.4
22267 2162.04 2368.09
22296 1355.36 2394.05
22329 1326.03 2323.51
22344 1183.22 2540.57
22355 456.909 2285.97
22522 1852.11 2433.08
22557 3180.65 2432.7
22586 2256.62 2332.2
22605 496.294 2539.04
22652 380.567 2344.07
22786 1421.85 2681.85
22802 2091.8 2349.76
22803 2091.8 2349.76
22808 2054.65 2346.47
22811 2454.06 2193.72
22812 878.282 2359.3
22815 2964.49 2195.99
22819 3274.49 2386.77
22829 2140.38 2282.73
22887 893.452 2369.62
22894 570.682 2298.77
22913 2418.73 2230.48
22917 3538.43 2364.77
22920 1066.47 2524.45
22933 2360.64 2319.29
22949 1217.39 2385.29
22973 598.155 2691.75
22980 2118.98 2255.13
22986 872.142 2270.38
22987 1364.88 2427.58
23030 1238.89 2365.7
23051 2203.62 2340.96
23073 2027.09 2251.57
23085 541.675 2385.61
23103 2019.19 2503.82
23128 528.976 2383.59
23152 1195 2389.29
23175 1199.63 2407.76
23177 1200.68 2435.75
23188 3279.45 2435.06
23197 2183.77 2276.76
23225 381.664 2645.16
23245 549.115 2355.37
23254 510.521 2237.95
23255 670.566 2601.31
23259 400.873 2265.26
23261 2191.09 2407.62
23279 2375.78 2261.28
23291 2213.44 2249.45
23327 2026.43 2422.96
23330 554.623 2536.96
23348 1233.63 2399.53
23350 2006.45 2244.13
23355 1681.22 2299.59
23381 2320.3 2420.82
23395 526.046 2640.95
23459 845.124 2496.76
23463 530.514 2627.34
23468 662.008 2550.33
23526 626.527 2631.21
23536 1365.5 2463.19
23553 1167.03 2322.95
23569 817.305 2246.52
23589 2046.84 2363.48
23607 1282.15 2412.32
23624 965.406 2471.99
23729 629.906 2208.14
23744 3060.68 2439.71
23745 374.878 2288.52
23749 4651.36 2217.26
23773 937.947 2509.27
23787 2452.69 2298.76
23798 452.584 2683.03
23816 2506.78 2511.58
23818 1974.83 2429.01
23819 3750.01 2106.83
23832 3128.57 2385.65
23865 576.968 2555.25
23869 673.709 2544.67
23870 3085.84 2390.97
23882 335.323 2183.79
23887 496.294 2539.04
23889 859.362 2532.89
23900 543.466 2307.24
23906 1699.59 2413.25
23913 1912.69 2437.9
23935 2212.62 2425.65
23936 675.939 2576.16
23939 603.816 2283.68
23945 1125.73 2348.76
23952 595.239 2602.57
23957 925.66 2487.62
23961 450.12 2789.02
23963 1214.91 2411.06
23970 3351.36 2286.59
23973 914.979 2410.54
23981 1340.06 2472.92
23991 2304.15 2309.17
24001 568.612 2378.23
24005 1304.11 2479.41
24014 894.761 2500.33
24036 901.205 2387.31
24037 901.205 2387.31
24042 1280.34 2393.95
24060 1784.93 2267.84
24103 444.736 2711.76
24105 386.429 2390.12
24136 3739.28 2342.24
24139 658.16 2595.13
24142 941.023 2488.52
24154 1831.99 2434.06
24172 540.687 2707.05
24186 1253.83 2454.84
24211 2013.78 2294.53
24237 2160.18 2383.04
24245 2209.01 2378.77
24246 2209.01 2378.77
24249 2405.34 2419.31
24255 1900.43 2282.16
24256 955.307 2558.78
24283 2270.82 2271.16
24294 450.736 2530.16
24298 1910.71 2398.11
24302 506.659 2327.29
24303 3019.56 2455.99
24306 2345.22 2423.06
24311 1773.72 2312.34
24317 2068.75 2427.3
24336 2186.1 2392.88
24361 1907.14 2362.96
24362 3854.61 2345.43
24375 2159.2 2272.35
24378 2341.92 2308.31
24386 3893.47 2314.68
24391 1396.63 2473.18
24395 504.477 2380.29
24396 2192.34 2379.77
24406 465.124 2324.81
24429 2362.01 2419.25
24431 2019.45 2318.15
24433 2286.64 2220.46
24443 1210.01 2354.1
24455 1684.9 2251.92
24463 2344.27 2320.91
24484 1377.56 2341
24486 596.139 2536.9
24509 1816.13 2266.4
24518 832.819 2564.26
24532 1112.78 2458
24539 2085.45 2241.88
24546 4570.2 2211.65
24547 2353.83 2410.31
24555 1353.25 2277.41
24556 2106.29 2403.29
24567 2190.05 2345.34
24585 1791.47 2347
24595 2298.53 2369.57
24617 1905.38 2557.84
24626 2184.98 2310.58
24627 2184.98 2310.58
24631 2141.07 2318.54
24638 1737.06 2294.69
24643 2538.96 2292.88
24652 374.324 2544.98
24656 415.48 2555.23
24662 1846.81 2296.25
24675 2087.11 2274.64
24676 2087.11 2274.64
24685 4054.94 2353.06
24697 550.573 2440.74
24702 769.42 2874.7
24715 651.802 2476.22
24717 2327.2 2291.72
24720 1066.1 2186.98
24731 1375.9 2458.93
24735 1266.37 2398.88
24744 451.685 2602.57
24753 503.036 2644.69
24759 513.163 2436.45
24760 2418.73 2230.48
24762 2974.16 2129.88
24768 460.672 2218.68
24771 1187.91 2514.66
24773 593.255 2317.15
24780 4108.58 2206.15
24789 569.671 2155.97
24791 3443.71 2170.26
24792 2143.98 2385.4
24796 492.323 2474.16
24797 1880.56 2233.61
24800 2187.55 2327.19
24804 359.269 2233.31
24835 606.842 2456.09
24837 2393.34 2279.56
24842 573.436 2661.47
24854 1344.73 2494.87
24878 1337.65 2285.34
24882 460.35 2172.61
24885 1219.23 2342.09
24896 2186.61 2427.13
24897 925.66 2487.62
24906 1910.35 2224.84
24907 1910.35 2224.84
24913 1207.51 2196.92
24918 914.979 2410.54
24923 1250.67 2403.66
24925 3306.92 2245.74
24927 2183.77 2276.76
24932 2026.9 2234.24
24943 894.761 2500.33
24950 681.275 2626.82
24952 383.179 2329.55
24958 921.815 2469.65
24966 2932.66 2196.17
24967 598.535 2442.82
24972 3160.84 2418.8
24977 1891.98 2218.34
24984 521.368 2588.78
24985 521.368 2588.78
24995 3257.28 2100.72
24998 3179.94 2055.36
25000 3146.5 2040.24
25013 2194.96 2358.56
25018 1297.13 2452.82
25024 1075.07 2435.4
25029 1935.3 2256.13
25030 1935.3 2256.13
25031 3282.81 2293.94
25033 2059.47 2354.97
25034 2976.09 2460.96
25043 602.457 2150.89
25048 1221.89 2712.05
25057 2265.19 2408.53
25059 3763.76 2165.47
25060 515.536 2627.38
25062 928.855 2552.01
25067 2224.63 2222.56
25072 3053.81 2439.66
25083 1366.25 2285.22
25086 1339.77 2298.74
25100 1332.97 2404.68
25102 1074.59 2215.55
25108 443.827 2295.53
25112 472.181 2654.05
25126 1960.71 2194.03
25127 4250.39 2381.42
25147 1768.34 2415.33
25148 1768.34 2415.33
25160 1893.06 2298.37
25170 2160.18 2383.04
25193 427.171 2218.8
25211 935.912 2562.73
25212 4012.21 2260.22
25216 2262.79 2218.85
25219 4156.38 2211.88
25225 558.166 2247.54
25228 2392.42 2210.04
25229 2117.13 2413.12
25232 3081.57 2157.24
25265 1732.74 2290.28
25270 2260.56 2344.41
25274 2102.11 2432.36
25297 1708.5 2248.18
25298 1348.18 2288.73
25304 3317.9 2424.57
25309 399.532 2168.64
25310 399.532 2168.64
25317 2285.21 2399.87
25318 3327.08 2314.88
25327 2361.78 2398.72
25335 514.625 2485.87
25340 2459.8 2323.64
25354 2373.16 2381.72
25360 3610.36 2103.92
25367 2777.43 2290.61
25368 3406.52 2308.58
25369 3171.49 2019.36
25370 2171.8 2369.71
25372 467.804 2409.55
25377 1689.03 2358.57
25382 1708.46 2299.43
25404 571.631 2577.26
25413 2065.49 2414.7
25441 1291.7 2311.53
25453 555.551 2565.82
25458 3194.74 2439.63
25460 2235.58 2229.58
25464 2320.43 2319.54
25467 3731.19 2329.78
25472 3172.4 2454.24
25502 2179.47 2352.9
25521 3592.85 2091.87
25543 3772.73 2201.98
25549 1614.14 2101.08
25560 2086.71 2379.86
25572 3493.32 2136.13
25575 2128.77 2423.73
25576 2104.12 2248.95
25584 1253.46 2349.94
25589 898.446 2484.13
25606 2043.87 2308.39
25609 2141.07 2318.54
25618 1298.47 2308.71
25622 404.827 2599.75
25634 415.48 2555.23
25646 984.465 2330.75
25647 984.465 2330.75
25649 2425.92 2207.64
25660 2140.38 2282.73
25665 2291.7 2242.47
25667 1755.45 2362.54
25674 830.801 2150.59
25691 2221.93 2202.25
25693 606.396 2552.66
25699 1728.38 2219.78
25704 1956.86 2255.7
25705 412.314 2279.32
25707 371.454 2373.14
25711 2116.67 2096.17
25722 865.789 2290.43
25723 538.575 2518.77
25724 538.575 2518.77
25725 3344.28 2122.27
25742 492.323 2474.16
25745 645.156 2389.65
25753 2420.11 2257.37
25755 2210.95 2098.58
25757 1307.7 2441.58
25758 379.048 2140.51
25761 526.046 2640.95
25762 2304.15 2309.17
25781 539.526 2497.07
25786 3156.44 2059.24
25788 2001.97 2536.25
25792 1389.06 2386.67
25794 1877.47 2351.16
25810 471.131 2670.04
25813 584.325 2675.79
25820 2198.8 2135.12
25821 2198.8 2135.12
25833 1972.68 2409.16
25840 356.194 2377.29
25846 1317.57 2363.57
25849 635.155 2252.29
25852 649.148 2256.94
25854 861.409 2143.45
25859 2140.25 2187.15
25860 2969.48 2425.51
25869 1936.55 2414.72
25880 921.815 2469.65
25881 2002.17 2217.27
25887 656.614 2356.15
25888 663.967 2448.46
25909 1337.13 2430.68
25910 481.108 2424.55
25927 432.606 2484.04
25928 2079.14 2335.72
25936 2129.87 2308.76
25938 1309.66 2402.92
25939 627.843 2453.54
25961 1684.9 2251.92
25964 3621.64 2180.19
25966 2083.95 2165.64
25970 2046.49 2376.94
25974 3007.82 2225.98
25986 2181.6 2197.16
25989 1320.21 2194.31
25994 1008.02 1883.65
26000 3692.37 2223.33
26001 2023.91 2381.24
26005 384.43 2008.46
26009 540.687 2707.05
26018 1803.71 2211.18
26043 460.777 2556.43
26048 4140.42 2038.97
26049 917.99 2213.14
26051 2413.14 2428.19
26058 554.618 2685.34
26067 2775.75 2254.64
26071 1530.93 2267.07
26079 504.469 2680.52
26089 3369.99 2111.27
26090 2986.71 2430.57
26091 518.192 2267.6
26099 3610.23 2081.33
26108 2309.71 2239.58
26115 3225.1 2136.9
26118 1972.97 2323.84
26120 1377.56 2341
26121 1893.06 2298.37
26143 4294.79 2287.63
26144 455.281 2149.34
26146 1088.64 2263.83
26151 2332.72 2264.28
26154 1915.16 2283.02
26161 413.924 2391.02
26163 1381.87 2182.74
26172 3402.27 2156.91
26173 3402.27 2156.91
26174 3254.81 2117.9
26181 961.952 2540.99
26208 339.415 2159.3
26216 1487.18 2163.06
26219 542.986 2423.33
26220 542.986 2423.33
26222 2762.79 2220.92
26225 1815.24 2416.27
26232 4037.05 2209.28
26233 1920.27 2214.19
26241 2456.2 2235.31
26252 1822.75 2194.63
26257 1177.18 2449.25
26258 2117.84 2293.19
26271 3260.37 2429.5
26275 2321.73 2340.57
26293 2366.3 2370.61
26314 2374.28 2422.71
26325 1680.36 2201.45
26329 3182.03 2221.58
26338 426.492 2415.73
26343 2024.23 1956.12
26366 2137.59 2213.63
26369 2140.04 2233.66
26385 2540.11 2212.58
26392 2139.56 2332.56
26394 650.416 2405.66
26396 2219.17 2275.88
26397 1705.08 2317.2
26413 3140.18 2021.14
26428 2024.59 2204.05
26438 2451.67 2267.63
26444 1300.75 2197.32
26466 4700.59 2183.94
26505 2374.95 2399.43
26512 1504.78 2393.18
26520 2069.07 2248.24
26531 2088.43 2270
26558 2241.49 2398.94
26559 1796.12 2216.61
26562 1807.4 2305.36
26574 2049.34 2196.9
26582 1268.03 2430.07
26583 1043.03 2173.07
26588 3649.66 2082.73
26592 2307.74 2437.56
26599 3326.48 2139.17
26608 3044.29 2354.81
26613 2230.14 2129.61
26621 822.273 3004.13
26623 4368.03 2207.42
26626 1728.38 2219.78
26635 2340.25 2366.64
26658 2118.77 2132.65
26671 3030.52 2367.76
26675 3404.99 2149.85
26676 2344.38 2440.83
26677 3170.29 2077.94
26682 2398.19 2382.13
26683 616.718 2855.09
26685 3225.48 2208.99
26686 427.304 2596.21
26692 3727.1 2186.19
26697 380.269 2520.92
26699 635.846 2273.6
26702 409.428 2686.47
26705 632.963 2602.81
26711 918.092 2511.37
26713 3428.2 2133.97
26723 1066.47 2524.45
26734 2152.94 2139.59
26737 1910.62 2319.94
26749 2448.22 2164.39
26759 402.244 2651.14
26760 1258.39 2273.5
26767 1928.28 2334.28
26768 1928.28 2334.28
26769 1721.57 2309.32
26771 1348.18 2261.3
26778 1301.02 2217.35
26781 1841.22 2536.59
26794 3667.15 2206.19
26799 3368.21 2149.41
26803 1724.9 2196.61
26804 2243.47 2109.5
26808 3239.94 2244.07
26815 928.591 2385.58
26824 2050.86 2338.79
26839 1320.21 2194.31
26845 2221.36 2189.55
26846 1980.91 1962.3
26848 2301.94 2081
26866 2439.9 2177.62
26868 1373 2304.59
26872 3757.14 2329.36
26873 2786.69 2190.91
26874 1377.66 1927.5
26877 418.009 2335.47
26882 3679.4 2295.33
26892 3069.15 2034.06
26902 1864.17 2330.61
26908 673.925 2562.43
26914 1077.19 3269.98
26916 2473.06 2376.8
26917 2325.36 2171.15
26918 538.932 2123.87
26919 2993.47 2078.1
26934 1075.21 2455.16
26939 935.912 2562.73
26941 3017.6 2241.15
26945 632.475 1919.69
26946 3641.26 2347.21
26947 3255.85 2131.15
26966 2293.79 2418.28
26984 3549.89 2172.4
26992 1014.64 2145.46
27000 1381.8 2398.02
27012 634.261 2175.49
27044 1757.19 2190.11
27059 2094.45 2179.94
27068 555.551 2565.82
27076 1506.23 2271.21
27091 481.148 2081.46
27092 3329.08 2052.49
27093 1351.43 1898.8
27105 4482.8 2206.79
27125 2921.55 2201.16
27128 3314.84 2157.23
27129 2789.98 2233.97
27130 2789.98 2233.97
27138 3054.76 2032.61
27153 2182.09 2362.11
27165 523.798 2042.9
27186 2169.11 2023
27200 3059.03 2137.54
27210 521.16 1847.99
27230 1822.75 2194.63
27237 2075.32 2108.7
27244 3206.1 2231.28
27245 3206.1 2231.28
27251 3950.54 2333.39
27292 4420.82 2235.29
27365 2670.53 2379.5
27366 2670.53 2379.5
27371 3258.27 2250.85
27381 475.512 2316.8
27384 536.217 2310.56
27388 1989.45 2002.47
27393 2116.67 2096.17
27398 1282.96 2230.39
27402 3163.35 2031.09
27414 4017.71 2083.66
27416 2931.97 2123.09
27417 479.965 2123.3
27426 978.129 2243.05
27427 375.259 2081.31
27438 3301.65 2055.2
27444 3191.19 2017.7
27447 613.64 2485.77
27449 824.043 2228.38
27452 2195.71 2295.03
27464 2459.29 2399.13
27465 1231.88 2131.78
27468 3627.13 2344.51
27475 3846.46 2189.98
27476 3775.03 2060.56
27480 3437.68 2208.22
27490 529.736 2211.01
27493 4112.24 2152.31
27499 4457.35 2140.45
27501 4093.47 2045.07
27508 4136.98 2091.14
27509 3170.29 2077.94
27511 4463.08 2168.07
27513 1325.76 2157.55
27514 3871.01 2094.14
27524 3227.17 2102.06
27527 2450.73 1969.65
27531 2805.65 2353.02
27532 1877.47 2351.16
27536 4626.65 2158.57
27539 1927.29 2056.97
27541 3061.2 2264.73
27542 3205.77 2116.37
27549 1278.84 2315.85
27550 3194.29 2046.47
27551 368.734 2414.94
27553 3144.43 2073.29
27554 831.925 2513.22
27558 393.369 2131.16
27559 941.801 1953.13
27560 913.901 2582.75
27579 2035.94 2220.19
27582 2903.15 2123.65
27583 2993.47 2078.1
27584 1965.72 2342.48
27585 1965.66 2342.54
27589 828.913 2969.11
27595 3390.73 2123.51
27604 924.713 2347.24
27614 3164.54 2219.21
27615 3709.05 2266.31
27618 4175.52 2151.41
27619 2993.91 2340.8
27621 515.969 2014.95
27627 873.313 2559.06
27631 1461.77 1910.18
27647 1871.23 1952.79
27664 1807.51 2255.83
27675 2303.31 2553.11
27676 2499.91 2182.83
27677 1270.03 2044.24
27678 2190.56 2164.88
27679 1437.46 1887.42
27682 1321.56 1934.32
27688 3018.25 2341.44
27690 1309.66 2402.92
27700 3185.04 2353.14
27704 2383.11 2098.26
27707 3532.57 2182.09
27708 3567.58 2181.04
27720 413.924 2391.02
27722 3741.84 2185.83
27725 1931.76 1971.78
27727 3288.38 2243.2
27731 445.518 2397.26
27732 4435.55 2209.66
27745 1064.9 2266.12
27747 3019.79 2352.75
27748 505.509 2347.05
27751 1220.97 2357.12
27755 3111.68 2158.98
27758 514.625 2485.87
27763 3020.44 2120.51
27764 3182 2018.63
27768 1083.42 1821.31
27775 3502.14 2428.45
27776 1766.82 2427.41
27778 2224.63 2222.56
27781 3416.99 2179.96
27784 3689.87 2206.92
27786 1265.49 2152.58
27793 2874.63 2108.51
27794 1818.93 2205.92
27795 2569 1913.51
27797 3403.89 2192.81
27798 3538.99 1952.56
27802 3729.91 2226.35
27804 4244.32 2061.53
27805 3787.86 2325.92
27806 4108.21 2065.36
27808 666.741 2583.63
27810 832.778 2136.15
27812 3216.5 2354.69
27817 675.393 1773.54
27823 3145.92 2146.76
27824 4094.11 2180.32
27826 2337.9 2161.45
27830 3288.88 2126.07
27835 2954.39 1970.31
27836 2954.4 1970.32
27839 3039.53 2338.78
27849 2071.39 2162.97
27851 1494.65 2139.73
27852 2979 2358.87
27853 3940.88 2014.67
27856 4032.86 2056.34
27862 4094.75 1993.33
27864 2450.2 2060.54
27868 3183.38 2082.57
27871 3855.08 2345.62
27885 3377.46 2000.46
27887 1915.16 2283.02
27890 1771.82 2437.5
27892 692.062 1803.8
27895 3430.35 2193.38
27899 4694.42 2138.15
27900 3833.02 1966.57
27921 3054.35 2011.12
27924 2973.4 2183.19
27925 3827.45 2090.61
27935 3102.62 2346.36
27937 3657.97 2043.7
27938 4191.85 2045.47
27944 2230.41 2279.39
27945 2230.41 2279.39
27950 2006.45 2244.13
27955 3519.27 2193.89
27961 2123.88 2399.68
27969 3426.05 2028.42
27971 3374.84 1982.56
27972 409.65 2241.89
27983 2049.02 2188.63
27984 2433.8 2265.77
27985 2467.06 2264.55
27989 1824.51 2340.55
27994 3354.73 1963.87
27997 4660.1 2121.93
28005 2186.1 2333.11
28006 2079.11 2171.86
28007 3314.23 2261.55
28009 3698.08 2193.54
28010 1688.41 2074.67
28012 3428.7 2168.64
28015 2369 2278.85
28019 439.193 2109.7
28026 2174.81 2149.81
28029 4034.22 2127.71
28033 725.686 1908.76
28044 2296.02 2131.01
28048 3861.46 2383.44
28052 1719.29 1970.55
28053 3680.9 2334.09
28056 3165.85 2124.03
28060 3741.05 2198.09
28071 3427.45 1997.93
28084 3016.47 2488.59
28089 3199.42 2206.14
28097 3039.08 2128.01
28108 4232.96 2014.66
28110 791.856 2428.02
28111 3699.63 2074.76
28113 3292.44 2024.81
28114 4128.88 2023.2
28125 3299.44 2182.54
28129 3303.85 2162.73
28148 3158.71 2189.12
28149 3158.71 2189.12
28152 3699.64 2288.8
28173 4439.21 2183.88
28175 3352.6 2224.14
28176 3598.46 2005.19
28177 3598.46 2005.19
28178 2241.72 2081.9
28205 1335.76 2173.79
28236 1157.33 2335.99
28238 3401.37 1975.71
28243 1401.44 2252.81
28260 3097.62 2255.7
28261 805.037 1493.83
28272 4192.08 2034.45
28284 913.751 2234.58
28297 512.657 2713.94
28299 2016.92 2142.49
28300 2016.92 2142.49
28306 648.725 2442.47
28325 468.165 2594.15
28339 3189.23 2002.21
28342 1372.85 1911.63
28347 3129.3 2006.88
28362 2168.94 2087.78
28368 459.534 2172.76
28374 3374.73 2435.61
28376 170.709 1562.54
28377 1832.35 2128.71
28381 3683.36 2137.36
28383 3085.05 1994.26
28397 364.436 2069.23
28401 4150.6 2206.85
28407 3668.55 2174.13
28410 1749.48 2026.79
28416 866.924 2177.44
28418 2210.46 2051.15
28430 3340.81 2474.1
28432 391.041 2424.22
28440 2235.29 2093.2
28441 2235.29 2093.2
28443 902.091 2022.29
28458 1721.75 2115.45
28459 1919.47 2042.34
28466 3413.6 2268.77
28468 1942.97 2170.05
28479 775.271 1747.28
28482 404.121 2220.91
28483 753.961 1846.05
28490 4013.2 2026.15
28501 2138.82 2115.93
28518 2350.45 2290.82
28519 3525.11 2093.99
28528 3235.15 2183.3
28533 3457 2089.58
28540 940.453 2488.78
28541 929.585 2519.42
28542 929.585 2519.42
28543 573.015 2466.13
28546 1371.74 1860.95
28554 517.4 2267.79
28556 205.551 2989
28564 2223.8 2002.9
28566 575.547 2451.54
28571 1974.5 2048.18
28573 2093.17 2370.48
28576 913.304 2583.05
28602 2122.17 2234.22
28604 3362.15 2067.02
28615 3416.99 2179.96
28619 418.009 2335.47
28631 1340.45 2311.86
28640 3040.07 2040.67
28643 4685.23 2052.08
28645 1969.19 2012.23
28650 2265.11 2076.72
28659 2035.38 2395.52
28662 1864.17 2330.61
28666 2771.41 2030.15
28674 3128.13 2204.18
28683 1844.69 2162.2
28696 3236.08 2028.53
28705 4199.05 2078.03
28709 2948.42 1885.41
28710 3239.37 2006.86
28719 3306.45 2248.98
28742 3308.57 2067.45
28750 2241.92 2424.64
28755 2954.07 1904.3
28764 1063.25 2308.46
28765 2195.19 2047.98
28768 3727.36 2160.04
28779 3477.5 2054.35
28814 892.445 2360.1
28815 3741.4 2198.2
28822 3015.77 2475.57
28827 1841.65 2151.65
28835 3339.82 2067.27
28840 2220.81 2173.21
28843 1339.52 2057.2
28851 3216.8 2008.97
28853 4416.42 2205.32
28855 3080.78 2126.4
28863 2286.64 2220.46
28889 3270.66 2201.52
28893 3418.02 2149.11
28905 4638.37 2178.52
28929 3020.75 2107.56
28930 2889.82 2117.93
28956 3063.95 2044.15
28962 4226.93 2047.41
28964 3512.64 2203.61
28977 3779.06 2213.83
28987 1169.08 2472.39
29008 2681.8 1969.62
29045 4353.01 2007.35
29058 3209.97 2197.94
29096 4682.09 2076.03
29109 3808.81 2113.28
29129 3741.73 2071.39
29147 58.9129 1652.2
29148 3300.66 2406.49
29169 1200.31 2647.83
29272 3871.01 2094.14
29273 1281.21 1973.89
29296 2874.63 2108.51
29303 2576.43 1890.93
29359 1293.61 1890.22
29363 2036.1 2272.74
29395 1977.38 2075.15
29428 1666.28 2018.8
29447 1297.41 1910.28
29454 2126.61 1924.31
29455 1813.73 2017.47
29463 1441.11 1860.08
29468 2407.35 1931.73
29484 3341.06 2170.45
29530 1520.6 2429.96
29535 3759.61 2225.9
29644 2159.53 1911.53
29664 2432.15 2125.36
29666 826.809 1752.68
29709 1679.05 2098.97
29782 4670.27 2116.01
29885 4624.51 2099.36
29959 1909.46 2010.63
29974 762.801 1753.86
29975 762.801 1753.86
29977 1922.76 2127.86
29985 1776.07 2033.43
29987 2407.72 2037.37
30019 1974.2 1996.65
30031 1850.3 1990.18
30086 980.28 1848.14
30116 2077.44 1928.25
30138 1184.62 2103.36
30150 721.477 1695.32
30199 2413.79 2134.61
30247 2154.64 1997.51
30411 2931.95 2123.07
30502 3182.89 2114.33
30528 2122.06 1935.23
30557 688.968 1956.18
30812 1239.01 1977.69
30861 1777.14 2005.06
30898 347.49 1779.26
30917 2460.09 2462.01
30923 1587.4 2116.95
31071 481.913 1808.24
31075 1424.89 2042.71
31107 1164.25 1409.3
31138 2905.81 2003.82
31169 547.603 1377.93
31247 1596.42 1897.22
31248 1094.27 1941.64
31282 1423.86 2074.48
31302 1139.8 1931.44
31329 1207.35 1885.31
31345 395.838 1661.38
31386 513.572 1815.33
31432 1158.7 1784.25
31451 1720.2 1969.81
31518 608.239 1225.31
31539 1107.29 1901.24
31544 1217.27 2110.27
31553 1072.16 1984.36
31563 1035.67 2068.2
31574 1125.32 1857.87
31613 245.405 1510.89
31617 1137.65 1827.66
31674 691.587 2008.96
31724 127.319 2506.3
31827 1517.21 2135.51
31878 1255.75 1934.95
31899 961.184 1498.81
31917 951.847 2177.34
31989 2653.63 1894.23
31990 1605.94 2032.62
32046 1274.35 1893.85
32062 1571.33 2143.89
32097 189.656 1810.07
32157 1049.2 1934.89
32159 2699.21 1969.8
32175 1097.87 1822.02
32185 3835.3 2071.23
32190 1086.48 1891.12
32199 1110.39 1792.55
32231 1693.66 1952.97
32322 2882.13 1985.98
32370 1642.49 2120.22
32412 1071.65 1882.38
32418 839.375 1696.93
32428 961.804 2141.36
32440 1517.73 2033.03
32486 1498.6 2043.52
32553 1504.87 1969.53
32561 1674.02 1914.48
32585 1158.6 1425.55
32631 1494.23 2098.89
32637 1475.03 1948.37
32647 489.613 1901.09
32648 2525.1 2043.63
32650 1664.03 1946.01
32652 1640.97 2022.07
32669 27.6642 1628.26
32739 821.887 1511.99
32774 1603.81 2139.03
32797 491.09 1808.92
32810 1704.12 1923.81
32839 265.466 1528.4
32848 1560.48 2111.43
32871 1321.11 1310.94
32879 1635.68 2041.46
32908 1469.51 1765.5
32918 2590.17 1965.63
32929 1497 1888.52
32958 779.37 1906.24
32970 1540.27 1967.23
32982 1120.9 2142.38
33054 1654.95 1974.97
33078 1441.09 1531.64
33137 1444.07 2145.77
33156 642.791 1693.64
33162 1521.07 1975.81
33172 21.7969 2327.34
33192 1622.67 2067.15
33194 743.824 1903.05
33203 2594.47 1939.44
33243 1227.29 2027.36
33246 1548.28 1940.29
33262 552.445 1417.91
33316 1580.63 1928.35
33332 1247.85 2021.29
33398 2588.76 1981.18
33432 770.836 1837.97
33446 977.157 2022.43
33460 1307.67 2095.14
33491 1567.94 1883.08
33510 1421.15 2460.89
33521 1541.46 1999.09
33538 2617.42 1798.58
33613 1300.4 1872.04
33643 2598.51 1916.82
33699 783.057 1931.45
33713 1509.68 1863.18
33761 71.0961 2409.45
33780 1528.27 1990.37
33859 76.8413 2188.69
33919 1085.13 2108.48
33935 1233.23 2051.28
34035 1233.67 1898.78
34048 2802.74 2043.57
34078 1588.52 2103.64
34129 1561.49 1940.96
34202 2564.09 1968.85
34203 1265.82 1845.39
34239 1450.89 2023.22
34255 2706.62 1936.89
34267 905.571 1965.8
34273 714.12 2014.46
34291 1573.54 1899.02
34303 144.833 3159.61
34346 358.662 2012.07
34358 497.239 1212.47
34387 2529.22 2008.72
34505 2651.14 2076.53
34548 1578.21 1848.31
34613 1232.89 1866.46
34723 107.005 2736.43
34730 2748.83 1940.95
34750 282.503 2405.74
34760 1161.04 2053.19
34764 1570.98 1950.09
34812 373.03 2052.64
34832 1518.74 2070.69
34833 1727.39 1915.35
34886 1678.43 2070.12
34890 888.433 1954.85
34896 1702.76 1992.38
34897 1243.64 1970.31
34906 1043.53 1914.57
34928 661.425 2057.41
34930 358.097 2029.22
34944 2630.99 1837.71
35009 662.771 1387.41
35013 2657.14 2041.98
35052 2659.67 2056.54
35062 1191.24 2033.39
35078 1278.21 1536.66
35079 1278.21 1536.66
35083 1494.65 2139.73
35085 1626.25 2056.33
35177 1008.51 2075.79
35178 1008.51 2075.79
35187 1195.9 1996.83
35190 1567.51 1925.9
35239 1440.28 2064.67
35321 1154.78 1976.78
35327 555.928 1714.92
35397 673.235 2035.13
35406 502.542 1806.5
35440 2545.1 2081.77
35445 1665.74 2111.74
35447 2285.06 2106.16
35457 2567.4 1955.55
35492 243.714 2378.58
35518 1673.38 2089.98
35770 728.442 1483.99
36118 668.83 1092.62
36208 1529.66 2092.6
36460 724.305 1928.25
36500 626.312 980.911
36536 246.321 1528.13
36695 778.11 1354.05
36813 1719.78 1938.21
37321 286.17 1292.64
37983 617.881 1021.67
38186 823.537 1434.75
38730 351.669 925.545
38789 583.938 1224.39
38813 921.483 1830.05
39382 330.384 1122.5
39565 935.474 1016.35
39615 806.112 1396.43
39805 899.587 1035.35
40480 1344.68 3614.64
40516 859.167 995.319
40656 1245.52 3173.55
40840 927.711 1440.65
40923 1036.88 979.584
40944 540.93 1403.91
40956 920.334 705.845
40961 910.899 990.167
40986 939.631 742.626
41210 948.456 751.183
41353 915.525 978.452
41490 652.333 708.594
41692 447.963 650.657
41721 622.622 1540.72
44607 1529.84 1535.45
44829 788.282 3460.94
45087 412.397 3497.46
45801 321.037 2796.57
46643 791.055 2813.74
46689 1043.23 2671.74
46763 1197.79 2702.69
46887 1162.62 3446.91
47132 63.9834 2992.19
47288 1060.5 2702.07
47328 1095.28 2639
47603 1640.78 2562.82
47631 1593.4 2660.98
47663 1538.6 2609.07
47731 1688.77 2590.33
47735 435.199 2748.74
47745 2783.64 2514.32
47751 1604.48 2457.8
47795 1648.83 2530.36
47802 2770.55 2475.92
47835 2915.63 2357.41
47839 1525.44 2562.83
47860 2630.56 2592.06
47890 2673.98 2697.92
47911 1205.97 2584.27
47983 1286.86 2690.78
47996 1688.66 2632.61
48241 2898.72 2345.13
48322 2624.06 2666.39
48344 1580.47 2512.66
48402 831.152 2856.86
48420 1314.93 2676.95
48429 648.472 2972.95
48441 451.562 2772.93
48447 1525.01 2659.48
48512 1693.52 2647.58
48712 1903.23 2535.31
48754 4214.87 2332.59
48756 1511.34 2540.52
48872 644.93 3024.72
48925 1738.14 2668.46
48928 1343.26 3253.92
48978 1034.65 2565.29
49018 1096.53 3506.5
49027 3976 2219.64
49060 1219 3104.34
49079 2608.29 2530.22
49152 1534.12 2526.24
49224 839.053 3404.74
49231 1579.62 2640.09
49253 1510.85 2507.77
49280 2785.34 2532.21
49333 323.333 2141.33
49360 189.965 702.18
49374 1247.59 2753.65
49375 185.205 2504.05
49400 1640.08 2450.24
49401 1612.47 2664.86
49455 2147.33 2554.52
49483 1118.56 2758.52
49512 201.142 841.059
49536 1196.23 2572.78
49659 939.246 3125.07
49714 1543.3 2541.36
49721 1665.96 2722.75
49805 1626.5 2685.11
49826 1692.21 2499.84
49859 1504.36 2631.87
49890 1448.24 3565.24
49919 1194.19 3226.57
49974 1525.86 2485.49
50074 1538.49 2973.88
50079 654.129 2640.99
50139 670.753 2471.62
50228 2755.93 2431.07
50229 2850.37 2493.93
50267 1481.4 2305.97
50269 2691.08 2257.03
50387 646.08 2509.12
50393 1550.65 2626.09
50417 2622.49 2567.78
50420 428.21 688.66
50444 574.713 405.054
50467 1560.22 2614.91
50500 498.189 286.559
50528 577.969 799.976
50531 2306.51 2463.9
50564 212.219 2936.56
50573 782.475 2736.73
50599 1054.03 2395.8
50659 531.399 287.619
50749 1023.47 2804.27
50754 422.87 2909.18
50775 3941.92 2324.31
50822 4185.13 2380.27
50884 182.613 546.037
50901 1816.69 2507.93
50965 159.698 1536.42
51067 694.684 2493.03
51105 580.735 681.615
51144 136.662 2946.47
51171 823.854 2676.39
51230 270.548 2552.17
51313 2272.1 2542.77
51314 1429.96 3609.61
51365 1423.16 3160.87
51457 2550.52 2458.57
51460 632.492 2356.05
51480 1005 2253.65
51530 1518.08 2383.13
51557 1738.22 2468.03
51558 1014.21 2361.23
51612 723.758 2743.77
51613 1538.17 2672.24
51634 1636.09 2403.72
51640 1980.07 2479.92
51646 309.195 2189.81
51753 2583.86 2398.55
51757 941.505 2267.74
51779 1109.53 2577.64
51817 269.392 2652.12
51836 1588.94 2215.27
51891 141.359 3143.32
51897 1498.59 2520.51
51912 2698.86 2616.89
51922 504.558 1209.43
51981 440.343 736.442
51995 1187.17 2560.59
52006 186.468 2153.4
52008 2691.64 2505.3
52029 48.8332 514.541
52080 851.75 2500.24
52090 647.328 2180.76
52107 146.398 2355.95
52130 1645.43 2253.96
52144 400.887 68.2191
52145 1617.65 2652.63
52216 93.0061 2416.38
52217 3488.65 2329.02
52249 615.638 2951.5
52276 1154.11 2417.84
52295 765.465 2639.73
52329 4313.4 2067.63
52333 1598.1 2342.02
52347 1148.9 2663.42
52351 1656.8 2402.27
52381 2986.71 2430.57
52392 4025.52 2274.58
52424 1669.87 2599.43
52466 1595.33 2310.63
52486 408.401 2804.31
52500 1740.36 2576.99
52598 1262.19 2566.5
52653 2789.81 2308.45
52697 1559.44 2269.68
52714 2799.66 2400.97
52732 533.193 2863.01
52749 1552.89 2966.12
52763 352.147 1149.31
52767 1039.63 2370.18
52772 1321.4 3094.97
52796 1317.28 3216.28
52810 628.933 2297.29
52860 1572.05 2357.96
52892 941.9 345.951
52964 1060.35 2493.71
52966 2663.1 2311.69
52981 1490.95 2424.43
52988 1051.32 2542.33
52997 393.117 2735.89
53004 1412.9 3590.32
53020 894.259 245.626
53021 900.289 458.698
53045 1464.64 2516.11
53076 1504.51 2228.37
53098 1346.33 3637.24
53136 779.613 3450.82
53148 67.3007 1564.66
53149 2573.93 2477.87
53159 1599.32 2375.07
53161 1460.37 3321.49
53166 1588.75 2182.35
53196 861.047 2733.62
53212 2646.42 2274.47
53239 4608.53 2240.49
53241 1409.51 2309.5
53285 1488.49 2391.82
53313 670.31 2506.52
53324 321.244 2663.33
53328 2524.29 2398.64
53348 4360.08 2157.99
53356 1568.71 2600.51
53358 1143.67 2283.89
53377 2902.05 2519.98
53378 884.131 2255.72
53379 189.965 702.18
53392 101.293 1290.15
53395 2557.1 2409.86
53442 1158.21 2474.89
53451 786.895 2322.44
53454 1524.58 2300.89
53462 845.789 2865.26
53470 1073.01 2045.77
53482 2570.9 2231.89
53515 540.024 2748.33
53525 133.086 3033.75
53534 907.608 890.852
53550 1663.89 2331.69
53557 2730.97 2343.92
53566 1493.99 2279.17
53586 1603.57 2412.93
53599 2530.06 2468.28
53651 599.644 1071
53676 1160.31 2493.76
53692 923.245 848.539
53697 2106.07 2294.14
53700 529.652 187.865
53744 1425 2261.58
53759 334.764 1827.11
53760 334.764 1827.11
53765 149.507 1391.45
53771 783.749 2530.24
53781 304.675 1232.17
53804 1658.29 2432.84
53827 830.257 119.005
53828 830.257 119.005
53829 735.789 2249.74
53837 906.853 534.905
53851 15.4938 2593.22
53852 577.865 2405.21
53876 677.137 2700.02
53893 2719.06 2407.06
53942 1778.07 2299.6
53945 1022.13 2396.36
53946 1022.13 2396.36
53957 332.779 2358.42
53997 317.842 2271.14
54025 111.851 531.33
54073 2589.99 2491.49
54096 161.058 1823.11
54099 2785.7 2557.67
54105 591.891 686.998
54119 473.395 316.679
54154 1646.31 2439.49
54158 1238.38 2398.98
54160 506.154 2525.84
54185 2698.38 2463.35
54188 1100.83 2403.34
54209 1538.7 2931.55
54218 1410.26 2931.59
54232 1002.15 2219.35
54260 195.298 976.428
54262 337.411 2308.58
54271 1262.07 3002.48
54286 1625.1 2283.27
54293 1494.96 2460.96
54295 4150.6 2206.85
54322 1460.11 2449.26
54336 1028.11 2506.41
54339 768.353 2274.32
54344 363.222 2634.4
54345 1450.67 2343.44
54347 1478.43 2459.92
54371 2413.14 2428.19
54381 766.568 2301.11
54383 338.115 2612.99
54429 1192.24 2302.74
54441 2123.64 2535.03
54458 1134.49 2495.77
54483 1959.47 2277.82
54487 1656.8 2730.95
54503 149.56 3099.43
54510 1772.77 2581.28
54514 681.131 2231.85
54522 697.436 2566.12
54530 1591.54 2251.79
54543 447.671 1596.23
54547 1540.21 3010.29
54553 94.4967 1498.54
54575 2749.32 2269.61
54579 1342.12 2325.97
54597 1106.03 2486.62
54609 559.021 2219.63
54628 1606.06 2241.67
54636 1428.82 3092.85
54640 1577.45 2410.1
54641 69.6905 2115
54649 1014.57 2441.75
54665 1180.23 2333.62
54667 224.675 1201.36
54671 1021.92 2242.74
54686 1406.72 2379.28
54691 958.099 2520.14
54700 241.349 3349.68
54713 70.551 3029.78
54719 986.811 2195.67
54773 2898.72 2345.13
54781 854.206 2406.07
54783 2853.07 2269.42
54787 1595.19 2850.55
54788 2119.12 2546.55
54802 1444.69 3135.02
54804 2572.34 2540.17
54809 612.588 3360.43
54814 1214.9 2513.26
54819 373.478 3538.74
54823 1544.49 2162.78
54849 395.577 3126.77
54852 1579.65 2042.08
54858 1094.84 2222.5
54861 1004.86 2288.91
54869 1044.42 1016.83
54872 554.293 2842.97
54877 456.682 3433.23
54886 560.435 2360.99
54889 134.334 389.712
54891 981.138 2483.73
54912 474.029 3441.21
54915 1064.71 2357.91
54919 790.8 2942.38
54929 1570.88 2848.85
54930 390.083 1202.94
54934 285.357 2469.09
54938 914.627 946.571
54947 2877.36 2137.65
54952 268.663 2288.03
54955 960.742 2286.7
54956 1130.92 2869.68
54962 768.102 3546.51
54991 989.496 2379.5
54992 989.496 2379.5
55019 452.584 2683.03
55021 2637.17 2479.34
55025 73.4975 676.143
55030 1322.95 2431.52
55031 1396.03 2193.5
55036 1462.61 2242.89
55053 453.07 208.854
55054 453.07 208.854
55056 474.665 1399.09
55057 496.775 2883.07
55061 1182.85 3250.12
55064 1545.22 2225.72
55075 150.623 1706.48
55091 300.275 1723.76
55092 2666.94 2474.59
55097 185.3 2945.23
55098 623.013 1380.53
55100 2689.23 2482.39
55106 1311.34 2771.02
55118 1501.45 2185.18
55144 1543.35 3032.38
55147 31.8295 2340.4
55158 885.37 1049.99
55166 1577.16 2940.09
55172 1439.44 2192.6
55174 1460.83 2220.64
55184 1049.47 2198.16
55188 848.839 2625.41
55195 1409.16 3099.59
55216 50.6798 1354.87
55240 1435.69 3151.96
55241 468.068 1827.17
55243 770.339 3524.86
55246 1246.44 2776.01
55253 786.402 2545.02
55260 4400.43 2153.57
55264 1136.92 2946.3
55268 110.976 2897.52
55291 1409.52 2902.67
55304 71.0052 820.364
55305 602.384 3381.22
55309 1335.87 2725.98
55310 2805.17 2266.76
55312 2116.23 2560.64
55317 325.126 1634.23
55318 160.459 270.519
55320 629.249 1415.95
55336 262.443 2564.46
55346 1426.13 2799.97
55349 267.347 1102.17
55352 4700.49 2167.83
55354 1125.7 2391.26
55358 1760.99 2280.08
55364 559.021 2219.63
55365 386.429 2390.12
55366 902.428 293.166
55380 70.3174 1295.05
55384 1064.97 1057.08
55388 1155.02 2431.18
55396 323.478 1685.51
55402 134.483 3172.38
55412 2665.31 2559.52
55413 2577.51 2294.71
55418 468.66 56.8672
55419 306.369 2807.4
55431 2809.89 2215.56
55441 2709.3 2345.93
55442 274.753 2075.06
55448 320.842 2303.41
55452 687.587 2694.55
55460 659.152 2137.29
55461 225.304 2116.29
55475 2022.68 2452.79
55480 237.464 1696.39
55483 1488.31 2205.4
55488 1003.09 2538.81
55489 2674.55 2193.02
55492 775.171 2631.11
55502 2511.47 2338.9
55503 1498.7 2316.73
55515 1134.07 2462.99
55517 1657.74 2419.87
55518 2687.76 2329.77
55521 331.008 1062.52
55537 2505.26 2246.38
55554 2556.76 2430.96
55555 344.254 2848.69
55568 4393.26 2112.56
55570 232.953 2253.98
55571 217.675 247.774
55582 2023.91 2381.24
55583 2659.05 2384.97
55584 725.901 1134.25
55586 305.256 1505.52
55595 64.8835 2055.6
55597 1625.64 2667.7
55599 1825.47 2410.61
55600 1825.47 2410.61
55607 691.547 2178.34
55612 980.468 2399.44
55620 2660.1 2265.59
55622 532.107 1686.96
55626 493.816 2911.3
55630 252.671 661.122
55632 1620.82 2491.56
55636 558 2896.93
55637 736.368 463.887
55640 180.254 1429.67
55648 1200.37 2193.07
55650 1928.12 2457.48
55651 1197.12 2078.55
55657 1571.8 2351.23
55667 1582.69 2417.6
55668 342.687 2555.51
55669 1389.29 3081.99
55671 202.354 1799.42
55672 460.619 2397.42
55673 392.559 1142.56
55680 110.79 2345.33
55682 3530.85 2305.8
55684 464.363 1143.12
55687 1162.78 2369.47
55688 1030.89 232.911
55689 1415.55 1004.39
55690 329.485 3507.57
55696 897.06 1017.77
55698 1502.76 469.056
55699 790.526 2373.87
55700 1504.69 3069.36
55704 849.821 1036.09
55706 99.6445 2891.02
55707 117.881 2065.63
55713 545.866 1087.61
55721 791.189 815.745
55723 1641.18 2159.58
55724 2819.76 2234.34
55725 2819.88 2268.47
55727 1109.88 2029.54
55730 1157.82 2715.33
55731 1448.74 3207.84
55732 130.267 3334.78
55733 148.179 1873.18
55734 1043.03 2173.07
55737 1184.74 279.04
55738 1184.74 279.04
55739 1595.19 2850.55
55743 2651.6 2732.72
55746 1216.47 44.8154
55750 106.844 1959
55754 58.8858 2463.97
55755 1380.03 2511.89
55756 1168.13 838.179
55757 1638.81 2399.57
55758 3639.16 2121.91
55763 1106.79 2779.28
55765 1237.15 104.462
55766 1237.15 104.462
55769 1362.61 817.611
55771 2530.24 2161.87
55773 1333.88 837.166
55776 778.671 710.034
55777 75.3863 2340.78
55778 4214.87 2332.59
55779 1350.53 2551.65
55780 695.405 2034.07
55782 986.194 2566.29
55785 1046.41 583.048
55787 253.171 1320.85
55789 552.453 3344.69
55791 672.288 3319.76
55796 937.539 231.394
55797 1067.75 1158.66
55805 1122.45 450.638
55808 977.294 2631.79
55813 155.37 1681.44
55818 1410.54 2992.93
55819 311.844 876.825
55822 4331.59 2023.69
55823 709.997 1328.77
55825 1843.83 2415.22
55826 2453.6 2483.31
55829 996.324 2180.98
55830 4452.89 2078.93
55831 1270.52 1998.58
55836 748.836 3484.33
55839 653.793 2273.72
55843 1162.44 359.258
55845 113.94 1517.27
55846 113.94 1517.27
55847 62.8858 1496.62
55848 588.733 2158.6
55850 733.357 872.113
55852 2729.65 2212.2
55855 2161.63 2474.55
55857 1085.28 1038.96
55859 928.222 189.009
55862 1587.1 792.468
55863 307.415 2493.36
55864 84.6988 3431.7
55869 237.188 1536.94
55871 1316.64 1053.82
55872 1606.44 815.542
55873 1506.98 2202.85
55883 1200.41 888.916
55884 2550.05 2136.68
55887 2059.07 2483.93
55890 543.057 2916.65
55891 234.542 1071.18
55892 1186.28 2218.93
55894 122.74 1340.93
55896 225.137 3498.21
55897 1238.93 438.864
55898 2556.82 2189.39
55899 1129.88 7.42696
55904 1459.35 2200.19
55910 1290.01 638.89
55911 992.694 2419.15
55912 992.694 2419.15
55913 1408.99 3159
55919 1494.73 275.808
55920 2431.66 2522.46
55921 950.33 3232.68
55924 2453.06 2070.1
55925 577.811 859.387
55927 602.164 2783.15
55930 227.796 1408.17
55931 467.188 912.971
55937 965.633 3026.41
55941 1437.03 2903.95
55943 1335.96 1150.49
55945 705.958 2904.6
55946 1444.69 997.722
55947 1471.85 2391.67
55948 2508.25 2171.73
55949 952.006 2663.8
55951 2708.18 2081.84
55954 53.4779 2720.35
55958 1059.49 1206.98
55962 965.307 1828.49
55963 1499.04 768.149
55965 1004.86 279.939
55967 1277.75 3048.76
55971 2153.16 1964.19
55974 327.406 2706.81
55976 838.727 772.732
55978 4028.74 2252.88
55979 2581.95 2177.34
55980 2714.24 2107.99
55982 84.2372 1743.44
55983 526.717 619.094
55987 2765.45 2016.54
55989 2441.26 2458.66
55991 3497.05 2212.37
55993 746.614 808.555
55994 1000.79 3348.05
56003 195.14 3467.17
56006 1332.74 3469.01
56007 565.56 594.515
56011 4399.21 2082.61
56012 4399.21 2082.61
56013 1216.59 1208.48
56015 155.131 1455.23
56024 445.755 3615.66
56025 938.016 1689.89
56026 603.903 2961.85
56027 1618.65 2195.83
56028 228.481 3481.04
56030 22.7312 3557.19
56032 4235.92 2395.53
56033 204.715 2431.73
56035 1627.62 2735.41
56039 1105.41 526.168
56044 2554.23 2164.37
56045 455.515 2618.5
56048 1174.64 1196.83
56051 2203.67 2457.5
56056 2156.65 2571.54
56057 948.696 2307.59
56058 1030.02 352.808
56059 978.975 2639.4
56063 727.597 2285.22
56065 1198.33 925.688
56067 1264.07 3434.3
56071 1151.53 2936.25
56073 167.454 1373.18
56079 129.325 3156.46
56081 168.922 2359.56
56084 2210.19 2466.49
56088 1680.69 2275.08
56098 4413.35 2110.68
56100 546.093 609.118
56105 503.958 1048.62
56107 226.735 1381.33
56109 2321.16 2363.72
56110 1350.17 50.8461
56111 826.12 1298.66
56114 202.127 2908.05
56115 762.855 2481.03
56117 264.792 955.389
56121 1619.74 2227.21
56124 1128.12 297.13
56125 1102.82 270.927
56126 686.935 2459.87
56127 1212.87 3421.66
56130 4331.99 2105.68
56131 237.662 1101.31
56132 856.377 2557.41
56133 60.1888 3362.45
56134 1025.37 316
56135 1413.39 3265.99
56137 420.281 926.904
56139 1322.8 1162.97
56142 562.614 1408.8
56149 464.415 1856.07
56151 1558.64 2342.62
56152 949.088 3190.17
56155 1383.54 463.101
56156 2575.14 2276
56159 2566.12 2125.51
56162 1113.06 1236.66
56163 329.218 2565.47
56164 389.441 3168.94
56165 841.785 1581.35
56167 3886.16 2081.59
56170 1530.38 3097.57
56171 1367.73 623.874
56172 1114.46 940.676
56174 1283.52 678.805
56175 360.862 1631.18
56176 961.727 484.585
56183 499.741 3160.45
56184 679.023 2609.3
56189 462.397 2263.85
56190 4281.1 2055.17
56191 1357.87 3379.33
56193 643.546 2202.22
56199 2414.63 2184.91
56200 2414.63 2184.91
56205 1097.41 428.607
56206 1203.27 2247.62
56207 288.762 2147.96
56209 1590.92 1889.7
56212 4074.74 2180.11
56214 4440.47 2066.57
56219 814.658 3631.73
56222 24.2749 983.947
56223 1070.76 585.894
56225 353.102 2802.4
56226 709.831 1421.55
56228 851.383 2647.85
56229 1317.92 9.42061
56234 419.251 2140.6
56236 162.222 3498.18
56241 1519.04 2232.69
56243 1135.34 2196.43
56244 1497.41 2499.44
56245 1013.84 2338.3
56248 2574.24 2249.15
56251 1155 3262.13
56253 3344.9 2422.84
56254 1816.69 2507.93
56255 1816.57 2508.05
56256 1091.87 3317.2
56259 1265.72 3256.21
56262 1587.22 860.162
56266 625.526 2523.42
56273 70.3065 3334.23
56275 358.662 2012.07
56276 1970.86 2304.01
56279 1186.18 2695.42
56283 1021.23 61.6959
56284 2445.93 2253.14
56285 398.318 1523.1
56286 1974.68 2226.37
56300 2568.83 2171.85
56301 2115.09 2160.19
56302 1071.19 609.066
56303 200.018 2044.34
56304 397.001 1319.95
56306 225.304 2116.29
56309 1169.85 913.297
56310 4385.17 2042.45
56315 1275.47 1933.14
56318 460.563 2888.46
56322 1265.69 428.915
56323 1265.69 428.915
56324 148.52 3401.12
56326 77.3654 3127.39
56328 1146.14 2470.67
56333 921.2 2477.68
56334 2578.12 2309.93
56335 299.601 1540.55
56336 1280.09 441.193
56337 1280.09 441.193
56338 360.862 1631.18
56340 233.904 1435.33
56341 83.123 1951.95
56342 1355.13 482.369
56345 441.912 1039.83
56346 886.488 215.092
56348 1006.51 2463.49
56349 42.1927 2073.31
56350 1205.1 2091.37
56353 137.465 3091.8
56357 1252.97 69.0087
56358 987.958 169.051
56359 1479.91 2254.03
56360 2742.42 2243.16
56369 1573.95 819.078
56374 2501.87 2200.73
56378 86.028 2020.76
56380 360.297 2577.81
56384 538.056 572.344
56387 319.542 2170.79
56388 883.904 2319.21
56389 1180.48 722.32
56392 1010.6 3618.99
56393 1543.21 2196.19
56397 1397.35 769.007
56400 1536.71 338.082
56402 1242.16 272.061
56403 660.143 1268.83
56406 636.434 2915.2
56415 1093.39 2465.66
56416 1093.39 2465.66
56417 1157.36 394.439
56421 4238.71 2250.51
56425 796.157 940.219
56426 1015.14 1029.43
56430 1781.88 2418.76
56432 209.156 2527.44
56436 3205.9 2380.12
56437 4371.3 2174.49
56440 1090.13 1962.43
56441 808.907 1924.49
56443 1250.29 2337.32
56446 2116.58 2313.02
56447 844.226 2240.92
56449 1056.14 224.551
56450 1337.13 2430.68
56457 55.6089 2915.46
56463 4360.58 2074.75
56464 2070.65 2058.4
56472 1281.82 657.979
56473 1321.69 1065.25
56476 214.455 874.127
56478 1766.82 2427.41
56481 182.28 2606.45
56482 182.28 2606.45
56487 343.314 2499.85
56493 585.992 756.334
56497 2657.18 2250.76
56498 2657.18 2250.76
56501 254.195 1057.49
56502 1569.24 741.266
56503 856.953 1173.32
56506 1049.18 2449.49
56508 1228.51 1209.76
56509 459.505 774.457
56513 1229.16 3093.77
56514 1283.26 1031.28
56518 2535.79 2258.66
56521 1499.91 2349.28
56522 1273.16 414.646
56526 838.059 2296.52
56529 621.536 2685.93
56532 1002.43 2408.38
56536 1636.75 947.703
56537 1661.06 2221.73
56540 1164.13 509.474
56543 1004.14 1038.31
56544 1106.88 1220.17
56545 222.819 1849.67
56547 1602.37 1863.64
56550 2659.05 2384.97
56555 2808.09 2167.01
56557 309.856 1595.4
56558 309.856 1595.4
56559 1289.04 886.509
56561 1306.51 1019.63
56566 317.115 2537.59
56567 212.075 1187.87
56574 1096.93 2065.13
56575 1988.94 2225.59
56576 1015.72 574
56577 860.751 1935.06
56579 233.304 1167.25
56581 79.3229 2355.17
56586 1123.83 2596
56593 1446.76 789.053
56595 1711.52 2334.16
56600 344.233 1487.5
56601 991.988 2531.79
56602 1329.78 780.706
56605 1308.52 963.094
56606 1419.78 277.637
56609 810.203 1304.16
56610 65.8663 2210
56612 544.556 2413.43
56614 1338.1 2271.73
56615 918.092 2511.37
56616 2819.28 2337.48
56617 2819.28 2337.48
56619 783.749 2530.24
56620 54.4396 3045.57
56621 2828.94 2382.95
56622 366.967 2655.13
56623 1923.37 2244.21
56624 1379.27 2314.61
56626 1356.05 2024.92
56631 679.65 2474.4
56634 398.157 3041.99
56635 595.369 520.627
56640 1183.78 2247.58
56642 1202.39 1067.03
56644 1739 2347.09
56646 1911.53 2293.93
56651 352.337 1348.85
56652 2766.26 2544.32
56654 69.4026 1535.69
56658 1397.34 1041.2
56661 360.192 1755.99
56664 973.094 2723.35
56668 4330.97 2037.02
56669 931.012 869.876
56670 226.747 2468.62
56674 2290.59 2407.55
56675 2668.17 2133.67
56677 1253.5 3035.12
56683 271.272 883.897
56688 803.34 2213.47
56689 51.453 1663.73
56694 106.177 2992.12
56696 1117.17 2514.75
56697 3030.59 2234.99
56698 4266.14 2044.02
56701 458.974 566.225
56702 993.522 2510.12
56703 890.811 600.115
56705 1080.32 644.718
56706 271.482 2155.96
56707 861.115 2686.36
56713 2065.23 2403.78
56714 474.475 872.975
56716 1652.63 933.069
56721 382.833 3127.97
56722 176.03 2494.1
56725 991.069 2304.93
56727 1127.88 1236.36
56730 1111.29 2314.28
56731 964.42 777.289
56738 901.985 176.766
56740 1150.41 1929.82
56745 1115.32 1207.7
56751 709.759 2203.83
56752 591.441 495.672
56755 1550.09 526.497
56757 1368.44 225.753
56760 13.2251 2295.97
56761 1328.5 2347.72
56762 2518.78 2493.09
56763 2679.71 2330.67
56764 2877.98 2173.38
56765 1162.17 2283.88
56766 2490.85 2114.25
56768 847.33 432.426
56769 456.246 2819.52
56770 2891.45 2270.48
56771 1622.98 2014.05
56772 896.448 1017.45
56774 824.974 3017.5
56775 245.065 928.879
56776 245.065 928.879
56777 1468.43 1237.7
56778 1295.96 2309.31
56779 826.668 2643.76
56780 325.848 202.77
56781 863.278 2569.34
56784 1072.28 3067.01
56785 741.147 2050.41
56788 1153.32 2091.98
56790 1126.04 632.069
56791 1118.6 3210.97
56792 1548.17 2336.69
56793 493.14 1082.73
56794 1756.56 2447.47
56795 963.765 3254.21
56796 449.398 1721.24
56797 1227.8 284.521
56799 99.4424 16.4777
56800 1457.2 2075.41
56801 1963.63 2514.45
56803 616.122 3327.44
56804 2153.5 2511.92
56805 2153.5 2511.92
56806 867.939 1933.69
56810 1521.11 971.651
56811 481.073 3156.22
56812 397.417 480.583
56815 1552.26 2994.77
56817 319.021 71.6902
56818 903.32 2931.55
56819 2544.97 2386.25
56820 648.394 2190.97
56821 1117.3 556.741
56822 1429.83 2858.77
56823 2210.95 2098.59
56824 576.799 95.0785
56825 848.04 136.409
56826 868.891 3258.64
56828 132.373 1218.55
56830 1950.32 2103.18
56831 1388.79 1185.23
56832 1549.74 2055.98
56833 1825.29 2454.82
56834 2216.29 2485.1
56836 2316.14 2136
56837 911.874 1102.56
56838 1386.6 779.099
56839 1160.04 2986.78
56842 1457.49 2837.69
56843 477.462 654.838
56844 871.884 140.797
56845 1328.73 1335.23
56848 703.6 2139.42
56849 703.6 2139.42
56851 3818.66 2095.86
56852 3177.6 2194.96
56853 1067.78 2871.85
56854 595.705 1614.32
56855 4645.81 2124.75
56856 576.208 2959.17
56857 134.128 487.964
56858 874.885 205.424
56859 640.336 520.531
56860 484.804 2890.8
56861 2828.32 2014.28
56862 736.1 1869.81
56863 840.412 2363.44
56867 1440.72 1271.08
56868 1113.83 163.863
56870 217.324 160.865
56871 488.092 3055.67
56872 1300.89 968.161
56873 1301.27 968.448
56874 1232.14 2241.48
56875 2404.92 2168.49
56876 1359.09 2638.61
56877 1104.53 1344.13
56879 1946.83 2350.71
56880 2527.25 2131.35
56881 870.27 1341.14
56882 263.375 2171.17
56883 2917.99 2358.24
56884 1194.37 1926.75
56887 1446.4 1391.51
56888 2396.86 2396.03
56889 633.977 338.412
56890 1427.12 275.103
56891 1483.71 874.859
56893 316.417 2608.92
56894 129.36 1367.37
56895 1054.14 3471.23
56896 398.689 101.805
56897 1272.54 436.331
56898 2584.5 1768.79
56899 1045.11 1074.12
56901 742.328 3008.93
56902 537.451 53.9691
56903 650.622 2884.4
56904 849.102 106.035
56905 1409.85 1418.76
56908 1000.46 2594.01
56909 1027.42 2033.96
56910 1436.93 1301.73
56911 3135.78 2057.99
56913 1341.82 237.577
56914 964.351 2331.94
56915 1422.24 420.765
56916 948.74 1858.9
56917 949.258 1858.88
56919 444.595 2130.81
56920 3380.48 2272.81
56921 785.447 1096.86
56922 269.403 637.397
56923 1303.63 2564.81
56924 1195.62 2294.34
56925 508.544 165.452
56926 78.5084 1454.95
56927 1007.39 925.96
56928 1510.48 3122.42
56930 420.035 1415.03
56931 802.957 1236.36
56932 448.265 1000.3
56933 179.905 573.573
56934 282.917 151.918
56938 165.172 1858.98
56939 617.49 578.515
56940 196.488 284.778
56942 2872.95 2103.65
56943 428.175 2337.86
56944 800.272 1733.35
56945 964.746 2314.63
56946 67.7431 83.2244
56947 1372.65 2918.65
56948 1087.78 1165.65
56949 419.089 555.99
56951 1448.89 2815.95
56952 1501.94 1245.02
56953 1320.59 986.132
56954 542.115 319.129
56955 1201.76 989.736
56956 932.934 478.737
56957 162.255 1214.64
56958 4578.5 2022.24
56959 763.903 563.579
56960 3428.2 2133.97
56961 687.562 271.351
56962 973.157 1250.38
56963 516.863 643.058
56964 1224.12 1377.09
56965 164.707 1.98618
56966 784.715 1403.25
56967 145.582 1345.28
56968 1036.77 689.138
56970 1813.45 2298.06
56971 750.171 2426.75
56972 603.135 2962.35
56974 228.616 2203.83
56976 2686.14 1947.54
56977 709.167 2438.37
56981 653.529 3335.63
56982 979.245 2277.03
56983 1088.2 2966.69
56984 1065.88 1645.75
56985 865.789 60.5025
56986 2423.34 2247.35
56987 1563.68 2929.25
56989 3598.76 2194.85
56990 707.285 724.807
56991 708.014 725.29
56992 2422.99 2537.46
56993 955.415 731.166
56995 860.403 2734.01
56997 1893.42 2576.9
56998 1177.87 670.953
56999 62.0094 705.251
57000 964.214 1013.51
57001 1469.55 830.49
57004 480.612 463.759
57005 304.731 112.193
57006 1675.24 2261.1
57007 1747.41 2586.28
57009 65.4094 469.824
57010 96.5743 468.31
57011 992.274 2068.05
57012 2806.99 2320.86
57013 900.728 2603.29
57015 1853.82 2065.42
57016 765.778 2501.48
57017 765.103 2501.76
57018 370.794 549.999
57020 1164.3 2666.05
57022 888.107 3072.21
57024 2812.16 2135.74
57025 1293.24 1183.23
57026 1392.2 2580.26
57027 1391.89 2580.49
57028 1400.95 652.39
57029 902.961 632.856
57031 1138.46 713.28
57032 844.326 1944.19
57033 639.499 1227.85
57034 639.499 1227.85
57035 1486.38 979.616
57037 734.336 628.925
57038 372.099 1042.78
57039 745.492 84.9997
57040 1897.9 2473.23
57041 2650.9 1939.51
57043 1475.33 2151.6
57044 1475.33 2151.6
57045 1959.47 2277.82
57046 731.93 2174.98
57047 731.93 2174.98
57048 1353.46 1171.1
57049 1519.09 2717.75
57050 1519.09 2717.75
57051 48.2489 1476.09
57052 1029.41 352.148
57053 858.264 3502.05
57054 1382.54 398.115
57055 661.051 361.209
57058 747.205 449.697
57059 821.59 3004.66
57061 1436.26 1922.95
57062 1738.22 2468.03
57063 955.731 208.452
57064 757.077 245.632
57065 757.077 245.632
57066 186.363 1366.89
57067 1166.31 2633.44
57068 894.548 1301.45
57069 1638.48 2726.4
57071 918.995 2957
57072 728.091 2480.65
57073 883.312 3192
57074 1005.21 1315.68
57075 1450.61 394.016
57076 2622.53 2710.26
57078 273.016 1830.68
57079 915.899 3011.03
57080 2120.96 2182.73
57081 219.143 1805.77
57082 360.651 1523.76
57083 1112.61 1236.46
57084 1803.23 2316.28
57085 1675.63 2571.71
57086 884.381 3207.5
57087 884.381 3207.5
57089 4628.69 2209.85
57090 4628.69 2209.85
57092 1377.99 1406.45
57094 1328.17 1384.97
57096 1263.77 165.859
57097 879.705 3153.44
57098 930.87 3303.64
57099 1928.28 2334.28
57100 386.055 620.988
57101 386.055 620.988
57102 1394.1 900.458
57103 1666.39 2036.01
57104 1487.18 2163.06
57106 1251.71 2829.93
57108 635.685 2683.03
57109 635.685 2683.03
57111 257.763 2567.51
57112 334.01 565.319
57113 197.235 586.076
57114 368.911 3070.48
57115 1027.37 2176.27
57117 3664.23 2297.68
57118 1372.8 2408.06
57119 342.665 647.847
57123 749.702 1068.72
57124 943.988 2633.01
57125 797.455 1584.96
57126 773.768 774.823
57127 2567.05 2146.06
57128 1514.59 2362.36
57130 1989.54 1985.37
57131 2917.31 2310.14
57132 2917.29 2310.1
57133 686.688 2444.41
57134 352.159 486.043
57135 1613.81 2351.48
57138 876.191 2929.73
57139 1569.95 2679.7
57140 3962.44 2344.37
57141 3034.04 2080.14
57142 3034.04 2080.14
57146 1118.13 1571.65
57147 733.384 3126.51
57149 1024.28 3068.98
57150 558.375 3324.7
57151 1114.86 619.03
57153 2069.07 2248.24
57154 2288.71 2234.75
57155 282.321 2185.37
57156 1600.98 2674.83
57157 412.808 118.267
57158 1387.82 53.7869
57159 1546.07 2797.77
57161 1331.96 1454.49
57165 641.513 2588.49
57166 1464.13 1374.12
57167 1498.99 2704.7
57168 173.432 695.566
57169 1089.69 2849.36
57170 338.678 2515.19
57171 1246.4 2659.42
57172 1506.38 1266.38
57173 539.743 1187.3
57175 968.67 951.688
57178 877.743 779.249
57180 46.5062 1197.79
57181 1416.93 1327.7
57182 1416.93 1327.7
57184 481.351 1968.24
57185 4719.83 2120.83
57186 45.32 467.091
57192 1484.73 948.698
57195 1066.22 1619.5
57196 1066.22 1619.5
57197 150.548 2103.98
57201 1030.42 2741.5
57202 141.165 43.7365
57204 481.705 3168.06
57205 278.927 1504.78
57206 121.012 139.334
57207 486.249 2749.09
57208 2164.19 2158.78
57210 101.117 1584.88
57211 283.73 184.908
57212 261.699 1482.86
57214 44.5159 1081.72
57215 1247.43 3190.02
57216 1219.33 1346.43
57217 932.823 1816.23
57218 1081.45 471.275
57219 521.535 1700.41
57220 226.787 1733.01
57221 1364.79 1155.96
57222 2239.36 2453.74
57224 1516.42 2963.31
57226 2588.53 2475.28
57227 893.418 884.52
57228 1518.33 2729.56
57229 1662.2 1873.2
57230 1662.2 1873.2
57231 2575.91 2067.03
57232 400.662 514.021
57233 421.618 1603.47
57234 1422.07 855.538
57235 1619.24 2570.37
57238 1459.88 1277.72
57240 459.446 1514.26
57241 1031.35 2205.36
57242 416.399 2939.53
57244 1261.78 1178.12
57245 1525.9 1186.15
57249 321.275 83.5403
57250 2510.85 2155.29
57251 820.265 1248.48
57255 369.402 2369.24
57256 1527.66 1325.8
57257 363.924 2811.69
57258 1384.36 3191.28
57260 4668.49 2187.52
57261 971.823 172.497
57265 2210.17 2466.56
57266 479.491 2865.04
57267 2097.08 2552.22
57268 854.931 1063.45
57269 809.673 2411.97
57270 199.115 2044.44
57271 2607.33 1856.6
57272 1280.14 927.974
57273 1280.54 928.285
57274 1193.49 1055.96
57275 2946.53 1977.21
57277 1083.35 1005.75
57278 342.456 2500.14
57279 877.711 2342.4
57280 1099.73 796.172
57281 763.643 2558.86
57282 764.324 2558.55
57283 225.256 2532.1
57284 1101.62 1383.85
57285 1156.37 3295.37
57286 1527.81 1216.34
57287 657.814 2036.79
57289 466.485 2974.36
57290 1498.74 819.295
57291 1152.18 2403.06
57292 501.863 2986.98
57293 1299.98 1982.26
57294 605.014 1491.89
57295 778.928 3451.55
57296 498.146 2629.4
57299 1083.44 567.079
57300 1496.68 787.502
57301 1377.27 2137.79
57304 1492.95 1100.35
57305 197.323 489.898
57306 476.218 3147.88
57307 1354.57 2725.47
57308 1276.68 896.07
57311 763.07 70.3704
57313 529.2 2599.45
57315 399.543 362.417
57317 2774.05 2526.38
57320 177.708 712.726
57321 772.375 2056.75
57322 672.78 1255.53
57324 440.307 1362.9
57326 1256.75 607.329
57327 1029.53 2469.77
57328 967.279 1630.58
57329 967.279 1630.58
57331 382.297 1514.21
57333 1197.49 1944.52
57336 1001.62 2521.66
57338 4283.78 1951.69
57340 68.5698 986.088
57342 1363.6 152.515
57343 458.691 773.999
57344 1291.86 478.271
57346 786.3 2331.15
57347 411.636 2833.71
57352 1345.3 852.254
57356 702.057 742.159
57358 924.713 2347.24
57361 1562.88 2201.85
57362 1403.13 2039.7
57363 1298.77 1962.88
57364 33.7296 831.848
57366 1583.03 2853.28
57367 1269.29 2780.78
57368 2798.87 2180.19
57369 510.293 258.579
57370 1619.63 2012.48
57371 398.113 415.852
57374 585.416 1244.55
57376 70.143 1506.73
57378 480.992 693.427
57379 832.432 2248.47
57380 1530.25 2182.77
57381 739.795 1101.23
57382 1118.71 1975.93
57385 613.823 2581.24
57386 4582.05 2177.23
57390 490.132 70.66
57392 1290.5 1425.91
57393 1236.95 1165.9
57394 741.232 706.276
57397 1435.82 2168.05
57399 414.219 604.79
57401 635.832 227.426
57402 632.962 333.117
57404 358.323 1058.21
57405 1151.78 27.3979
57406 196.344 617.753
57407 977.153 51.1507
57408 137.694 895.916
57410 504.199 580.422
57411 2186.35 2097.76
57412 1033.04 471.084
57413 1196.12 847.011
57414 221.068 113.58
57415 1522.24 3048.13
57416 122.819 189.221
57417 2878.98 2065.98
57418 2791.65 2205.23
57419 447.137 801.802
57420 1281.21 1299.57
57422 1408.81 2851.57
57425 870.781 448.748
57426 1549.63 2881.38
57427 861.487 2826.49
57428 1164.76 2039.09
57429 83.4342 420.003
57430 31.9754 1115.09
57431 101.459 1834.13
57433 1529.68 1132.84
57435 864.557 2718.49
57436 4049.82 2011.65
57437 798.866 923.277
57439 3987.7 2130.38
57443 222.101 229.437
57445 698.56 808.264
57446 845.125 2865.71
57448 914.118 976.647
57449 489.559 1789.75
57450 696.71 2163.34
57451 677.837 3436.54
57453 1503.33 1322.9
57454 820.202 3311.38
57455 565.324 2977.95
57456 582.825 1498.9
57457 1203.77 461.888
57462 2183.69 2241.56
57465 110.394 1178.67
57467 551.523 2999.25
57469 652.818 226.041
57472 1402.84 283.544
57475 53.7239 1546.62
57478 851.242 677.694
57480 1085.5 3143.5
57481 3071.16 2451.9
57482 148.949 1630.43
57483 1348.69 1881.43
57484 412.705 499.687
57485 1661.06 2221.73
57486 2498.23 2155.21
57488 403.547 2535.76
57489 1332.66 2404.84
57490 1623.29 2339.62
57491 47.8757 502.879
57493 330.17 1507.83
57494 589.584 397.461
57496 25.6789 883.393
57497 87.3502 1201.95
57498 453.162 2330.06
57499 1899.59 2339.69
57502 1321.11 1310.94
57503 2669.84 1934.09
57505 818.546 27.3119
57506 410.027 528.625
57507 410.027 528.625
57508 1105.89 606.818
57509 1105.89 606.818
57510 904.677 762.433
57511 359.159 643.108
57512 242.443 1310.32
57513 1777.92 2398.92
57516 2614.45 2205.01
57517 2818.03 2257.68
57519 2692.69 2369.66
57520 84.4038 1098.69
57522 347.562 178.495
57523 1548.88 3133.23
57524 843.389 2710.64
57525 735.816 2509.17
57526 1245.1 1273.38
57527 1129.01 625.333
57528 972.197 2313.81
57529 963.942 1655.32
57530 2838.31 2016.86
57531 1345.28 1926.82
57532 743.26 2554.48
57533 1459.79 963.761
57536 560.493 1305.44
57537 1499.51 3021.47
57538 2617.33 2413.18
57539 1095.77 459.782
57540 729.401 2211.55
57541 1300.75 2197.32
57543 1122.99 908.442
57544 796.728 2749.01
57545 1411.82 217.117
57547 537.369 270.329
57548 537.369 270.329
57549 554.768 2566.15
57550 210.239 813.742
57552 143.05 1948.5
57553 845.336 9.42757
57554 692.525 3379.37
57555 1540.64 3171.21
57556 1540.64 3171.21
57557 884.721 1703.65
57558 1564.25 1797.3
57559 869.576 3211.54
57560 715.071 1997.66
57561 461.006 723.027
57562 498.204 3077.09
57563 3982.63 2254.28
57564 1132.89 2423.66
57565 2702.03 2134.03
57566 494.244 681.856
57570 1142.03 1567.44
57574 875.938 77.4943
57576 1084.51 1289.73
57577 1485.01 1235.85
57580 1437.24 705.139
57581 1080.77 2542.74
57582 2614.05 1826.71
57584 722.668 128.921
57585 1092.35 2201.99
57587 1184.72 2242.63
57588 775.391 2567.2
57593 1313.26 1388.73
57595 143.707 280.259
57596 316.344 1710.34
57597 4225 2070.88
57599 280.748 1491.46
57600 1331.25 1305.05
57601 672.474 1893.27
57602 220.155 1138.09
57604 1510.64 2485.33
57605 805.821 2461.45
57606 1122.53 2966.06
57608 674.946 2439.45
57610 561.439 3308.69
57611 495.399 1384.46
57614 1297.67 3.30382
57615 1457.94 431.447
57616 1039.41 866.536
57617 2255 2163.85
57619 492.023 1830.48
57620 111.662 727.792
57622 1524.48 2154.48
57623 54.0994 672.148
57625 214.926 13.5988
57626 846.413 1648.71
57629 704.437 1618.74
57631 2775.54 2563.53
57633 803.34 2213.47
57634 658.647 308.652
57635 873.83 1706.04
57636 873.83 1706.04
57637 1209.47 3224.47
57638 406.42 234.274
57640 878.197 43.9681
57642 4000.44 2148.13
57643 521.352 580.493
57649 4266.14 2044.02
57650 2942.42 2178.44
57652 2743.18 1971.87
57653 1438.89 96.8295
57654 484.053 916.276
57655 738.141 892.76
57656 4412.32 2135.82
57657 761.233 43.7439
57658 274.565 2102.52
57659 1418 452.002
57660 997.089 299.802
57661 236.347 1824.31
57662 1239.55 2007.63
57663 567.782 1104.5
57665 603.758 838.148
57666 768.987 56.1522
57667 675.269 1798.99
57669 350.882 1475.58
57671 39.8729 230.916
57672 39.8729 230.916
57673 853.809 1662.17
57674 3036.3 2191.31
57675 525.068 1217.84
57676 2213.73 1967.17
57677 2213.73 1967.17
57679 1022.04 79.2158
57680 761.22 2369.72
57681 1428.61 1330.69
57682 1247.18 1055.34
57683 1247.58 1055.6
57684 1389.34 1396.78
57685 1269.98 618.617
57687 2831.67 2067.31
57688 1143.52 518.639
57689 218.037 2375.12
57690 370.242 2765.99
57692 1430.75 1902.83
57694 1508.23 1293.01
57696 761.365 2051.03
57698 4051.68 2383.09
57699 4420.82 2235.29
57700 871.652 2035.82
57702 4278.58 2028.39
57703 12.6729 589.099
57706 746.789 263.052
57707 333.544 792.451
57708 4380.28 2247.78
57709 2473.32 1950.72
57710 744.409 1866.79
57712 160.804 739.262
57713 592.143 1622.95
57714 524.882 129.716
57717 733.89 1076.33
57718 1517.88 2951.65
57719 537.414 2035.59
57720 497.923 1404
57721 1213.63 852.862
57722 2514.47 2385.88
57725 600.065 1984.43
57729 743.149 2707.41
57732 309.125 915.706
57736 2367.96 2009.95
57739 2669.95 2334.32
57740 319.759 2994.28
57742 1924.81 2355.06
57744 1079.28 1939.06
57745 1465.99 334.379
57746 211.418 1527.82
57749 1179.07 1138.05
57752 281.013 2556.16
57758 1710 2529.69
57762 184.334 1668.25
57763 1379.6 906.357
57767 773.603 2313.73
57769 405.569 2760.29
57770 475.006 109.911
57771 502.779 3439.22
57773 133.37 1374.02
57775 1241.21 650.865
57776 1379.97 489.295
57779 1382.11 415.555
57780 406.326 170.912
57781 4343.84 2263.93
57782 906.639 1872.09
57783 906.639 1872.09
57785 1198.55 1077.21
57789 226.46 71.9535
57790 1021.96 937.704
57791 1021.96 937.704
57792 3599.9 2201.62
57794 359.543 768.004
57796 1224.84 1072.13
57798 1397.83 387.412
57800 363.127 1539.17
57801 838.435 232.575
57802 1875.29 2151.04
57803 1184.67 1805.02
57804 2543.76 2175.59
57807 66.3543 550.785
57808 372.939 2799.13
57809 1083.24 989.725
57810 1083.75 990.04
57811 463.48 1897.5
57812 307.685 1392.48
57813 1107.09 694.213
57814 790.686 2237.55
57815 1781.68 2059.8
57816 773.021 464.513
57817 40.125 282.569
57819 1546.78 2130.41
57820 1125.42 2172.19
57821 1767.23 2621.67
57822 550.897 1893.14
57823 725.276 2155.94
57824 710.683 2168.41
57825 4496.31 2028.81
57827 1008.68 2496.01
57828 466.145 1252.66
57829 1291.38 2311.67
57830 192.199 637.705
57831 1068.01 1045.91
57832 349.029 2679.82
57833 543.679 1879.01
57834 133.074 2078.57
57837 1163.29 2953.32
57840 841.396 2595.19
57842 470.163 799.544
57844 752.104 2356.87
57845 2810.88 2300.68
57848 2667.68 2684.95
57849 2912.96 2518.41
57851 897.005 1366.78
57852 9.82122 386.383
57853 373.612 1096.23
57856 772.143 31.4033
57859 257.315 1516.45
57861 751.301 508.382
57862 3383.59 2149.45
57863 351.237 2762.09
57870 206.75 889.133
57871 899.256 1955.06
57872 818.22 2011.5
57875 296.205 2195.8
57877 572.243 2466.41
57878 1128.21 143.029
57879 1373.1 2080.75
57880 804.141 1374.43
57881 251.862 2655.35
57882 931.173 762.564
57884 821.567 1724.74
57887 351.353 417.032
57888 290.888 2501.09
57891 1532.44 2238.2
57892 1217.34 2563.05
57893 1968.38 2146.21
57894 3491 2246.91
57895 1325.72 1499.72
57896 2673.02 2237.46
57897 513.39 2265.4
57898 1300.7 2174.47
57899 2009.11 2175.4
57900 269.361 3391.91
57901 1628.63 860.54
57902 2336.67 2171.9
57903 192.569 1988.58
57904 192.569 1988.58
57905 1354.35 1074.31
57906 2464.14 2032.33
57907 988.625 1867.21
57908 2059.89 2008.63
57909 1661.55 1019.94
57910 420.886 1422.19
57911 189.905 3492.64
57912 189.905 3492.64
57913 1158.73 1040.23
57914 1003.4 3483.1
57915 2862.61 2336.04
57916 1217.1 2449.86
57917 816.736 1191.6
57918 1137.52 805.076
57919 1057.16 3544.66
57920 1133.33 743.491
57921 568.12 1851.5
57922 1352.3 802.299
57923 2172.33 2166.52
57924 500.733 715.174
57925 500.733 715.174
57926 1483.58 1424.26
57927 1737.06 2294.69
57928 1682.21 2509.42
57929 4199.8 2071.55
57930 4199.8 2071.55
57931 25.8457 2023.02
57932 4454.96 2192.96
57933 612.017 1924.32
57934 3772.11 2210.43
57935 96.8705 2942.87
57936 556.179 1911.98
57937 556.945 1911.94
57938 1392.68 796.613
57939 1756.44 2447.58
57940 1718.19 2567.53
57941 85.2087 2313.03
57942 85.2087 2313.03
57943 906.139 494.722
57944 2936.25 2219.48
57945 1692.1 2366.36
57946 251.072 2794.28
57947 1935.99 2305.65
57948 295.47 3607.77
57949 1303.04 1453.64
57950 1316.97 764.536
57951 1383.07 2083.85
57952 333.487 3385.96
57953 3139.62 2180.27
57954 788.076 456.656
57955 306.698 3444.5
57956 4368.99 2207.63
57957 2420.22 2424.01
57958 209.591 3160.28
57959 1336.35 1956.62
57960 1424.78 3385.22
57961 150.656 2910.45
57962 846.731 134.271
57963 1189.11 2116.64
57964 984.217 3018.39
57965 1255.43 1009.85
57966 1447.89 1025.57
57967 2412.77 2291.06
57968 1594.7 1282.21
57969 2425.47 2071.64
57970 1597.55 1123.56
57971 4409.3 2208.56
57972 2098.66 2449.41
57973 1345.07 2681.41
57974 876.856 3595.99
57975 1179.18 566.089
57976 1573.93 1469.21
57977 702.913 2139.55
57978 253.171 1320.85
57979 1601.54 1489.34
57980 555.634 2646.56
57981 975.738 2044.1
57982 1028.9 1280.08
57983 2948.76 2247.82
57984 190.583 1594.51
57985 1109.04 852.557
57986 1664.93 2643.93
57987 890.142 1843.46
57988 212.781 1688.08
57989 1389.4 1434.1
57991 563.855 1332.73
57992 105.241 1724.6
57993 907.533 1072.78
57994 676.049 768.387
57995 1616.49 1952.11
57996 83.9386 3509.95
57997 1316.33 3396
57998 1287.29 820.175
57999 1128.82 2683.24
58000 558.497 3564.36
58001 1818.56 2173.98
58002 429.427 1491.46
58003 4629 2235.65
58004 1570.99 1650.17
58005 1045.22 1176.11
58006 1027.07 2208.02
58007 1012.2 2135.65
58008 605.257 1352.58
58009 178.889 3496.57
58010 1360.15 1647.35
58011 1039.05 1807.38
58012 580.675 3576.98
58013 516.863 643.058
58014 52.3572 2641.76
58015 1893.72 2049.14
58016 4093.47 2045.07
58017 747.614 1716.56
58018 1724.3 2329.78
58019 1724.3 2329.78
58020 368.742 1467.52
58021 1525.97 2225.15
58022 998.112 1805.8
58023 3268.18 2267.25
58024 357.735 1871.84
58025 556.267 1682.98
58026 1134.05 1783.34
58027 206.016 2516.56
58028 823.396 916.137
58029 507.063 1877.82
58030 561.291 2095.73
58031 1043.35 2950.1
58032 120.276 3104.8
58033 74.0417 3055.32
58034 1444.27 2510.16
58035 96.42 2330.33
58036 351.886 2940.88
58037 310.441 2046.9
58038 1281.53 997.813
58039 1281.53 997.813
58040 165.873 3469.4
58041 4506.2 2218.61
58042 177.907 3408.85
58043 1638.77 1439.45
58044 981.772 1782.73
58045 246.09 2475.04
58046 1243.06 926.925
58047 218.607 2267.04
58048 611.8 3632.99
58049 2162.16 2152.08
58050 87.2496 2508.06
58051 86.2782 2973.43
58052 997.202 2800.04
58053 490.353 2096.56
58054 1605.8 2032.66
58055 83.9828 1894.61
58056 431.615 1516.41
58057 2611.57 2052.14
58058 292.233 2570.84
58059 1607.16 1520.55
58060 101.001 2040
58061 1200.74 960.764
58062 808.962 3383.86
58063 972.619 1250.16
58064 1108.74 1134.28
58065 1108.74 1134.28
58066 1609.81 1554.44
58067 2689.87 2096.7
58068 2689.87 2096.7
58069 1403.47 2153.39
58070 1161.66 3565.5
58071 1504.37 1395.17
58072 690.504 354.291
58073 1131.6 476.426
58074 65.9119 1981.62
58075 647.073 1259.03
58076 646.34 1258.79
58077 169.988 2196.52
58078 1427.98 2832.02
58079 1280.4 1029.43
58080 1325.19 2265.17
58081 310.164 1440.12
58082 89.975 3228.96
58083 89.975 3228.96
58084 2561.02 2263.06
58085 57.8864 1895.36
58086 1573.74 882.87
58087 227.722 2204
58088 420.035 1415.03
58089 190.373 2554.08
58090 1635.48 1302.89
58091 2918.13 1942.38
58092 1021.63 3397.06
58093 2386.02 2201.45
58094 2697.04 2119.38
58095 713.444 2014.54
58096 4339.69 2077.97
58097 4339.69 2077.97
58098 82.7464 2069.05
58099 190.766 1669.92
58100 1697.07 1007.67
58101 1081.27 804.875
58102 438.507 1967.7
58103 2583.13 1808.1
58104 228.456 2918.11
58105 1530.45 2513.58
58106 1053.58 1868.19
58107 728.322 1390.11
58108 759.58 1870.19
58109 1542.53 1425.48
58110 1684.68 2162.89
58111 1684.56 2162.95
58112 1254.99 3468.73
58113 1002.96 2039.66
58114 372.349 1351.73
58115 1062.6 2669.04
58116 785.628 1195.95
58117 1362.12 3466.54
58118 4486 2227.41
58119 386.281 3612.43
58120 2820.3 2499.91
58121 228.669 2530.01
58122 117.785 3500.46
58123 990.25 1021.95
58124 603.258 746.685
58125 1464.91 2010.14
58126 1507.41 1734.04
58127 1394.67 3513.24
58128 1394.67 3513.24
58129 1052.34 1111.59
58130 1454.62 2005.72
58131 786.349 331.919
58132 429.932 3597.4
58134 1223.18 3489.13
58135 681.048 579.087
58136 870.161 1269.99
58137 1156.49 821.875
58138 1600.09 1155.93
58139 127.689 1824.52
58140 147.931 2576.8
58141 2557.42 2222.2
58142 1403.9 1343.11
58143 4365.88 2100.09
58146 1527.24 1872.33
58147 132.643 1730.03
58148 132.643 1730.03
58149 4726.79 2174.52
58150 543.152 1958.93
58152 163.618 3217
58153 918.363 421.165
58154 117.609 2375.11
58155 117.609 2375.11
58156 605.89 804.306
58157 1387.55 3324.53
58158 634.961 1967
58159 1360.75 3569.78
58160 481.948 1360.72
58161 1538.77 1150.65
58162 2690.62 1852.66
58163 2690.62 1852.66
58164 1025.48 1992.62
58165 2356.08 1887.04
58167 3099.99 2400.98
58168 167.38 1725.63
58169 369.109 2796.09
58170 1023.23 1910.31
58171 56.0943 2352.66
58172 2453.06 2070.1
58173 149.881 1613.22
58174 1635.47 1033.55
58175 1443.24 975.074
58176 3893.74 2113.26
58177 821.129 1989.02
58178 1499.42 1984.52
58179 2623.66 2608.26
58180 1330.96 1240.04
58181 2446.38 2233.09
58182 416.27 1778.47
58183 2572.67 2085.65
58184 636.194 717.303
58185 949.159 1319.57
58186 502.465 1662.95
58187 1606.06 2241.67
58188 4234.35 1936.13
58189 1887.87 2389.73
58190 93.2478 2701.49
58191 1506.88 914.299
58192 689.021 2063.22
58193 31.1874 1962.88
58194 1146.52 3412.68
58195 1146.52 3412.68
58196 1391.08 1870
58197 412.455 1191.21
58198 59.445 2176.19
58199 1605.6 1990.77
58200 1711.01 2572.65
58201 1298.39 3044.14
58202 1043.4 1802.06
58203 516.494 1279.06
58204 1447.05 2308.77
58205 1054.49 956.307
58206 406.113 1401.36
58207 923.173 1107.56
58208 584.235 905.223
58209 98.8232 2151.76
58210 1474.34 2153.99
58211 1474.34 2153.99
58212 3996 2107.94
58213 1501.51 1205.78
58214 2396.33 2340.43
58215 1531.02 1674.96
58216 1110.27 2163.13
58217 1809.49 2063.56
58218 87.5331 2272.94
58219 1381.82 3564.94
58220 1516.48 3016.96
58221 1631.19 1405.89
58222 731.258 2175.12
58223 2905.25 2557.78
58224 241.529 2167.32
58225 1775.48 2359.33
58226 1775.48 2359.33
58227 448.34 3590.22
58228 1546.59 1864.88
58229 1493.08 1061.99
58230 34.7942 3436.15
58231 1362.15 3510.74
58232 1027.04 1184.92
58233 1863.06 2126.91
58234 979.305 1307.64
58235 509.656 2555.52
58236 764.266 93.8579
58237 764.266 93.8579
58238 1324.9 1599.12
58239 2337.47 1978.92
58240 3823.15 2126.66
58241 576.348 2174.21
58242 1687.43 1313.73
58243 122.75 2556.48
58244 120.124 3234.71
58245 458.164 531.535
58246 1613.97 2693.15
58247 1411.34 2504.27
58248 792.565 2477.55
58249 1285.37 1400.4
58250 4295.31 2096.73
58251 1170.45 788.409
58252 519.791 1052.13
58253 1144.06 590.637
58254 606.173 2999.99
58255 1681.95 2432.1
58256 2723.12 2467.34
58257 4037.21 2004
58258 1120.59 1767.73
58259 1604.7 1138.78
58260 661.836 3103.3
58261 459.855 2218.85
58262 89.7208 2668.1
58263 710.298 2122.75
58264 1480.1 1665.22
58265 1241.92 3057.83
58266 1570.55 756.507
58267 1136 1877.93
58268 1135.61 1877.95
58269 1479.52 2253.11
58270 706.484 1730.1
58271 2578.56 2078.72
58272 1461.52 2305.03
58273 1157.17 3536.55
58274 1590.31 1889.27
58275 694.892 1248.73
58276 1701.66 1124.13
58277 1527.86 1325.91
58278 1399.25 3469.02
58279 554.094 1217.68
58280 2571.6 2207.24
58281 259.968 2775.98
58282 1647.57 1997.17
58283 2785.19 2095.81
58284 1823.01 2450.25
58285 2100.83 1936.47
58286 2753.29 2205.79
58287 322.609 1685.46
58288 1461.55 3056.01
58289 447.737 1223.79
58290 1596.64 1703.47
58291 1629.38 1379.83
58292 644.229 2104.75
58293 500.447 1346.97
58294 500.447 1346.97
58295 1569.46 1607.32
58296 1446.56 3490.68
58297 456.909 2285.97
58298 456.909 2285.97
58299 797.119 1011.22
58300 2760.95 2528.27
58301 574.105 1247.71
58302 75.5314 2692.39
58303 1578.15 1159.91
58304 741.266 1653.19
58305 2755.33 2509.04
58306 1197.34 2703.01
58307 1280.29 967.786
58308 1086.48 1891.12
58309 531.328 1686.9
58310 2398.09 2102.62
58311 1081 968.966
58312 1080.49 968.641
58313 978.92 2278.02
58314 979.442 2277.85
58315 70.3489 2558.5
58316 1594.51 769.816
58317 1594.51 769.816
58318 221.426 3352.6
58319 1485.74 2367
58320 751.205 2619.83
58321 1472.85 2536.52
58322 202.127 2908.05
58323 936.487 2320.19
58324 422.675 912.1
58325 227.727 3481.67
58326 1508.44 1293.13
58327 1596.59 2051.44
58328 673.43 638.94
58329 914.276 3425.6
58330 313.75 1998.87
58331 1298.97 1589.02
58332 3100.04 2169.57
58333 1502.95 2080.62
58334 1479.05 1740.29
58335 2486.19 2557.78
58336 1148.82 1607.46
58337 210.428 1515.09
58338 1070.19 585.365
58339 3202.52 2409.41
58340 1492.35 1298
58341 818.368 183.805
58342 1554.1 1879.73
58343 487.902 3027.97
58344 2924.28 2295.43
58345 1344.81 1965.26
58346 287.106 2067.53
58347 51.2225 2779.01
58348 555.674 511.107
58349 457.201 3390.13
58350 336.545 2487.23
58351 1555.58 1393.61
58352 920.946 1830.05
58353 319.473 1493.37
58354 4037.29 2236.66
58355 1516.53 1544.44
58356 1549.19 1181.96
58357 1550.13 1590.5
58358 1612.39 2332.67
58359 1612.23 2332.78
58360 96.7842 2446.4
58361 1336.96 869.414
58362 542.737 2213.94
58363 1453.67 1697.24
58364 986.977 256.716
58365 1109.94 2599.47
58366 2679.79 2714.7
58367 985.84 2352.41
58368 985.84 2352.41
58369 1617.31 1222.15
58370 1617.13 1222.02
58371 2998.73 2503.33
58372 318.186 2419.21
58373 1048.4 2428.62
58374 86.028 2020.76
58375 86.028 2020.76
58376 1284.42 1957.9
58377 298.129 2716.58
58378 790.12 2560.06
58379 573.98 3055.01
58380 772.557 2256.91
58381 127.2 2332.5
58382 3104.59 2057.64
58383 1762.99 1997.96
58384 884.741 1930.8
58385 1442.6 2544.44
58386 1041.35 2888.77
58387 2734.06 2374.95
58388 122.149 1873.29
58389 121.23 1873.31
58390 1065.97 829.435
58391 1607.01 2120.41
58392 1126.59 1067.16
58393 1115.32 1207.7
58394 3847.62 2102.8
58395 3847.2 2102.71
58396 1566.76 2697.34
58397 395.559 3271.61
58398 1377.4 2275.08
58399 2641.23 2618.77
58400 810.022 990.43
58401 1497.97 2573.78
58402 530.837 463.697
58403 694.235 406.645
58404 761.244 2743.87
58405 1603.59 961.418
58406 1046.09 1635.05
58407 1046.09 1635.05
58408 1046.54 1635.11
58409 1585.55 1032.38
58410 529.945 3007.28
58411 1034.54 1271.74
58412 2883.03 2201.3
58413 28.1027 3511.65
58414 1571.56 790.743
58415 691.92 1903.12
58416 4569.22 2237.36
58417 1577.78 1304.93
58418 1577.6 1304.82
58419 940.453 2488.78
58420 805.482 1396.26
58421 1276.68 896.07
58422 711.334 1875.24
58423 2010.98 1948.03
58424 909.516 3618.06
58425 1524.36 1401.36
58426 1239.38 3590.25
58427 1543.93 1021.49
58428 172.297 1554.01
58429 1268.37 1146.04
58430 1574.07 858.88
58431 49.2401 3230.25
58432 296.007 1692.99
58433 296.007 1692.99
58434 1009.8 1519.41
58435 1495.27 2483.06
58436 221.576 2770.7
58437 1811.79 1941.98
58438 2982.12 2090.67
58439 1358.14 3136.96
58440 939.011 742.167
58441 1745.6 2622.64
58442 1588.98 720.822
58443 1453.32 1323.85
58444 2777.47 2407.21
58445 326.996 1814.97
58446 4029.13 2185
58447 1707.94 2057.03
58448 2539.02 1937.72
58449 2576.43 1890.93
58450 1430.54 1902.85
58451 644.178 3025.26
58452 2579.14 2326.5
58453 2634.85 2269.46
58454 717.127 2629.29
58455 218.71 2724.42
58456 4321.52 1963.73
58457 949.92 511.776
58458 1489.54 1444.73
58459 68.4149 2753.31
58460 923.459 2277.74
58461 902.759 1629.98
58462 1638.06 1157.63
58463 602.27 1696.4
58464 169.902 2962.02
58465 726.452 1462.85
58466 1533.34 1032.03
58467 1533.34 1032.03
58468 1474.47 1902.58
58469 1348.64 1946.36
58470 61.0832 2396.66
58471 61.9931 2396.42
58472 58.749 2154.23
58473 644.751 3426.77
58474 572.765 1822.67
58475 1289.95 746.346
58476 1289.95 746.346
58477 521.529 3074.35
58478 1886.72 2515.3
58479 1501.9 1449.11
58480 158.276 2908.47
58481 1412.51 2328.2
58482 3089.62 2022.95
58483 916.131 2835.26
58484 1557.21 893.577
58485 1557.21 893.577
58486 847.875 1825.07
58487 1314.56 1096.29
58488 916.818 2084.38
58489 799.017 3598.26
58490 2958.25 2388.01
58491 1697.36 1061.43
58492 285.082 2164.58
58493 1499.41 856.601
58494 2420.92 2341.15
58495 261.401 1364.5
58496 491.319 2871.31
58497 1303.28 1661.88
58498 2687.76 2329.77
58499 287.249 2014.58
58500 2644.34 1975.57
58501 329.748 2505.04
58502 2045.78 2137.68
58503 1576.26 841.157
58504 785.527 3249.34
58505 1566.19 1147.09
58506 466.824 1685.73
58507 1333.06 1054.78
58508 605.738 2960.34
58509 517.952 1490.08
58510 1300.51 1167.62
58511 1597.82 1231.8
58512 1400.72 1399.22
58513 1043.8 3057.95
58514 803.991 2836.79
58515 1522.85 2631.18
58516 1412.5 2312.44
58517 861.177 1763.36
58518 2615.83 1811.3
58519 2595.88 2146.1
58520 2012.2 2173.95
58521 735.649 463.281
58522 418.406 2576.2
58523 477.893 2461.66
58524 477.893 2461.66
58525 1196.12 847.011
58526 1080.03 3508.23
58527 813.301 2826.28
58528 474.168 1738.74
58529 473.36 1738.71
58530 1463.81 1734.46
58531 654.825 1546.64
58532 401.705 2113.05
58533 218.948 3058.52
58534 778.11 1354.05
58535 362.762 1851.2
58536 2462.51 2156.64
58537 2623.14 2190.77
58538 2255 2163.86
58539 1226.9 1642.77
58540 1319.3 2536.83
58541 1507.18 2019.83
58542 2894.92 2036.92
58543 129.954 2848.23
58544 1005.29 923.768
58545 1630.67 1977.73
58546 440.343 736.442
58547 1557.88 1007.42
58548 907.785 1737.82
58549 1226.13 3119.81
58550 1577.3 1067.91
58551 257.369 3125.11
58552 1415.73 576.343
58553 1084.65 890.67
58554 2831.05 2099.13
58555 27.2285 2646.31
58556 1243.48 3632.83
58557 1204.21 3369.66
58558 4382.08 2219.13
58559 2549.81 1868.53
58560 792.202 726.405
58561 600.625 1236.25
58562 600.625 1236.25
58563 184.612 2573.14
58564 1157.6 3430.1
58565 1084.42 1488.78
58566 1829.95 2028.77
58567 1395.23 1025.97
58568 1169.89 3491.72
58569 1197.27 1865.4
58570 570.405 1771.36
58571 151.329 2552.75
58572 1090.13 1962.43
58573 1530.62 2621.26
58574 1222.64 591.9
58575 1222.64 591.9
58576 3113.67 2364.52
58577 1274.16 874.471
58578 662.578 2430.84
58579 2631.44 2539.74
58580 72.2386 1928.68
58581 758.176 729.445
58582 486.611 2009.36
58583 151.016 2576.05
58584 3851.79 2301.43
58585 1847.35 1944.4
58586 1469.82 1876.34
58587 1211.34 1835.78
58588 41.0206 2937.31
58589 1505.52 2585.95
58590 1505.52 2585.95
58591 2342.36 2074.73
58592 777.37 647.641
58593 1669.91 2778.92
58594 791.202 2428.27
58595 1678.65 1949.7
58596 764.778 2640.08
58597 1491.33 2586.71
58598 4017.96 2191.63
58599 772.16 1986.68
58600 919.396 407.587
58601 1500.05 2124.76
58602 1648.7 1178.91
58603 1978.06 2527.46
58604 2116.56 2313.06
58605 1286.08 2426.37
58606 103.183 2674.64
58607 1090.16 2916.72
58608 155.515 1736.72
58609 1407.18 3485.05
58610 255.513 3458.22
58611 1387.74 1059.19
58612 4081.71 2066.92
58613 837.08 170.745
58614 3999.68 2014.35
58615 2491.86 1949.19
58616 3162.07 2153.79
58617 1008.43 672.505
58618 607.481 3597.93
58619 311.368 2723.15
58620 1604.56 2220.31
58621 1604.56 2220.31
58622 155.001 3166.19
58623 144.829 3199.14
58624 1114.25 1302.79
58625 83.0931 2721.25
58626 1424.95 3206.9
58627 564.679 1794.59
58628 1788.27 2045.32
58629 1654.28 795.115
58630 736.889 907.377
58631 926.752 933.441
58632 317.593 2403.85
58633 883.418 708.58
58634 1352.93 1042.62
58635 1227.43 1489.58
58636 795.933 2341.28
58637 1493.61 1408.99
58638 1154.17 1881.03
58639 435.2 1411.64
58640 3140.08 2157.27
58641 4374.39 1996.44
58642 390.677 1834.36
58643 1209.16 1295.21
58644 2631.42 2072.71
58645 654.853 1511.37
58646 1304.83 2050.48
58647 2886.52 1943.2
58648 783.781 2139.97
58649 2437.42 2062.84
58650 29.3783 2352.77
58651 1852.02 2433.18
58652 605.695 1097.81
58653 1679.47 1153.08
58654 307.306 2260.91
58655 2140.41 2051.1
58656 1872.45 2522.72
58657 1313.16 1867.64
58658 748.234 1625.09
58659 85.3065 1977.25
58660 882.379 1903.05
58661 2615.84 2048.13
58662 1587.42 1086.91
58663 1528.12 2077.03
58664 1408.06 1628.86
58665 1035.7 3073.92
58666 91.321 2643.41
58667 928.725 2029.05
58668 2568.69 1878.33
58669 159.885 2088.74
58670 1448.57 1339.01
58671 671.242 194.458
58672 1301.56 663.991
58673 1281.96 3419.3
58674 1069.4 1493.66
58675 2239.34 2453.81
58676 717.41 2596.34
58677 1190.13 774.812
58678 2467.67 2007.12
58679 1723.3 2436.78
58680 1098.41 540.089
58681 742.192 2732.2
58682 366.512 2837.26
58683 366.512 2837.26
58684 814.658 3631.73
58685 2282.32 2622.88
58686 1055.41 3558.47
58687 1614.1 1293.73
58688 1029.94 425.149
58689 2371.39 2565.77
58690 188.107 1418.5
58691 331.864 1473.71
58692 4509.94 2215.36
58693 100.341 2082.09
58694 1429.27 2090.42
58695 1070.91 1954.46
58696 1333.76 720.082
58697 1346.92 1588.28
58698 1422.89 3643.01
58699 629.281 1208.66
58700 1371.49 1860.96
58701 2725.69 2388.15
58702 2669.28 2010.49
58703 1220.69 2142.47
58704 654.957 1474.86
58705 1041.21 2277.06
58706 2651.7 2473.71
58707 136.774 2524.84
58708 1812.59 2117.97
58709 1812.59 2117.97
58710 503.616 1440.07
58711 768.236 1034.25
58712 2283.87 2005.97
58713 772.947 2313.93
58714 1061.41 1784.17
58715 1178.61 3267.65
58716 2046.49 2376.94
58717 1255.81 1533.07
58718 1255.81 1533.07
58719 1286.74 2031.57
58720 512.526 1962.51
58721 1111.51 515.796
58722 1843.96 2022.87
58723 748.499 794.922
58724 2224.63 2222.58
58725 1163.94 1162.52
58726 2723.7 2116.12
58727 1269.29 2187.33
58728 1139.71 2386.45
58729 1109.04 1760.71
58730 1199.01 926.615
58731 2164.19 1937.28
58732 1536.45 898.573
58733 70.8745 2149.96
58734 1145.47 1958.76
58735 1273.45 1502.6
58736 1676.33 2397.45
58737 1172.96 958.664
58738 170.379 1980.07
58739 4236.02 2090.6
58741 1530.17 1313.84
58742 1649.19 879.897
58743 2321.73 2340.57
58744 1233.66 588.091
58745 738.157 1299.16
58746 857.558 2616.33
58747 982.424 983.129
58748 935.147 2337.23
58749 1073.35 1708.41
58750 250.687 2761.3
58751 2208.24 1937.74
58752 604.11 2056.44
58753 14.8137 2709.6
58754 1064.53 2877.9
58755 900.621 2387.53
58756 1533.47 2024.57
58757 1142.5 2155.89
58758 589.553 437.965
58759 2833.15 1915.37
58760 1520.98 1141.93
58761 1607.58 2534.71
58762 1572.76 1862.01
58763 901.943 637.338
58764 2741.55 1990.32
58765 2335.78 2503.58
58766 458.718 799.539
58767 458.718 799.539
58768 719.192 361.738
58769 1092.16 2434.82
58770 1333.04 3618.48
58771 487.58 1221.42
58772 239.642 2609.12
58773 2872.28 2462.7
58774 149.793 2505.85
58775 4645.78 2242.08
58776 1002.58 2090.11
58777 1002.58 2090.11
58778 1575.82 1182.28
58779 2602.99 2663.51
58780 744.4 1492.21
58781 1684.97 1824.55
58782 1175.3 3161.33
58783 339.164 2956.49
58784 2675.61 1868.49
58785 2675.61 1868.49
58786 1318.05 1369.67
58787 3654.26 2196.48
58788 1189.21 1986.39
58789 1776.49 2104.57
58790 776.08 2516.92
58791 305.728 2065.12
58792 43.4968 1754.06
58793 1609.83 2642.14
58794 3071.09 2451.81
58795 1540.25 2370.93
58796 1540.46 2370.8
58797 1095.94 3507.28
58798 151.168 1525.26
58799 2296.02 2131.02
58800 1185.56 2021.98
58801 1601.32 2461.69
58802 773.681 2540.73
58803 619.863 658.044
58804 319.985 1414.49
58805 2719.33 2350.96
58806 643.662 1240.89
58807 753.655 1263.31
58808 1212.76 3497.99
58809 1578.44 1809.94
58810 1667.36 1032.09
58811 3054.91 2125.08
58812 661.418 1135.01
58813 2293 2505.86
58814 814.439 2083.52
58815 814.439 2083.52
58816 1062.42 1579.21
58817 1651.36 893.479
58818 2010.25 2160.86
58819 119.666 1628.29
58820 1149.73 2517.66
58821 1255.21 1045.45
58822 2005.22 2473.07
58823 1396.48 2070.02
58824 971.76 234.912
58825 1356.54 845.505
58826 1559.11 959.088
58827 1202.02 1903.54
58828 899.311 2760.08
58829 1608.86 1258.57
58830 1317.31 2138.22
58831 249.908 2136.13
58832 134.449 2353.22
58833 4667.81 2048.47
58834 553.994 1731.48
58835 1547.36 1734.66
58836 1446.09 3396.34
58837 174.759 2629.3
58838 1637.56 1027.48
58839 1204.63 2004.31
58840 2994.78 2463.36
58841 1526.26 2046.29
58842 1526.26 2046.29
58843 1198.5 1267.62
58844 4317.53 2221.84
58845 1521 3066.57
58846 198.358 2514.44
58847 109.274 2402.52
58848 1194.21 2461.45
58849 300.403 70.1026
58850 670.197 2122.75
58851 341.078 1052.22
58852 1145.36 536.394
58853 1485.8 686.364
58854 415.841 2045.36
58855 1376.73 1633.9
58856 789.03 845.786
58857 4491 2049.78
58858 780.638 994.969
58859 3235.56 2162.96
58860 2127.42 2167.92
58861 1334.45 1674.84
58862 2657.14 2041.98
58863 2504.08 2101.3
58864 2504.08 2101.3
58865 2849.12 2422.54
58866 886.85 1012.27
58867 685.906 359.124
58868 812.417 1883.24
58869 1045.28 1007.61
58870 1426.79 1252.1
58871 594.154 724.317
58872 1185.17 2049.48
58873 935.186 1588.93
58874 1205.15 3508.46
58875 400.467 1629.14
58876 400.467 1629.14
58877 1628.9 1941.61
58878 3090.4 2056.02
58879 2097.66 1912.5
58880 3468.73 2350.41
58881 640.245 3511.17
58882 2688.45 2275.72
58883 1407.34 3574.17
58884 1063.44 2558.61
58885 862.902 2844.98
58886 600.68 388.657
58887 520.683 944.222
58888 520.683 944.222
58889 522.928 2541.43
58890 522.928 2541.43
58891 1196.36 1109.54
58892 1669.09 755.693
58893 636.864 3107.38
58894 858.659 1910.21
58895 1377.66 1927.5
58896 1323.52 1243.01
58897 829.967 646.664
58898 869.713 1441.43
58899 532.229 1229.2
58900 532.229 1229.2
58901 1130.51 1995.42
58902 740.87 1503.59
58903 1460.02 2608.33
58904 936.598 2169.4
58905 2538.45 2585.81
58906 1441.09 1531.64
58907 1051.62 642.045
58908 593.859 1135.38
58909 1781.33 2383.29
58910 1781.33 2383.29
58911 2709.31 1961.88
58912 811.684 867.789
58913 2738.28 2007.71
58914 1633.38 1193.83
58915 1633.21 1193.69
58916 444.911 2948.33
58917 444.911 2948.33
58918 1116.67 2166.29
58919 965.068 1617.19
58920 363.407 2745.03
58921 1703.24 2067.29
58922 456.336 1065.63
58923 84.2078 1923.95
58924 84.2078 1923.95
58925 659.468 903.628
58926 4246.37 2084.4
58927 3710.58 2280.75
58928 564.476 235.129
58929 1393.58 1077.74
58930 2135.92 2506.04
58931 1090.66 1327.17
58932 1699.18 1364.4
58933 3358.73 2181.29
58934 116.957 2540.61
58935 56.8296 1989.79
58936 2398.87 2049.87
58937 1558.92 1465.39
58938 978.107 1530.92
58939 2330.93 2103.77
58940 801.615 1453.85
58941 4345.96 2016.1
58942 373.606 3495.86
58943 1490.93 1320.15
58944 551.097 1268.93
58945 551.876 1269.17
58946 961.389 2541.27
58947 821.152 1303.96
58948 884.431 1371.76
58949 467.265 665.302
58950 1151.1 3553.9
58951 1151.66 3553.1
58952 889.904 1233.67
58953 1523.78 1243.3
58954 958.722 413.215
58955 627.526 1648.1
58956 2681.8 1969.62
58957 789.267 2077.34
58958 133.025 1782.87
58959 314.186 1622.48
58960 915.572 1008.59
58961 158.08 3265.87
58962 1167.47 1299.94
58963 1167.88 1300.11
58964 987.373 561.166
58965 517.68 1540.14
58966 96.0679 2725.76
58967 866.468 1886.34
58968 2441.86 2528.36
58969 915.324 1853.81
58970 1637.65 1146.05
58971 856.912 1892.19
58972 1650.53 1090.74
58973 1269.46 2686.71
58974 1460.46 1752.97
58975 1173.29 1612.88
58977 1012.74 2091.76
58978 897.402 1896.18
58979 681.021 1699.37
58980 1189.16 2342.64
58981 1439.24 776.57
58982 1399.16 1057.74
58983 683.364 901.773
58984 1678.92 887.493
58985 1492.08 931.697
58986 61.965 2268.54
58987 2533.95 2492.35
58988 1682.14 828.666
58989 1442.77 1293.81
58990 4587.08 2129.78
58991 413.527 572.709
58992 1623.51 1210.61
58993 1234.71 3554.93
58994 616.204 1954.79
58995 1081.27 3435.49
58996 1658 836.323
58997 2543.4 1923.51
58998 924.605 2918.23
58999 4750.69 2198.99
59000 695.61 703.45
59001 561.69 1698.34
59002 1617.43 1133.41
59003 510.934 1796.88
59004 1273.64 1382.84
59005 1147.08 551.706
59006 2018.09 1974.29
59007 1197.03 1664.28
59008 422.663 1066.07
59009 764.58 452.444
59010 2551.69 1884.18
59011 597.535 766.521
59012 1602.94 2160.92
59013 1014.17 637.265
59014 794.996 2686.11
59015 1177.29 1992.9
59016 1622.88 929.817
59017 1306.78 636.832
59018 581.367 1810.11
59019 1177.46 1040.85
59020 719.782 2338.74
59021 1558.51 1047.03
59022 1273.36 840.869
59023 1180.98 447.458
59024 2701.55 2204.41
59025 2016.95 2121.19
59026 645.99 940.328
59027 450.099 1850.13
59028 2675.58 2041.12
59029 4277.2 2067.76
59030 1475.35 2831.08
59031 1472.88 925.919
59032 4040.23 2183.71
59033 713.537 1802.26
59034 712.863 1802.26
59035 1524.32 756.491
59036 1540.5 953.087
59037 1683.49 977.942
59038 1979.04 2200.8
59039 1000.53 2233.69
59040 423.789 1317.85
59041 4601.66 2145.43
59042 1504.9 688.826
59043 2858.51 2227.83
59044 1417.64 3441.63
59045 1624.69 2211.05
59046 1275.8 3541.72
59047 1395.02 838.816
59048 1596.72 1834.31
59049 218.853 1783.74
59050 1177.7 1867.87
59051 1177.7 1867.87
59052 1093.89 551.946
59053 1729.81 1994.35
59054 3921.57 2168.11
59055 703.869 2515.59
59056 704.578 2515.29
59057 732.483 303.662
59058 1602.38 2073.82
59059 1784.77 2527.03
59060 616.375 1106.28
59061 615.62 1105.97
59062 1362.03 1901.07
59063 1292.13 3295.04
59064 1292.13 3295.04
59065 4675.82 2085.17
59066 927.261 1860.42
59067 2394.98 2228.65
59068 652.216 420.167
59069 1609.21 1111.2
59070 3200.26 2065.57
59071 347.275 1228.24
59072 1270.84 1834.03
59073 1555.94 1331.42
59074 2672.13 2587.49
59075 1666.21 935.334
59076 790.582 81.7961
59077 3055.73 2050.72
59078 841.574 1609.09
59079 840.979 1609.01
59080 404.126 1716.15
59081 1143.67 1060.55
59082 2491.48 2602.42
59083 621.715 267.12
59084 622.448 267.798
59085 2506.39 2088.29
59086 2506.39 2088.29
59087 1294.25 3622.22
59088 2190.73 1929.88
59089 1155.22 3474.39
59090 2662.71 2407.11
59091 2253.31 2185.09
59092 1204.92 1422.44
59093 536.687 1049.8
59094 1114.21 763.831
59095 1212.9 1329.27
59096 662.522 1679.12
59097 2373.61 2331.49
59098 872.747 1426.49
59099 674.656 1266.26
59100 4008.22 2416.91
59101 2241.72 2081.9
59102 3759.12 2052.21
59103 2203.48 2540.73
59104 4715.89 2227.42
