Visibility for camera _SAM1096.JPG
3394
8636 4262.42 1713.11
12108 4210.37 2299.71
13758 2548.82 1570.13
14875 4774.51 1430.86
14931 4813.58 1407.49
15046 4126.88 1440.63
15079 2748.63 1571.44
15084 2787.32 1613.96
15123 5008.25 1963.05
15165 4225.22 1450.33
15177 3064.63 1632.12
15192 4374.34 1469.35
15225 3721.19 1430.19
15297 4298.15 1443.17
15328 3947.04 1570.15
15329 2858.86 1566.25
15586 2887.15 1566.74
15608 3726.97 1454.09
15711 1524.8 1904.55
15749 2752.93 1611.54
15804 3976.82 1560.61
15912 4276.17 1593.85
15945 4155.88 1574.35
16025 5118.17 2059.94
16054 5116.89 1703.46
16062 4711.72 1642.58
16087 4345.05 1412.24
16092 1845.56 1645.96
16093 5306.13 2656.61
16097 4145.01 1500.08
16145 3879.59 1592.92
16153 3058.55 1595.67
16160 4030.64 1539.34
16163 4532.99 1671.1
16166 4043.53 1591.71
16168 3961.62 1590.84
16185 1573.41 1867.66
16186 3995.09 1580.03
16274 3451.51 1424.29
16344 3696.11 1572.61
16368 5055.87 1734.32
16373 4954.99 1427.32
16375 3706.32 1543.53
16377 3756.35 1536.62
16427 3852.05 1440.73
16442 4005.95 1558.69
16443 4005.95 1558.69
16465 4786.96 1597.81
16472 4926.18 1398.24
16495 4512.46 1389.2
16510 3903.19 1573.87
16556 3735.23 1590.64
16589 4085.47 1647.65
16609 4533.54 1595.31
16649 3589.84 1272.9
16652 3683.02 1462.5
16691 3737.36 1410.37
16693 3646.13 1636.19
16725 5015.46 1627.46
16727 4575.71 1429.17
16750 3409.43 1259.46
16755 3862.91 1452.79
16757 4129.52 1379.92
16758 3836.2 1334.11
16760 1468.02 1776.44
16763 3176.52 1465.06
16799 2589.83 1622.8
16807 4451.41 1569.34
16808 3343.15 1484.11
16812 3780.98 1555.8
16825 3507.96 1225.15
16827 5077.5 1672.99
16833 1440.2 1666.35
16892 4133.81 1618.82
16959 4423.76 1631.21
16985 4996.24 1689.92
16998 4308.4 1417.19
17038 4793.9 1713.11
17041 1476.17 1840.77
17054 3742.08 1658.06
17056 4841.42 1774.71
17075 2536 1610.03
17096 2766.5 1633.27
17131 5024.38 1406.46
17156 4702.89 2221.38
17181 3773.63 1577.25
17211 4776.24 1980.22
17238 3600.26 1578.67
17247 1885.82 1648.72
17263 4033.49 1650.08
17269 3867.42 1423.55
17290 2128.38 1467.96
17308 1471.46 1715.16
17324 3700.76 1423.92
17330 2178.56 1630.45
17357 5024.7 1477.56
17371 4378.22 1693.3
17381 1534.06 1837.08
17420 1468.96 1869.97
17424 5290.35 1551.83
17445 1439.1 1825.85
17448 3435.08 1219.13
17471 3896.14 1485.51
17472 1551.72 1649.05
17473 4700.67 1736.55
17509 1477.6 1799.75
17510 2483.2 1398.59
17517 4004.92 1680.93
17526 4533.54 1595.31
17529 4943.59 1695.3
17540 1458.88 1748.83
17544 4997.54 1648.78
17578 3878.49 1397.35
17583 4838.39 2107.06
17585 4340.53 1536.15
17593 4945.72 1654.89
17594 3688.77 1595.88
17640 3831.27 1539.81
17645 4193.44 1567.82
17654 1512.44 1968.88
17661 2823.56 1570.32
17671 4653.76 1460.98
17678 4761.58 1695.75
17681 4353.5 1381.03
17707 3076.53 1569.61
17711 3730.41 1553.76
17716 4710.04 1586.99
17754 3669.13 1386.71
17758 3741.04 1438.02
17759 3741.04 1438.02
17769 2186.83 1445.46
17776 1433.57 1748.01
17787 2136.7 1640.39
17790 4429.2 1476.8
17799 3073.85 1609.26
17808 3480.35 1642.54
17858 1841.4 1829.34
17944 3366.41 1664.11
17980 1506.02 1862.62
17999 3549.91 2089.72
18007 3809.79 2009.8
18009 2201.43 1970.08
18030 2804.08 1629.8
18069 3470.86 2122.65
18072 2903.54 1647.66
18073 2162.88 1925.6
18076 2600.52 1677.37
18094 2005.85 1640.96
18125 2151.43 1612.93
18130 3805.6 1769.08
18134 3871.57 1744.95
18135 3871.57 1744.95
18138 2012.6 1981.86
18141 3838.43 1419.12
18156 4998.61 1930.17
18166 4622.19 2071.59
18182 1506.12 1618.32
18187 3552.96 1656.02
18210 1199.02 1829.5
18211 4204.52 1830.09
18215 2446.71 1685.74
18219 4072.87 1982.35
18250 3619.28 1857.15
18257 2620.53 1658.86
18268 4446.15 2232.77
18272 4680.61 1993.23
18295 4203.64 1899.99
18314 3439.68 2239.28
18322 4620.62 2256.76
18324 3856.82 2181.39
18327 4742.92 1740.78
18335 4549.3 2006.65
18353 2348.9 1679.68
18358 1604.3 1621.42
18382 4042.28 2155.89
18384 3074.95 1876.77
18394 4292.64 1914.2
18405 2836.47 1396.85
18406 2836.47 1396.85
18411 4814.92 1625.81
18427 2525.76 1668.68
18428 2525.76 1668.68
18433 2899.11 1718.37
18453 5223.5 1903.53
18468 3674.46 1675.2
18469 5041.17 2194.63
18481 3943.8 2133.65
18483 3887.26 1835.89
18497 3991.07 1700.54
18510 4929.76 1917.61
18526 3921.5 1789.72
18527 3921.5 1789.72
18540 4689.93 1847.78
18548 4075.11 1876.56
18552 3674.41 1708.99
18556 4537.76 2247.7
18564 1621.4 2126.5
18582 2671.95 1658.55
18583 5354.22 1808.62
18597 2773.93 1549.05
18614 4929.28 1848.21
18646 4059.06 1657.5
18653 4735.85 2226.6
18698 3076.69 1910.91
18700 3632.03 2165.44
18706 2013.61 1674.97
18713 1447.04 1788.94
18722 1106.62 1785.61
18735 3339.09 1547.58
18760 3730.52 1822.07
18766 4271.72 2010.5
18775 3829.59 1488.69
18792 3106.79 1996.66
18794 3752.51 1351.86
18801 5008.29 2089.62
18802 4805.9 2117.92
18830 3042.57 1626.54
18831 2492.7 1598.59
18850 3881.64 1908.84
18851 4901.9 2235.09
18852 4901.9 2235.09
18896 3671.28 2309.88
18925 1814.39 1736.38
18935 2897.76 1391.75
18973 4246.53 1370.55
18974 4246.53 1370.55
18991 3086.15 2098.21
18996 2617.3 2219.66
19000 4723.39 1904
19010 2019.33 1851.04
19026 3668.5 1731.78
19030 1482.28 1658.12
19035 3431.89 1708.47
19055 3624.7 2140.66
19080 5231.78 1721.91
19090 4157.17 1832.95
19091 4180.15 2318.66
19105 1479.34 1933.9
19109 1534.27 1814.56
19110 3305.93 1677.96
19128 1387.98 1609.28
19133 3049.21 1431.66
19143 2014.27 2003.6
19149 4612.46 1876.78
19163 3880.03 1439.67
19172 4929.08 2078.15
19173 2490.85 1413.12
19188 3955.96 1493.36
19195 4441.27 1804.96
19197 1936.29 1652
19233 1351.66 1969.85
19242 4422.84 1819.88
19249 3632.94 1375.25
19251 1863.91 1764.41
19263 4797.67 1514.21
19265 4359.51 1627.99
19267 1569.07 1621.26
19268 3664.94 2219.6
19269 4279.81 1385.68
19272 2064.29 1438.12
19286 4703.55 1676.39
19296 5235.98 1634.65
19298 4684.35 1790.58
19304 4303.16 1392.12
19306 1685.75 1750.08
19319 3626.14 1545.02
19320 3895.81 1420.46
19329 4946.86 1731.51
19445 3819.64 2202.99
19460 1492.4 1987.3
19479 2252.86 1808.64
19518 4043.14 1767.09
19539 3035.77 1648.57
19549 4549.3 2006.65
19556 4512.4 2286.96
19572 4072.87 1982.35
19582 1586.39 1913.3
19594 4393.94 2282.07
19597 4381.85 2400.76
19603 3684.69 1784.77
19615 3775.47 1784.1
19618 4853 1942.16
19625 1677.88 1748.17
19630 3957.77 1918.9
19631 3957.77 1918.9
19633 4744.73 1462.27
19650 4778.73 1942.95
19654 4075.11 1876.56
19658 3535.77 1885.44
19663 5167.88 2007.16
19671 5105.48 2274.71
19701 3728.5 2063.8
19702 4344.42 2112.09
19716 4203.34 1704.08
19722 4738.68 2400.61
19727 4900.88 2398.14
19737 4663.28 1863.39
19740 4629.12 2038.76
19753 5056.19 2462.81
19763 2517.77 1714.13
19774 4067.11 2152.49
19781 2527.58 1596.5
19793 4743.67 1716.18
19803 1872.37 1915.72
19807 4994.09 2293.33
19808 4390.35 2338.72
19818 2995.74 2019.95
19819 4291.41 1623.9
19821 4926.04 1547.71
19825 4133.35 2345.98
19827 4372.46 2092.07
19828 4372.46 2092.07
19866 1031.65 1820.76
19868 1890.69 1682.99
19873 4967.81 1970.48
19880 4701.62 2097.04
19886 5018.22 2298.33
19898 4831.62 2400.47
19902 3891.37 1690.26
19939 5001.88 2342.02
19941 4213.03 2380.35
19942 4083.68 1850.55
19961 4325.53 1439.05
19962 2392.97 1740.18
19974 2924.6 1736.5
20003 4586.83 2056.18
20009 3595.84 2210.33
20010 4597.78 2124.07
20011 2008.68 1830.71
20021 2917.68 2010.65
20027 4337.54 2253.79
20032 2259.96 2050.12
20042 1263.56 1885.17
20052 4568.43 2421.07
20071 4461.78 2364.1
20081 2038.84 1688.41
20096 3933.33 1701.22
20107 3900.07 2233.68
20109 1912.29 1806.14
20111 4467.65 1848.13
20130 4342.78 1716.89
20133 2524.73 1792.9
20137 5101.67 2220.6
20138 4049.67 1855.34
20139 2120.53 1435.77
20156 4429.32 1914.08
20160 3071.54 1719.22
20164 4966.57 2300.17
20166 3765.26 2019.4
20170 3700.91 2310.06
20183 3394.26 2245.11
20184 4082.95 2167.82
20203 4436.72 1715.9
20211 4148.92 1858.53
20220 5069.34 2268.91
20225 4084.2 2090.52
20226 5047.55 2004.56
20237 5037.2 1753.04
20244 5026.35 2256.06
20245 4575.02 2010.45
20254 4274.12 1894.42
20261 4427.18 2188.15
20267 4791.42 1892.37
20268 3311.66 2394.6
20271 3667.76 2031.45
20274 4493.45 2341.98
20284 4377.86 1957.02
20303 3839.48 1684.09
20306 4016.47 1696.79
20318 4300.39 2369.43
20319 4300.39 2369.43
20320 4469.05 2176.48
20325 1843.4 1887.06
20332 5083.36 1588.73
20347 3093.67 2149.16
20351 4223.46 1992.48
20353 2512.96 1854.89
20355 1566.3 1707.74
20360 4383.48 1713.98
20361 4600.72 2340.84
20364 5073.79 2082.49
20371 2046.61 2040.68
20384 1380.83 1561.33
20387 4671.96 1617.12
20394 3306.46 2364.16
20399 4077.7 1583.49
20400 4612.46 1876.78
20401 4450.27 1702.81
20406 3637.91 2311.38
20407 3975.87 1809.14
20421 4507.43 2412.67
20433 2391.3 2125.69
20437 2977.44 1833.89
20439 5023.39 2327.91
20441 4923.37 2303.09
20442 4805.02 1598.4
20446 2688.89 1611.76
20451 3962.16 1792.97
20453 4506.01 2160.3
20456 4149.66 1886.89
20493 1758.06 1770.37
20507 1855.98 1471.89
20512 5007.97 1750.23
20537 854.18 1864.53
20540 1569.65 2169.68
20543 4560.97 2346.02
20548 4858.26 1973.8
20549 4720.56 1753.95
20554 3793.95 1637.18
20566 3738.44 1789.96
20567 5041.51 2318.33
20568 3564.08 2201.99
20573 1741.66 1749.76
20578 5099.72 1494.16
20583 3566.02 1783.02
20585 3061.56 1855.24
20800 2564.4 1964.64
20810 2568.47 1888.42
20820 2321.62 2142.14
20858 2701.08 1819.35
20860 3854.75 2134.49
20895 5031.09 2296.89
20903 2629.8 1895.06
20989 2633.49 1792.49
20993 1964.88 1800.6
21005 3101.29 1888.03
21031 4566.31 2386.66
21048 4781.19 1855.25
21058 2593.18 1830.06
21066 4144.6 2378.95
21088 4120.98 2407.28
21104 5167.88 2007.16
21112 4858.65 2444.23
21140 4132.47 2283.58
21147 4371.21 2026.97
21159 4688.02 2451.02
21173 4230.82 2201.56
21177 1915.33 2271.81
21185 4050.29 2269.61
21211 2128.38 1467.96
21288 2687.71 2003.04
21311 2231.3 1725.13
21326 4145.83 2140.77
21366 4856.38 2304.06
21374 3011.55 1815.1
21379 1742.95 1719.7
21401 4514.5 1777.41
21411 4249.67 2089.69
21440 2443.67 1835.44
21447 3949.71 2249.97
21464 2158.39 2148.39
21504 938.615 1855.2
21511 2222.98 2066.42
21512 3358.58 2384.03
21531 2385.37 1826.63
21572 3672.88 2162.74
21609 3096.37 1855.49
21638 2140.39 1809.87
21643 3174.65 1851.1
21685 3074.71 1696.61
21687 2391.3 2125.69
21711 1542.59 2133.22
21732 4342.72 2562.02
21740 2909.24 1767.02
21756 2488.6 1733.47
21780 2728.4 1723.87
21796 3708.5 1713.25
21799 2566.04 1749.84
21809 4211.91 2465.22
21840 4506.89 2567.22
21846 2345.64 2108.38
21859 4666.57 2209.22
21869 1647.59 1762.86
21893 1697.66 1992.34
21913 2286.33 2141.31
21920 2183.58 2042.66
21933 1728.8 2262.4
21935 4002.52 2404.02
21950 4257.33 2215.09
21961 1420.89 1832.23
21998 2773.89 1885.8
22017 4763.53 2269.85
22023 5119.81 2379.9
22050 2099.19 1836.73
22052 4994.11 2189.28
22063 3909.44 2272.08
22085 4338.21 2062.72
22132 4370.26 2148.07
22135 1176.3 1849.08
22155 2743.28 1877.29
22161 3691.18 2456.92
22176 4523.44 2397.23
22184 4165.54 2229.81
22185 4165.54 2229.81
22210 1568.07 2098.11
22234 4247.45 2387.99
22254 3602.07 2234.17
22267 4125.52 2443.59
22302 2341.97 2084.17
22310 5039.5 2376.91
22313 4394.39 1730.33
22318 3557.34 1960.84
22325 3996.01 2267.71
22364 1872.34 2085
22386 2230.44 1743.48
22396 3102.45 2125.67
22415 1992.45 1792.07
22429 4176.96 1759.25
22430 4176.96 1759.25
22436 3947.09 2468.81
22549 4768.84 1919.16
22557 2628.73 1759.5
22581 4170.22 2034.19
22582 4170.22 2034.19
22588 3666.37 1956.64
22600 896.509 1817.72
22784 3733.89 2006.41
22819 2499.52 1825.98
22823 2611.14 1739.13
22849 4537.76 2247.7
22855 2000.99 1713.72
22885 4243.55 2133.44
22994 3746.26 2241.85
23045 3071.54 1719.22
23051 4042.13 2458.72
23073 4383.72 2573.45
23094 4582.7 1728.71
23115 1606.8 1708.51
23182 2136.44 1826.36
23188 2477.06 1750.02
23197 4089.84 2518.01
23204 5003.31 2479.06
23206 1634.17 1796.47
23234 2681.01 1814.84
23261 4060.82 2401.53
23290 4845.85 2340.65
23291 4039.72 2534.8
23342 2046.61 2040.68
23364 1610.54 1994.71
23390 1709.17 1809.45
23391 4632.97 2529.75
23398 2251.48 2113.75
23413 4757.3 1864.8
23432 2272.78 2127.93
23437 2755.93 1867.87
23443 2265.7 2110.96
23444 2288.51 1733.32
23470 5026.94 1952.93
23473 4753.7 1944.51
23474 1173.8 1866.11
23480 4219.81 2449.77
23513 2856.59 1877.98
23524 2855.51 1838.47
23537 1936.17 1471.02
23538 1518.06 2089.77
23554 3704.24 2240.23
23561 3686.69 1982.61
23562 1849.44 1487.33
23565 1364.72 1992.6
23574 3123.81 1766.9
23577 4625.8 2303.5
23580 2427.77 1817.07
23587 2940.3 1868.48
23589 4340.07 2471.86
23602 4812.65 2459.46
23603 1518.2 2108.28
23608 4445.94 2580.05
23616 2843.1 2026.49
23629 5021.17 2633.05
23758 4995.59 1927.73
23818 4478.87 2428.62
23861 4077.05 1949.95
23901 3780.56 2042.78
23968 4909.2 2267.31
23970 2342.06 2158.34
24022 3730.52 1822.07
24049 2158.7 1791.57
24077 1400.08 2070.09
24111 2424.01 1732.99
24138 3936.7 2454.15
24204 2323.9 1841.21
24249 3670.16 2347.97
24255 4626.08 2578.23
24264 1597.85 1503.33
24283 3934.71 2505.17
24306 3779.56 2355.56
24313 3998.53 2418.88
24322 2083.62 1439.79
24334 1777.54 1488.35
24336 4072.51 2415.96
24340 4190.73 2078.39
24375 4136.27 2525.6
24378 3803.01 2458.79
24379 2175.95 1767.01
24388 2962.46 1877.41
24392 4392.67 2486.32
24408 2627.33 1867.82
24410 2293.52 2127.5
24427 1747.04 1736.64
24429 3750.01 2354.83
24430 4878.92 2592.27
24441 1554.77 2106.53
24455 5059.51 2658.41
24463 3800.64 2445.69
24474 2844.81 1909.63
24476 2824.79 1903.8
24487 2186.18 1692.07
24513 4044.08 2257.63
24524 1927.52 1455.59
24529 4818.55 2638.8
24546 1039.55 1857.26
24547 3765.09 2364.24
24548 4137.71 2537.16
24570 4257.33 2215.09
24572 4780.85 2489.36
24582 2853.96 1851.46
24595 3868.83 2415.12
24832 3064.66 2013.3
24836 4407.69 2501.38
24917 4273.9 1941.67
24980 2951.63 1688.69
25013 4058.89 2443.16
25096 4090.02 2341.55
25133 5047.55 2004.56
25170 4125.91 2429.81
25228 3731.13 2527.3
25243 4923.37 2303.09
25261 5078.22 2626.76
25270 3940.14 2442.7
25271 4602.83 2563.49
25299 2297.44 2153.76
25327 3754.81 2374.76
25336 4160.44 2577.26
25360 2089.06 2265.39
25367 3128.31 2319.15
25377 5074.18 2560.67
25382 5029.13 2611.42
25400 4341.28 2449.13
25413 4296.82 2421.5
25443 2209.18 1765.15
25455 4990.82 2650.93
25458 2608.4 1751.76
25472 2633.1 1734.03
25502 4084.98 2452.44
25574 1355.24 2024.74
25576 4241.98 2560.69
25788 4544.65 2106.67
26118 4487.78 2527.86
26209 1843.5 1473.11
26259 4840.74 2494.01
26468 2667.23 1869.01
26486 4252.33 2409.21
26491 2927.02 2122.78
26788 4001.91 2453.31
26812 3921.5 1789.72
26888 5063.2 1982.69
26915 4429.65 2544.44
26958 3595.54 1668.91
26965 3870.39 2367.28
26977 4847.5 2153.55
27140 5034.48 2028.62
27141 5034.48 2028.62
27175 4956.09 2634
52217 2159.6 2059.87
54684 1842.58 2036.57
55596 1773.03 2013.07
55625 1424.85 2095.26
55629 1757.14 1996.39
56009 4566.31 2386.66
56589 2333.62 1735.92
58840 2901.93 1738.46
59067 3723.3 2512.46
65790 3127.54 2284.8
66300 2869.29 1740.05
66531 4094.77 2507.39
66576 3898.8 2441.37
66595 4620.23 2442.77
66629 5259.98 2518.27
66667 2669.6 1885.64
66689 4076.37 2527.54
66771 2467.93 2198.47
66801 2424.95 1770.51
67134 1903.23 1478.37
67141 1440.76 1857.21
67184 2530.44 1865.59
67186 5097.24 2296.63
67232 2495.03 1882.7
67257 4512.41 2198.9
67273 3027.77 1871.72
67274 1921.96 2117.27
67278 2546.61 1776.1
67281 1896.6 2245.51
67301 1451.48 2096.36
67307 2697.68 1889.22
67310 4253.26 2247.22
67320 3119.88 2208.32
67331 3064.91 2035.83
67353 1822.38 1491.96
67372 2738.84 1827.17
67379 2826.4 1859.6
67420 1443.3 1756.42
67496 4711.4 2418.62
67690 2790.9 1787.99
67722 3797.96 1685.18
67740 5079.06 2639.27
67884 4431.83 2385.72
67887 2242.09 1734.69
67977 922.602 1850.24
67993 903.296 1878.26
68055 3032.1 2035.05
68066 1296.25 1934.61
68130 3576.31 1898.29
68156 1413.81 1780.04
68219 3209.71 2044.38
68252 3119.73 1721.97
68257 2411.53 1860.95
68265 1898.66 1457.98
68270 4136.78 2245.78
68283 5160.7 2139.83
68288 4523.26 2077.88
68321 2111.94 1701.56
68368 3903.67 2083.44
68386 4905.2 1792.73
68417 1430.93 1687.44
68423 2465 1836.95
68424 2149.54 1682.31
68429 1451.48 2096.36
68446 1461.22 1904.49
68487 2842.26 1861.05
68501 3803.31 2006.78
68511 1793.62 2040.95
68515 4537 2352.42
68516 4537 2352.42
68523 4899.26 1740.31
68540 1502.75 2053.83
68546 3196.01 1957.41
68549 3574.64 2272
68563 2880.42 1858.83
68575 4178.04 1786.33
68577 3777.09 2334.28
68585 991.617 1839.05
68596 5133.09 2211.85
68638 2871.64 1761.98
68654 3330.44 2389.2
68656 4914.71 2413.36
68660 3803.44 2339.27
68661 3664.34 2061.24
68685 1761.94 1751.37
68695 5022.9 1818.99
68696 2379.04 2149.22
68698 1882.39 1474.89
68706 4883.59 2233.15
68712 3955.04 2108.67
68733 2578.37 1872.76
68740 3587.88 1983.56
68756 2446.78 1785.08
68757 3145.85 1934.17
68762 3090.3 2237.11
68800 2060.23 1838.05
68806 3118.41 2102.87
68824 1999.87 1688.53
68832 1954.61 1436.07
68844 2069.28 1668.68
68847 2082.95 1850.26
68863 2206.18 1821.89
68870 1820.48 1776.34
68872 2168.52 1937.53
68882 1471.4 1816.57
68883 1879.59 1486.31
68886 1717.25 1472.21
68895 3209.71 2044.38
68896 2210.67 1847.77
68904 1002.46 1793.08
68905 4444.19 2172.05
68918 3580.64 1664.98
68919 2974.62 1780.57
68921 1551.12 1991.98
68924 1868.41 1891.95
68928 1540.9 2012.14
68933 1778.17 1460.62
68934 2163.07 1736.49
68937 3063.31 1990.39
68940 1505.09 1953.16
68946 5065.19 2437.85
68947 2813.92 1867.21
68948 1429.71 1726.8
68949 920.695 1807.3
68954 2143.16 1708.75
68962 4369.22 2176.44
68963 2042.79 2153.23
68967 1481.23 1517.53
68968 1726.28 1876.99
68969 4739.86 2440.22
68970 1716.43 1482.73
68971 3131.62 1828
68985 1803.56 1477.7
68986 2028 1660.1
68995 3064.58 2204.59
69003 4436.57 2265.56
69005 1659.32 1479.55
69017 2715.91 1832.48
69019 3870.23 1792.52
69034 2926.65 2024.05
69035 4431.16 2150.52
69036 4808.51 2307.97
69040 3864.18 1682.24
69041 3846.5 2101.44
69042 4613.14 2398.64
69045 4142.55 1700.2
69046 4561.37 1736.64
69057 2311.62 1420.98
69058 2889.51 1840.96
69061 2575.71 1996.13
69063 4593.05 2414.51
69064 3577.25 2213.3
69066 4970.37 2460.16
69069 4781.74 2267.43
69070 2784.29 2014.28
69071 1987.4 1953.25
69081 1665.36 1469.34
69083 2328.65 1822.28
69084 4309.26 2108.04
69087 2024.02 1969.36
69090 4659.24 1879.6
69091 4659.24 1879.6
69103 4538.04 1961.83
69104 4538.04 1961.83
69108 4381.04 2257.51
69113 3195.05 1972.83
69114 4641.18 1913.37
69825 3906.88 1367.93
69938 1822.35 1910.23
69976 1914.1 1640.07
70006 1653.48 1695.81
70034 1930.25 1638.69
70154 4527.79 1524.89
70175 1877.94 1881.34
70277 1735.35 1617.21
70362 1428.87 1581.25
70433 2552.04 1683.39
70488 1999.79 1939.22
70682 4098.76 1454.15
70843 3147.12 1418.79
70909 3124.5 1466.2
70914 1833.16 1808.83
70953 3793.32 1542.98
71049 4809.61 1506.37
71143 1907.72 1428.17
71184 3809.81 1566.93
71203 3824.52 1373.82
71219 3973.68 1391.2
71694 1476.55 1601.52
72267 3935.88 1422.62
72307 3097.72 1540.88
72309 2092.57 1916.8
72486 3906.39 1353.47
73778 4788.82 1381.11
73805 1812.15 1648.79
73944 1951.38 1946.53
74040 2317.86 1572.43
74087 3895.81 1420.46
74225 4985.33 1445.76
74333 4020.58 1397.42
74338 3878.55 1350.92
74385 3591.71 1562.99
74397 3085.8 1629.96
74435 2270.97 1648.53
74436 2580.99 1670.92
74454 2635.61 1610.49
74468 2466.26 1880.05
74473 3099.52 1622.49
74477 1626.72 1895.03
74493 2111.72 1456.59
74523 2473.36 1980.41
74531 2424.66 1627.7
74571 2068.01 1961.79
74576 2439.64 1662.47
74621 1946.04 1925.37
74632 2411.57 1990.59
74644 1659.16 1752.74
74746 2309.39 2032.66
74807 2239.89 1984.71
79250 2878.88 1698.14
79686 2235.48 2152.74
83439 3610.6 2526.33
96587 4626.22 2392.16
98219 3495.85 1188.11
98258 4664.3 1597.8
98425 2673.18 1574.12
98456 4932.79 1456.76
98789 3419.5 1404.62
98814 4711.92 1468.72
98832 4158.01 1404.47
98861 4999.13 1478.78
98897 3702.82 1488.18
98909 4543 1583.37
98987 4653.87 1551.13
99094 4932.79 1456.76
99098 3147.64 1525.45
99106 3392.73 1270.82
99179 4636.72 1412.15
99207 2867.53 1551.9
99275 4900.18 1493.45
99291 3689.89 1477.66
99323 3383.66 1322.95
99342 4794.89 1478.1
99379 4942.43 1567.41
99380 4942.43 1567.41
99401 4461.83 1362.23
99403 5067.2 1656.45
99429 4883.32 1379.47
99440 5077.54 1408.52
99464 3350.92 1440.81
99489 1483.63 1718.66
99525 3544.54 1449.74
99528 4798.22 1403.36
99535 3542.31 1437.66
99583 4736.55 1476.36
99602 4923.27 1617.31
99606 4708.82 1497.62
99607 4772.89 1645.67
99638 4776.65 1683.62
99668 3396.11 1282.98
99671 5042.17 1636.85
99673 3832.01 1503.47
99674 3832.01 1503.47
99679 4689.87 1539.55
99724 4500.3 1564.89
99727 4392.68 1467.61
99782 3688.43 1543.84
99800 3505.27 1236.08
99801 4407.34 1446.61
99804 5116.89 1703.46
99809 4806.83 1634.43
99813 935.993 1739.16
99827 4808.36 1460
99828 4988.68 1729.86
99834 4032.45 1563.01
99835 4733.05 1535.52
99871 4354.79 1441.54
99882 4584.5 1486.77
99894 4500.65 1673.8
99906 3562.72 1607.85
99911 4997.54 1648.78
99941 4447.74 1610.31
99943 5091.32 1398.62
99955 3776.56 1539.91
99972 4552.56 1416.21
99991 3447.54 1449.47
100008 3432.96 1172.52
100009 5101.6 1740.91
100010 5062.6 1704.22
100025 3524.73 1440.6
100044 5066.28 1629.71
100060 4713.43 1394.73
100062 5053.15 1407.48
100063 4989.44 1461.52
100064 3501.21 1251.88
100072 1984.33 1622.04
100090 3392.57 1375.93
100091 3657.61 1605.35
100107 4668.52 1555.5
100118 3689.89 1477.66
100121 4007.8 1572.57
100128 4230.87 1688.97
100130 3884.28 1512.84
100131 5031.85 1738.16
100133 3353.64 1599.27
100143 4659.84 1485.04
100150 3743.18 1367.89
100164 3424.24 1160.2
100165 3525.83 1327.74
100169 4621.35 1526.34
100190 3356.8 1385.83
100197 3388.57 1595.12
100206 3370.57 1386.17
100213 3646.67 1477.02
100214 5117.54 1661.78
100217 5136.84 1561.23
100222 4653.04 1700.03
100224 3680.78 1520.02
100236 3460.15 1409.04
100242 5077.54 1408.52
100245 3292 1545.7
100248 4307.42 1369.69
100249 4229.68 1423.47
100250 3424.27 1354.73
100254 4961.23 1554.04
100255 3443.93 1160.32
100257 3443.32 1375.54
100263 3710.34 1448.78
100264 3710.34 1448.78
100299 4956.07 1537.13
100300 4956.07 1537.13
100301 3686.88 1541.24
100302 3686.88 1541.24
100311 4273.63 1696.01
100319 4205.58 1422.34
100329 4702.12 1692.23
100330 3466 2082.68
100331 3044.34 1587.01
100333 4230.98 1612.9
100355 3401.87 1594.03
100357 5025.21 1723.35
100364 5001.54 1592.39
100365 5001.54 1592.39
100366 3417.03 1181.59
100384 4585.85 1433.28
100389 4990.93 1736.08
100402 4999.76 1528.22
100413 3981.41 1584.78
100414 3981.41 1584.78
100416 4789.05 1624.65
100421 3949.09 1583.22
100424 3314.44 1528.57
100427 4068.36 1559.44
100438 4394.06 1376.11
100446 2997.94 1381.01
100465 4151.69 1379.85
100469 4987.02 1410.84
100476 3299.65 1385.8
100485 4701.84 1401.73
100498 4738.05 1686.09
100512 4101.43 1442.7
100521 4989.81 1430.95
100526 3579.38 1458.59
100528 3191.04 1537.38
100533 4604.46 1491.07
100534 3718.02 1486.23
100550 3738.94 1544.5
100562 4149.89 1555.26
100570 3550.63 1362.76
100574 3412.5 1307.59
100577 3194.03 1480.37
100579 3711.63 1504.84
100587 2934.66 1600.71
100589 3161.99 1445.79
100614 3894.03 1358.57
100632 2497.87 1649.48
100651 5107.18 1661.81
100653 4812.19 1537.45
100654 1571.12 1673.54
100657 3154.36 1612.34
100658 3847.58 1491.77
100673 3554.31 1412.5
100684 3102.64 1639.63
100742 4711.72 1642.58
100746 1704.04 1657.9
100752 4881.73 1396.42
100770 4660.35 1403.95
100780 4110.42 1466.08
100784 2279.07 1451.73
100793 4700.93 1713.41
100794 4269.91 1369.34
100801 3722.49 1507.37
100806 4138.56 1365.05
100836 4847.39 1544.51
100883 5119.81 2379.9
100910 5109.26 1423.72
100924 5247.94 1557.19
100929 4612.25 1631.43
100932 5266.58 1390.38
100942 5306.37 1735.2
100944 4626.67 1493.36
100952 5316.92 1642.47
100976 5073.43 1363.32
100977 4483.68 1482
100984 3145.21 1495.22
100989 4216.22 1621.8
100991 4793.84 1674.89
100994 5358.98 1530.34
100996 4867.52 1598.71
101002 3475.33 1265.35
101008 5173.16 1633.91
101009 5173.16 1633.91
101017 4530.29 1416.85
101027 4914.63 1432.86
101039 4301.73 1935.11
101048 3326.13 1489.6
101068 5246.87 1593.19
101072 5340.21 1386.08
101078 1011.57 1784.08
101080 5279.57 1379.58
101081 5000.5 1375.13
101082 5000.5 1375.13
101089 5343.63 1340.15
101093 5200.1 1595.56
101100 4679.33 1495.57
101101 3869.74 1670.08
101104 3726.69 1343.74
101116 4902.52 1496.05
101122 4143.12 1545.84
101123 5057.05 1566.23
101130 5344.87 1487.28
101134 3568.81 1867.68
101140 3957.75 1478.64
101147 5328.97 1362.83
101157 5213.7 1466.07
101167 3235.29 1527.35
101169 4227.48 1673.69
101171 1982.18 1421.4
101178 4966.47 1474.96
101191 5067.2 1656.45
101201 3553.02 2100.97
101203 1494.35 1824.24
101208 4829.99 1580.31
101221 5177.23 1714.99
101224 3783.96 1349.38
101225 5119.18 1755.27
101228 1657.71 1619.71
101233 5265.75 1721.92
101236 1482.28 1658.12
101253 5252.48 1380.93
101260 5031.44 1567.51
101279 4653.04 1700.03
101289 4659.63 1664.73
101295 5182.74 1558.64
101299 1505.33 1803.66
101300 1505.33 1803.66
101340 5327.61 1391.48
101357 3280.48 1527.71
101361 5341.05 1368.63
101369 3283.23 1494.93
101372 1409.3 1627.24
101377 5286.82 1702.26
101380 5247.94 1577.01
101396 5175.23 1903.53
101409 4108.9 1687.78
101411 3568.74 1371.31
101415 3296.64 1593.72
101449 3301.24 1436.28
101457 5123.77 2040.79
101471 5230.98 1764.61
101507 3583.8 2103.38
101515 1493.85 1761.84
101520 1507.73 1932.59
101521 5208.5 1620.41
101528 5239.67 1691.65
101538 5269.71 1353.6
101541 5359.22 1645.04
101555 1402.87 1679.66
101557 3909.44 2272.08
101561 4520.99 1809.87
101564 3787.83 1468.74
101571 4245.09 1685.45
101572 5203.86 2224.3
101575 5197.85 1870.4
101576 1101.48 1763.46
101582 5207.15 1434.93
101584 3506.16 1452.79
101585 4897.26 1563.82
101586 5370.87 1365.35
101611 4786.33 1406.93
101629 3591.22 1459.14
101660 5219.41 1600.13
101661 1472.56 1744.25
101678 4960.67 2213.63
101679 5219.19 1514.22
101687 5212.32 1381.01
101690 5229.86 1553.71
101691 3536.6 1309.76
101696 2081.62 1645.31
101714 1433.04 1790.32
101715 5147.65 2028.45
101741 2077.61 2003.69
101766 3516.38 1651.04
101787 2031.47 1946.49
101793 988.496 1741.05
101824 1466.45 1620.9
101858 1711.62 1899.84
101873 3725.85 1317.01
101874 3725.85 1317.01
101880 1459.34 1797.71
101881 3710.55 1347.26
101890 5079.35 1745.38
101900 2249.1 1417.33
101907 4689 1566.37
101910 4376.84 2541.5
101912 4509.28 1487.24
101941 4241.98 1670.95
101942 4241.98 1670.95
101947 3892.06 1490.27
101958 4576.34 2077.19
101962 5150.11 1411.43
101998 5267.56 1451.05
102003 3395.42 1929.6
102008 4750.48 1679.64
102018 2406.77 2004.98
102030 5057.04 1458.14
102034 2290.07 2031.5
102035 4556.35 1474.35
102058 4737.74 1427.16
102059 5086.63 1689.65
102063 1757.63 1616.03
102065 3436.13 1772.2
102077 2772.18 1669.89
102078 4966.72 2004.53
102084 5261.93 1829.56
102086 4794.62 1660.58
102092 4402.1 1355.5
102095 3485.87 2312.68
102098 4328.34 2046.52
102113 2227.45 1410.43
102114 3981.18 1346.42
102116 5198.75 1910.57
102123 3955.66 1372.01
102127 4852.43 1875.48
102134 4478.48 1408.43
102136 5371.5 1609.41
102139 3507.21 1666.72
102142 1436 1591.88
102144 5143.44 1798.03
102157 5194.02 1643.53
102163 3525.57 1665.3
102168 4158.9 1978.95
102170 3484.77 1394.52
102176 4176.98 2177.18
102184 4818.27 1927.47
102186 4559.27 1798.18
102188 3381.94 1797
102193 2998.73 1590.88
102196 3584.93 2317.11
102198 2718.4 1681.74
102207 4757.67 1735.25
102210 4201.38 1441.12
102212 3638.49 2177.1
102214 3439.56 1463.52
102217 4977.94 2089.47
102229 2580.82 1683.06
102245 1471.4 1816.57
102253 4963.2 1589.01
102255 3505.47 2295.99
102256 3764.32 1756.44
102262 1820.16 1803.26
102270 4493.29 2077.69
102274 2416.62 1687.2
102275 3262.79 1774.56
102284 3220.68 1503.65
102286 3573.15 2246.83
102292 2221.69 1971.87
102300 3960.88 2300.96
102317 4116.28 1427.03
102321 5200.92 2272.27
102327 4213.13 2055.43
102333 1542.06 1848.87
102346 3783.87 2088.45
102349 3578.69 1524.8
102350 4586.57 1458.85
102351 4586.57 1458.85
102352 3047.73 1415.07
102353 3047.73 1415.07
102355 5097.35 2343.85
102362 1105.18 1803.43
102369 3534.65 2297.66
102382 3930.78 1657.97
102386 5270.33 1658.66
102396 3666.49 1856.3
102397 1620.3 1772.18
102405 3302.02 1832.72
102406 3008.87 1600.79
102411 3383 2092.75
102415 4992.87 2275.12
102416 3292.28 1866.4
102421 3371.11 1693.72
102425 1493.85 1913.16
102433 2160.94 1439.79
102440 4863.11 1995.62
102442 3701.32 1814.9
102472 5212.1 1572.62
102473 2878.73 1682.65
102478 1428.6 1636.02
102487 4411.37 2112.36
102491 2900.78 1690.97
102495 2193.14 2006.35
102496 4581.73 2028.24
102500 3382.88 2257.67
102507 2781.29 1381.4
102513 1579.8 2077.26
102519 3449.63 2078.16
102521 3980.19 1948.36
102522 3980.19 1948.36
102531 1495.69 1941.81
102535 4792.59 1836.55
102543 3660.82 2134.65
102546 5096.78 1755.59
102553 3263.66 1671.92
102557 5187.17 2183.5
102560 5435.7 2265.72
102561 5378.28 1846.73
102566 4774.51 1430.86
102570 5192.33 1876.38
102571 4343.47 1880.19
102577 4126.88 1624.58
102578 5412.49 2638.93
102595 5391.84 1327.14
102596 3955.29 1760.8
102601 4781.19 1855.25
102602 2882.79 1611.58
102603 5414.48 2144.43
102605 2720.65 1669.12
102614 3617.73 2138.64
102620 3576.67 2322.78
102623 4151.03 1655.43
102624 4990.26 1437.85
102638 3616.22 2091.25
102641 3801.61 1590.59
102643 2505.33 1689.21
102644 5450.13 2023.19
102651 5471.73 2700.54
102654 5129.7 2315.97
102655 3199.52 1466.45
102657 1970.04 1568.44
102659 2114.74 1673.98
102660 1322.12 1815.88
102662 2799.56 1667.26
102663 5472.84 2629.78
102672 2567.65 2201.89
102674 2996.78 1425.68
102683 3599.69 1835.12
102684 3748.05 1857.2
102690 4710.04 1586.99
102697 5061.89 1752.93
102698 3190 1707.83
102701 3609.11 2041.12
102703 2039.53 1469.73
102708 3699.39 2288.72
102713 5453.51 2581.95
102724 4953.55 1775.79
102725 4953.55 1775.79
102727 3540.01 1229.85
102728 5148.77 1999.23
102734 4366.01 1611.14
102735 4279.81 1385.68
102740 2242.01 1676.53
102745 4547.69 1353.67
102747 4666.57 2209.22
102750 5068.42 2334.66
102754 5443.42 2505.08
102757 4621.51 1472.82
102761 3668.55 1613.49
102764 4446.43 2119.69
102767 3288.41 1343.26
102775 1562.05 2002.51
102776 2439.93 1428.11
102778 5225.3 1934.67
102782 3392.51 1375.98
102785 5195.83 2300.18
102789 5261.13 1799.02
102790 4978.46 2238.05
102792 2508.92 1882.46
102793 5097.82 1969.53
102800 5330.77 2294.14
102811 3766.72 1336.37
102813 5402.44 1689.35
102820 4017.48 1353.59
102835 5356.86 2410.48
102840 4624.66 1963.25
102841 5438.32 2407.37
102845 4886.71 1711.07
102846 4346.44 1489.71
102848 3481.88 1431.32
102849 1566.57 2078.48
102852 5224.23 1585.94
102859 4552.68 1939.79
102861 3130.02 1833.44
102866 1811.92 1785.96
102868 1841.56 1900.77
102873 2998.73 1590.88
102874 2622.13 1678.99
102875 1231.3 1763.77
102876 1231.3 1763.77
102877 4015.68 2292.91
102878 4554.05 1908.99
102883 1912.83 1934.34
102887 4773.59 1453.03
102891 4719.36 2222.58
102892 5109.26 1423.72
102893 4140.95 1819.52
102894 4140.95 1819.52
102896 5433.71 1464.57
102898 5451.98 1669.8
102902 2857.74 1816.38
102903 2923.41 1443.81
102905 3122.04 1984.72
102906 3652.22 1450.62
102907 4335.61 1610.83
102908 5453.6 2609.85
102912 3374.8 1819.61
102914 3553.04 1651.95
102917 4691.37 1817.85
102919 2515.97 1976.23
102926 4125.37 2088.71
102934 1709.85 1703.58
102939 3080.66 1534.4
102942 1428.87 1581.25
102943 5087.95 1991.35
102944 3174.56 2134.06
102946 4220.12 1379.12
102948 3373.04 2377.89
102949 5440.77 2600.63
102950 5382.56 2215.03
102951 4004.15 1487.66
102967 5439.14 2361.24
102968 3342.27 2294.75
102973 2170.69 2001.64
102977 4771.6 1536.99
102978 4771.6 1536.99
102979 5385.87 2368.14
102990 5179.67 1778.49
102994 2792.09 2001.23
103000 4815.01 1523.96
103002 3373.66 1904.26
103003 2554.42 1640.89
103004 2554.42 1640.89
103006 5423.39 1565.69
103007 5447.91 2277.31
103012 4293.35 1984.07
103014 1487.37 1858.37
103018 5430.23 2462.22
103023 3428.17 1235.66
103024 3605.19 2076.64
103028 4796.41 1956.47
103031 4750.61 1923.21
103036 5192.68 2388.13
103039 4667.54 2329.98
103042 3395.26 2152.14
103044 3395.26 2152.14
103046 3395.73 2110.19
103047 3147.12 1418.79
103048 4070.49 2232.35
103052 4515.96 2093.77
103054 4178.04 1786.33
103066 4711 1972.17
103067 4971.87 1801.66
103070 3639.2 2159.9
103073 4784.83 1964.58
103077 5433.84 2735.27
103078 1603.3 1609.27
103084 5373.41 1638.62
103085 4218.15 1721.98
103089 3051.13 2152.04
103090 2646.04 1384.87
103092 4562.36 1541.04
103095 4772.95 2332.06
103100 5464.74 1753.94
103101 5464.74 1753.94
103104 1902.36 1816.37
103108 4572.48 1926.39
103111 3452.53 1401.34
103112 1907.72 1428.17
103113 4767.73 1899.43
103114 2510.44 1388.27
103119 4842.42 1399.38
103120 1291.28 1885.03
103122 3640.47 2013.52
103133 3372.99 1748.11
103134 5447.64 1578.12
103138 3796.46 1440.75
103139 1641.6 1775.23
103142 4950.01 2384.29
103143 3460.08 1384.31
103147 4413.31 2148.72
103154 1444.49 1639.59
103157 5391.24 1918.5
103159 5445.96 2386.29
103162 3791.08 1775.42
103170 3694.05 1337.05
103171 1590.76 1855.61
103172 4777.3 2378.42
103175 3108.11 1583.38
103176 3576.11 1934.49
103177 4121 2257.9
103180 1584.51 2149.25
103184 5308.47 1480.54
103189 3172.44 1892.74
103193 5393.19 2020.78
103194 3661.08 2282.84
103198 2876.4 1865.69
103199 5346.49 1978.34
103201 3826.56 1670.04
103204 5462.34 1852.65
103205 5326.5 2517.56
103206 4368.78 2232.73
103210 4704.83 2151.38
103212 2451.72 1480.92
103213 3183.35 1963.28
103214 3451.54 1932.55
103219 5176.33 2244.95
103228 4757.93 1755.88
103229 5375.37 2503.61
103230 5375.37 2503.61
103231 5092.16 1915.14
103234 5119.32 2205.72
103235 5395.71 1529.29
103239 4724.16 1979.7
103240 4921.53 1880.86
103242 3599.04 1390.7
103250 4576.93 2261.22
103251 3656.44 1304.2
103260 4703.07 2334.99
103262 3473.17 1758.83
103265 4235.46 2035.75
103269 4158 1987.4
103271 4700.71 1938.43
103273 4787.11 1775.04
103275 2347.86 1555.07
103276 4841.55 1896.68
103277 4737.66 1371.53
103279 4669.42 2030.56
103280 5430.23 1573.64
103282 3383.27 2235.53
103283 5374.57 1562.18
103284 5464.01 1673.69
103285 4523.11 2310.09
103286 3929.47 2044.36
103287 3929.47 2044.36
103294 1475.1 1668.64
103295 4760.27 2193.35
103296 1820.48 1776.34
103297 4531 2051.94
103298 4856.56 1763.83
103300 5438.53 1388.01
103301 5190.28 2447.28
103302 3076.37 1852.83
103303 3076.37 1852.83
103304 4867.84 2066.25
103305 4482.44 1715.96
103309 5099.76 2055.04
103311 4321.74 2237.36
103312 4239.86 2220.31
103315 4674.47 1770.23
103318 5106.49 2320.11
103319 2127.37 1421.93
103320 5210.23 1984.58
103323 5384.58 1378.89
103325 5408.15 2482.6
103328 2894.71 1699.61
103330 1430.11 1659.33
103333 3487.31 1491.38
103335 4865.19 2326.45
103336 4865.19 2326.45
103337 4275.38 1966.93
103339 5137.84 2386.25
103340 3506.79 2314.2
103342 4705.32 2367.35
103343 4730.78 2302.02
103344 3965.11 1881.79
103345 2194.66 1417.89
103347 3435.09 1484.55
103348 3292.94 2351.39
103351 2334.81 2058.52
103352 5072.54 1800.65
103353 2980.38 1402.9
103354 3580.06 1484.31
103362 897.589 1767.83
103367 3292.14 1939.24
103370 3475.36 1901.96
103373 3883.41 2142.18
103375 5221.73 2287.02
103377 5442.7 2530.85
103379 5425.98 2550.28
103380 4946.49 2206.91
103383 3371.83 2017.11
103394 4734.5 1596.93
103401 4060.84 1396.26
103404 1549.86 1894.05
103406 1615.67 1876.96
103408 5442.24 2876.22
103409 1962.44 1813.46
103412 3764.62 1283.63
103418 1420.3 1575.18
103420 2203.54 1419.47
103427 4664.32 1905.02
103428 4664.32 1905.02
103436 3619.58 1543.93
103437 2366.16 1711.71
103439 1927.73 1623.42
103441 3681.95 1998.87
103442 4446.94 1877.1
103444 3558.5 1924.31
103449 4304.65 1496.49
103450 2903.54 1647.66
103454 4840.92 2062.29
103456 1014.36 1800.29
103460 1513.16 1789.85
103463 4239.19 1378.77
103464 3431.1 1458.81
103465 2604.83 1709.19
103470 4332.18 1324.56
103471 1072.98 1772.68
103474 1506.63 1659.5
103477 4633.97 1648.36
103480 1760.88 1663.42
103484 1325.15 1893.88
103485 3178.59 2010.86
103489 4660.35 1403.95
103492 1892.67 1585.35
103494 3633.09 1827.27
103499 5390.93 1732.75
103501 2057.28 1640.21
103502 2325.85 1451.5
103507 3142.63 1729.12
103511 3673.43 2262.08
103517 3654.96 1504.75
103518 3421.93 1599.81
103519 5395.61 2958.15
103520 2726.67 1697.73
103522 4981.3 1345.86
103523 1977.97 2000.73
103524 2369.76 2131.73
103526 4086.94 2284.37
103527 1957.79 1693.93
103528 1957.79 1693.93
103530 4922.14 1363.34
103534 4761.35 2344.35
103535 3678.5 1834.21
103537 3852.05 1440.73
103538 2023.19 1587.91
103540 2746.92 1905.65
103543 5414.15 1760.31
103544 3873.44 1984.58
103545 3656.02 1889
103548 3418.14 1534.06
103549 4760.97 2295.18
103550 2261.94 1926.87
103551 2261.94 1926.87
103553 4450.58 2402.7
103554 4656.11 2114.75
103555 5287.27 1756.22
103556 3904.54 2204.56
103560 4402.63 2043.26
103561 4402.63 2043.26
103563 2739.21 1606.61
103566 3873.56 2257.59
103567 3873.56 2257.59
103569 3776.64 1703.29
103572 1580.26 1945.12
103573 5375.08 1424.37
103575 3118.41 2102.87
103576 3391.19 1664.67
103582 1460 1939.1
103589 4637.91 1904.25
103591 4248.08 1987.07
103593 2028.86 1814.84
103598 5427.75 1613.64
103599 4514.5 1777.41
103601 1295.39 1655.77
103605 5411.4 1846.07
103607 2144.72 1769.21
103608 4872.24 1581.47
103609 4872.24 1581.47
103610 4606.64 2429.35
103614 2224.82 1988.32
103616 2771.62 1847.04
103618 5263.15 1533.86
103619 5414.54 1817.05
103622 4303.12 1572.74
103623 4138.1 2319.45
103625 3971.96 2366.59
103628 4551.01 1842.39
103629 4551.01 1842.39
103630 5328.61 1339.32
103634 4600.03 2383.4
103636 4389.23 2280.28
103644 4664.3 1597.8
103645 3925.78 1563.36
103649 2759.07 2211.16
103650 1973.31 1460.06
103651 3569.96 2298.93
103652 1330.7 1771.12
103653 2897.76 1391.75
103656 2795.84 1381.83
103658 4045.15 1700.02
103664 1880.57 1665.8
103665 3411.63 2248.02
103670 5045.36 2055.56
103672 2104.82 1674.54
103674 5313.24 2170.63
103675 4981.98 1832.28
103678 2433.35 1594.44
103680 3366.53 1461.91
103681 4915.99 2453.46
103684 1092.7 1778.61
103686 4422.84 1819.88
103687 4157.65 2354.05
103690 2483.1 1439.2
103691 4012.25 2241.51
103693 4787.24 1694.51
103694 5387.6 1934.01
103696 5192.28 2328.21
103697 4720.22 2293.6
103699 3112.05 2039.14
103701 3725.07 1945.27
103705 1091.13 1799.9
103709 2863.37 1408.36
103710 4120.02 2136.17
103712 1557.43 1922.14
103713 2879.12 1711.01
103714 3553.99 1620.2
103716 2294.51 1606.08
103720 4907.91 2329.58
103721 4239.09 1423.38
103727 1856.21 1938.12
103729 2242.63 1620.39
103734 5149.39 1489.35
103735 4769.44 1482.14
103738 3049.21 1431.66
103742 4805.76 1769.19
103743 4377.43 1894.56
103745 1421.38 1710.88
103749 4444.19 2172.05
103750 5103.18 2222.3
103751 4841.46 1963.73
103753 4553.23 1876.61
103755 3602.39 1283.72
103757 5387.31 1899.83
103759 5195.6 1434.84
103761 4620.12 2408.06
103762 4697.25 1370.03
103766 4883.52 1858.5
103767 5188.75 2079.59
103768 5097.82 1969.53
103771 4538.32 1620.52
103774 4626.41 2351.41
103775 5200.85 1575.14
103777 5264.33 2473.11
103780 3574.28 1212.19
103785 4377.22 1987.85
103792 4015.68 2292.91
103801 2091.36 1988.8
103804 5125.61 2334.71
103806 4495.33 2271.14
103808 3516.73 1207.62
103810 5329.48 1514.71
103813 2219.66 2046.95
103815 5387.91 1545.52
103822 4715.01 1539.76
103823 4258.98 1355.18
103825 3419.47 2391.35
103827 5035.2 2415.22
103828 5041.46 1968.49
103834 4907.63 2437.6
103835 4429.2 2193.77
103836 3465.53 2197.47
103846 3228.48 1417.7
103848 1402.94 1504.69
103850 5374.99 1700.09
103851 5065.12 2358.61
103853 5327.4 1552.47
103854 4095.53 1369.03
103856 4419.65 2318.47
103858 1245.62 1519.18
103859 5243.79 2090.7
103861 5221.13 2514.8
103862 3504.99 1290.05
103863 2377.54 1610.13
103865 1411.76 1654.63
103867 1129.51 1738.72
103868 5118.22 2220.37
103869 5118.22 2220.37
103876 3008.45 1360.04
103877 2279.34 2111.53
103879 4707.27 2393.67
103881 1768.94 1625.29
103883 3138.93 1650.62
103885 1742.6 2193.15
103886 3642.7 1696.47
103887 3610.92 1157.32
103888 4114.77 2334.01
103889 5455.42 2549.96
103890 5455.42 2549.96
103891 3382.15 2175.07
103892 5275.79 2496.97
103896 4554.7 1671.6
103897 4554.7 1671.6
103898 5442.65 1375.15
103900 4404.17 1666.54
103906 3200.87 1704.37
103907 4448.17 1346.32
103910 5238.4 2197.18
103916 5056.16 1907.53
103917 1384.53 1622.71
103918 4122.31 1840.18
103919 4906.86 2309.09
103926 4774.91 2003.75
103928 2751.31 1817.56
103937 3960.88 2300.96
103939 4927.73 2086.69
103940 3424.81 1961.7
103947 4810.41 2230.72
103949 4789.98 2409.85
103950 3415.19 2270.3
103953 3775.73 1767.19
103954 3775.73 1767.19
103960 3862.01 2277.97
103962 4750.61 1923.21
103965 4275.9 1430.69
103967 3382.41 1780.03
103968 1736.95 2051.95
103972 1413.23 1609.89
103973 5327.96 2158.36
103978 3375.19 2207.03
103981 4492.91 1885.9
103988 3397.56 1627.48
103989 3397.56 1627.48
103991 1814.56 1945.01
103996 4096.71 1382.4
103997 5351.95 2544.55
103998 4349.61 1453.84
104000 4872.73 2390.89
104001 4072.03 1440.73
104002 5065.22 1995.03
104004 2168.07 1750.55
104005 4485.43 2060.34
104007 1337.83 1835.26
104014 4674.96 1420.49
104015 1796.05 2246.47
104024 5384.21 1729.1
104028 4208.75 1515.12
104034 3530.56 1746.98
104035 4010.34 2190.75
104040 3401.87 1594.03
104042 5203.96 1756.4
104045 4663.81 1841.27
104046 4663.03 1841.27
104047 4826.75 1853.95
104048 3587.54 1795.3
104051 1614.17 1823.66
104054 2381.76 2006.76
104055 2251.49 1693.52
104056 4727.27 2100.81
104059 3460.01 2319.55
104064 1023.09 1798.37
104070 922.191 1882.15
104073 3521.2 2576.15
104076 4447.34 2253.22
104081 1850.99 2254.72
104083 2183.74 2021.16
104086 3395.16 1801.23
104089 2551.96 1977.39
104094 2792.34 1758.62
104098 1309.03 1825.86
104099 5164.89 2275.4
104101 1212.95 1518.82
104102 3761.86 1902.52
104103 3761.86 1902.52
104105 4943.13 2051.93
104107 3896.79 2261.03
104108 5417.43 1354.09
104109 1587.53 2135.6
104110 1587.53 2135.6
104114 3427.61 1509.88
104117 3261.3 2316.5
104118 4105.71 1389.96
104120 4496.29 2143.45
104121 3173.68 1465.09
104124 1684.79 1762.88
104125 1728.8 2262.4
104128 3372.63 1670.11
104129 4594.29 1895.09
104130 3256.14 1610.5
104132 1740.2 2280.79
104135 3443.41 2168.52
104136 3443.41 2168.52
104137 4021.58 1719.26
104142 1712.16 1967.52
104145 4408.88 2068.39
104146 3737.73 1932.04
104149 2810.99 1385.92
104152 3665.87 2331.65
104156 5279.51 1459.56
104158 5434.9 2621.38
104162 5007.31 1861.71
104163 3187.53 1917.52
104167 1320.81 1601
104173 4275.38 1966.93
104175 5095.77 1453.35
104176 5095.77 1453.35
104182 3826.04 2133.43
104183 3826.04 2133.43
104184 4904.02 1899.49
104190 4810.58 1960.04
104192 5387.6 2342.93
104195 5266.43 2454.46
104196 5166.55 2038.97
104197 5443.18 1793.02
104199 4811.97 2365.95
104200 4811.97 2365.95
104206 3462.05 1337.36
104208 1054.62 1761.86
104209 1054.62 1761.86
104211 2351.88 1866.83
104212 3761.99 1802.94
104215 4912.78 2107.22
104216 3663.12 2190.93
104219 5086.06 2210.73
104220 2156.55 1700.47
104221 4597.6 2174.51
104226 5222.35 2489.83
104229 4236.09 2373.67
104230 2306.35 2071.1
104234 4398.44 2061.44
104240 3464.86 1940.97
104244 3063.49 1649.05
104245 3174.96 2248.88
104246 3303.62 1605.94
104247 3093.22 2004.63
104248 1543.71 1805.72
104251 4662.15 1729.12
104253 4534.68 2016.09
104256 4247.8 2332
104257 4247.8 2332
104258 3064.32 2050.26
104264 1349.88 1938.09
104266 4760.27 2193.35
104271 4973.37 2274.01
104274 3662.81 1445.98
104275 5170.33 2332.86
104282 5090.07 2394.03
104283 3110.26 2222.12
104285 4268.56 2140
104286 4268.56 2140
104287 3948.18 1879.88
104289 5092.16 1915.14
104291 3633.23 1347.56
104298 4138.67 2259.16
104299 1375.44 1986.19
104302 4750.45 2017.83
104303 3772.62 2294.22
104305 1192.2 1751.98
104306 3060.14 2132.43
104307 3428.39 2348.5
104311 2210.59 2131.75
104315 5200.64 1846.25
104316 4827.06 2054.17
104317 3889.38 2305.61
104319 2006.84 1986.54
104320 2006.84 1986.54
104324 4641.53 2323.04
104325 4641.53 2323.04
104328 3394.79 1960.49
104330 4353.52 2235.51
104334 4674.73 2301.84
104336 1833.67 2249.73
104339 3677.9 1304.67
104340 4067.83 2116.91
104341 4067.83 2116.91
104342 3639.16 2279.94
104346 5160.75 1787.47
104347 5207.33 2172.55
104348 4319.45 2278.38
104349 4943.68 2458.31
104353 3746.41 1737.24
104357 1800.34 1793.53
104358 1551.99 2068.88
104361 4705.58 1731.92
104364 5414.98 2678.99
104365 4224.92 2212.77
104366 5166.12 2427.79
104368 3251.62 2057.28
104369 4823.63 2258.11
104370 1316.26 1747.21
104375 2918.62 1393.89
104376 5092.96 1730.31
104377 5134.48 2078.86
104380 5221.16 2320.02
104383 3703.16 2037.97
104386 4666.36 1913.14
104390 1343.64 1926.67
104391 1343.64 1926.67
104393 4773.25 1959.41
104394 4390.1 2307.37
104403 3257.38 1597.71
104407 3105.84 2172.96
104410 5051.08 2411.8
104411 1339.01 1940.72
104413 3396.06 2334.63
104416 1435.2 1782.06
104417 3638.26 2119.96
104418 3638.26 2119.96
104420 4615.89 2086.58
104422 3472.99 2344.5
104423 3472.99 2344.5
104426 1055.55 1799.86
104429 4971.63 2446.23
104430 1664.65 1732.95
104433 5332.81 2367.8
104435 5027.02 2110.64
104437 5040.28 2152.05
104439 2446.99 1878.63
104440 3186.3 1686.03
104442 3746.64 2317.48
104448 1817.75 1616.12
104449 5437.52 2646.45
104450 5417.69 2208.3
104451 4103.55 1539.53
104452 3592.08 2045.4
104454 3820.78 2256.18
104463 1510.15 2017.34
104467 1536.66 1954.61
104469 1707.01 1760.71
104471 5432.17 2102.59
104472 5424.74 2644.2
104473 5424.74 2644.2
104474 4398.39 2244.38
104476 2690.42 1791.33
104477 3639.73 2215.89
104479 3252.4 2326.05
104480 4106.53 2270.29
104482 5219.19 1514.22
104483 4917.15 2189.43
104484 3639.56 1883.56
104485 3263.24 1692.96
104487 5201.11 1951.33
104488 1701.23 1949.22
104489 1592.66 1707.63
104491 1484.98 1675.36
104495 3569.58 1294.69
104496 2183.01 2001.2
104497 3596.81 1923.12
104499 2793.95 1827.49
104500 3964.3 1691.23
104501 5229.54 2177.26
104504 3848.44 2253.15
104505 3054.32 2026.48
104506 1624.85 1845.84
104508 2240.6 2130.38
104509 5212.77 2475.81
104510 3450.89 1952.24
104511 2937.48 1771.65
104512 1827.99 2268.17
104516 2871.06 1852.29
104520 5059.02 2136.34
104521 4383.42 2391.37
104523 5140.78 1785.01
104524 5140.78 1785.01
104525 3947.28 2302.8
104531 1400.77 1660.09
104533 3115.1 2165.68
104536 1222.76 1842.33
104537 4948.7 1826.24
104538 4948.7 1826.24
104539 5368.33 2949.16
104540 5423.68 2585.09
104543 4751.73 1664.74
104544 3325.24 2378.89
104547 4602.5 1617.25
104548 2442.66 1473.05
104549 5082.67 2472.48
104550 2749.76 1761.43
104551 3572.57 2359.46
104552 4178.07 1720.17
104553 3484.83 1199.74
104554 4200.91 1951.82
104556 3473.5 2440.86
104557 3545.44 2127.5
104558 3545.44 2127.5
104561 3901.21 1974.6
104562 2417.62 1654.57
104564 1816.14 1925.97
104565 4995.59 1927.73
104566 4321.48 2392
104567 3549.91 2089.72
104568 3332.36 2446.15
104569 3683.74 1999.03
104570 3952.4 1822.04
104571 4973.01 1863.99
104573 4844.48 2042.75
104574 1721.29 1957.15
104575 4383.6 2185.91
104576 4433.75 2119.32
104577 5099.41 1894.27
104582 4524.1 1922.67
104583 4758.6 1617.46
104585 4407.47 2165.52
104586 2760.73 1474.91
104587 4965.44 1379.08
104589 4861.42 1676.79
104592 3090.73 1962.16
104593 3456.49 1637.92
104599 2259.49 1663.63
104603 5405.61 2759.68
104604 2077.12 1974.45
104605 3090.13 1655.65
104606 3614.34 2320.08
104607 4572.87 1728.24
104608 1004.94 1880.49
104609 4817.95 2082.89
104611 2472.57 1846.61
104612 3809.45 1446.87
104617 1281.86 1728.69
104618 3708.1 1225.61
104619 4371.21 2026.97
104620 2603.21 1995.41
104621 3637.21 2372.72
104622 1768.05 2237.65
104623 3576.67 2322.78
104624 3620.29 1909.71
104625 5309.17 2908.95
104626 4544.39 1370.74
104627 4544.39 1370.74
104629 3011.75 1737.42
104630 2948.12 1801.6
104631 5279.06 2589.92
104632 5279.06 2589.92
104633 3629.3 2293.82
104634 1449.59 2016.85
104635 4077.05 1949.95
104638 4535.78 1554.82
104639 4970.76 1810.37
104640 4970.76 1810.37
104641 3832.04 2520.85
104642 4379.25 1549.99
104643 4378.7 1550.08
104645 3611.36 2361.29
104646 3664.25 2254.66
104647 1966.09 1597.84
104649 3403.36 1573.67
104650 3403.31 1573.69
104651 3927.3 1644.88
104653 2809.26 1845.79
104655 4766.35 2091.27
104657 5362.58 2698.81
104663 4323.31 2112.43
104664 4323.31 2112.43
104665 5471.56 2039.28
104667 3155.95 2244.7
104668 3653.35 2002.23
104669 4917.68 2624.5
104671 3525.49 1475.96
104672 3730.83 2501.35
104674 4398.65 1464.71
104675 1368.7 1850.8
104676 5379.98 2696.35
104677 4851.59 1425.21
104678 4852.57 1425.03
104679 5460 2177.78
104680 2216.33 1779.61
104681 3776.8 1703.27
104683 3389.22 1902.3
104684 4394.64 2366.98
104685 4072.9 1365.2
104686 3175.01 2058.98
104687 4878.51 1629.61
104688 3604.65 2297.66
104690 3599.24 2468.29
104691 1554.31 1945.97
104692 2612.99 1623.82
104694 5242.96 2526.41
104697 1415.2 1683.89
104698 4872.98 2027.99
104699 2677.49 1627.33
104700 3854.56 1543.12
104701 4673.17 2332.16
104706 2760.66 1658.41
104708 4356.46 2197.12
104709 4523.63 2474.82
104710 1777.37 2215.83
104711 4166.32 2544.75
104714 3498.65 2129.21
104715 4581.16 2290.67
104717 3199.71 1979.74
104719 3487.59 2428.75
104720 4835.68 2511.07
104721 4608.15 1821.1
104722 5009.45 2066.41
104723 2434.05 1950.78
104724 3962.16 1792.97
104726 2683.07 2202.85
104727 2311.22 1584.74
104728 1301.06 1682.62
104729 5358.22 2699.66
104730 5026.94 1952.93
104731 1307.29 1792.43
104732 5343.73 2040
104733 4981.98 1832.28
104735 5461.21 2494.25
104736 2394.68 2152.04
104737 3587.54 1720.65
104740 3395.42 1929.6
104741 2710.89 2174.32
104742 4797.34 1359.58
104744 3174.65 1851.1
104745 2794.73 1566.58
104746 3641.59 1525.21
104748 4434.84 2465.81
104750 4653.61 1939.1
104751 4688.9 2194.6
104752 4688.9 2194.6
104755 2473.85 1817.12
104756 2473.85 1817.12
104757 3746.25 1319.59
104758 4109.55 1394.16
104759 2153.14 1628.95
104761 2296.14 1623.33
104762 2751.36 2180.06
104764 3460.69 2132.33
104765 2992.45 1741.47
104766 4717.74 1994.9
104767 4884.91 2605.51
104768 4884.91 2605.51
104769 5099.27 2418.5
104770 1468.17 2040.98
104771 1468.17 2040.98
104772 3607.7 1180.32
104773 2929.74 2201.54
104774 2639.77 2234.64
104775 4372.14 2529.05
104776 4472.57 2475.66
104777 2813.7 1581.51
104778 2521.46 1738.42
104783 5073.37 2046.75
104784 5283.08 1356.14
104785 3880.48 2235.31
104787 4370.26 2148.07
104788 2074.75 2111.12
104789 4291.07 1732.42
104790 3804.02 1553.69
104792 5358.09 1841.14
104793 5358.09 1841.14
104794 4794.74 1674.82
104795 3730.41 1553.76
104796 3977.12 1364.59
104797 3784.05 2088.49
104799 2340.52 1452.78
104800 3447.54 1449.47
104801 5451.93 2204.78
104802 5436.53 2577.03
104803 5018.91 2035.42
104804 3381.01 1705.62
104805 4554.05 1908.99
104806 5185.87 2490.47
104807 1154.05 1836.54
104808 3530.34 2327.72
104809 4999.59 2621.22
104810 3600.33 1614.75
104811 4656.37 2062.51
104812 1199.64 1771.75
104813 2387.4 1994.02
104814 3182.67 1779.09
104816 2940.3 1868.48
104817 5267.57 2438.35
104818 5105.84 1835.25
104819 5261.34 2518.62
104821 3698.32 1449.43
104822 4319.29 2506.83
104823 1557.89 2124.82
104824 3919.97 2258.03
104828 5048.42 2397.09
104830 3147.62 1541.14
104831 1796.97 2231.3
104832 4984.06 2398.64
104833 2286.14 1867.9
104834 2286.14 1867.9
104836 1520.44 1946.03
104837 1814.32 1603.9
104838 4167.39 2521.06
104839 4167.39 2521.06
104840 2232.88 1645.32
104842 2368.63 2140.71
104843 2368.63 2140.71
104844 3562.87 1523.51
104845 5041.46 1968.49
104846 2642.89 1860.28
104848 3585.2 1185.42
104850 3339.22 1628.61
104851 4475.21 2248.91
104852 2945.46 1608.75
104853 2993.85 2064.66
104855 1788.58 2256.72
104856 5462.7 2487.96
104860 3840.65 2333.67
104861 2363.6 1857.65
104862 5042.62 1401.8
104863 1879.64 1706.2
104865 2681.91 1601.33
104867 2268.39 2155.66
104868 4752.24 1569.03
104869 2166 1467.21
104870 2166 1467.21
104871 2725.65 1570.69
104872 2361.65 1454.46
104873 4204.47 2486.91
104875 4247.33 2069.21
104876 5323.35 2085.23
104878 4884.48 2096.61
104879 3568 1169.79
104881 2492.7 1598.59
104882 2923.68 1782.13
104886 2168.07 1750.55
104887 4476.25 2447.73
104888 4475.59 2447.5
104889 1524.08 1871.44
104890 3253.54 1992.22
104891 2728.4 1723.87
104893 3381.35 2007.01
104895 3723.39 1620.17
104896 3723.39 1620.17
104897 5198.61 2505.14
104899 3579.43 1508.24
104900 3107.86 2083.86
104901 5311.07 2590.64
104902 5434.31 2687.98
104903 1646.89 1413.29
104904 4395.41 2554.67
104905 4744.77 1890.62
104907 5387.91 1545.52
104908 4263.59 1599.7
104909 3611.92 1764.38
104911 3557.55 1189.61
104912 1825.4 1625.6
104914 4717.4 2163.37
104915 5450.6 1997.58
104916 4354.69 1878.19
104917 3419.63 1678.03
104918 5058.92 1860.15
104919 4265.93 1819.07
104920 4539.25 2482.13
104921 5391.56 1298.11
104923 4879.21 2644.54
104924 2728.03 1798.82
104927 3077.09 2294.65
104928 3414.97 2219.03
104929 1892.73 1618.49
104931 4817.5 2332.72
104932 3504.84 2572.24
104937 3015.42 1847.14
104938 2738.84 1827.17
104940 3133.44 1787.14
104942 3619.03 1309.17
104943 932.903 1802.08
104944 3342.06 1846.23
104945 3857.13 2294.59
104947 1387.5 1706.57
104948 5367.07 1389.09
104949 3244.94 1439.95
104950 1636.3 2132.51
104951 3376.08 2131.36
104953 2247.6 1572.34
104955 1151.55 1871.46
104958 5013.28 2659.88
104959 4874.06 1454.19
104960 4716.77 2274.68
104962 3452.79 2182.14
104963 2511.68 1755.78
104964 4166.51 1699.37
104965 4726.87 2120.26
104966 1855.48 1606.9
104967 3303.43 1622.23
104968 3187.92 1996.95
104969 2856.59 1877.98
104970 3418.58 2033.18
104971 3382.57 1862.69
104972 2992.99 1867.17
104974 5122.42 2644.03
104976 5175.1 1919.89
104977 4544.85 2274.76
104978 2272.04 1633.96
104979 2386.87 1399.3
104981 3756.68 1444.46
104983 3883.64 2142.24
104984 5232.42 1869.18
104985 3490.32 2090.53
104987 4903.53 1495.89
104988 4679.33 1495.57
104989 5403.36 1544.44
104990 5403.36 1544.44
104991 1058.57 1827.63
104992 4735.58 1960.3
104994 3380.17 2281.61
104996 5035.11 2537.95
104997 5033.94 2537.61
104998 3200.89 1704.36
104999 5055.01 1590.3
105000 3638.06 1306.77
105001 5377.8 2482.37
105003 4473.06 1964.99
105005 1952.77 1395.27
105009 4288.81 1749.46
105010 1696.58 1449.76
105012 3215.22 1515.72
105013 1482.51 1481.5
105015 3432.89 2098.26
105017 3130.08 2361.46
105018 2710.78 1801.74
105019 3800.1 1365.53
105021 5143.49 2495.76
105022 3195.1 2197.53
105023 5205.91 2527.78
105024 2463.82 1610.28
105025 3422.91 1564.46
105027 3638.46 2296.24
105028 1661.01 1819.41
105029 4406.55 2379.95
105030 3434.21 1529.33
105031 4972.74 2126.83
105032 1034.19 1845.61
105033 1487.37 1858.37
105034 3971.44 2256.17
105035 4660.31 2249.38
105038 2705.69 2203.02
105039 3407.46 1774.55
105040 2970.46 1881.1
105041 4612.64 2161.52
105042 4492.91 1885.9
105043 4493.54 1885.92
105044 4183.22 2336.34
105045 3719.69 2322.47
105050 3650.78 1149.79
105052 1820.07 1803.26
105054 3824.31 1334.34
105057 3480.01 1887.77
105059 5079.41 2348.48
105060 1982.08 1824.48
105061 2647.59 1729.39
105066 2708.32 1858.12
105067 5176.73 1873.48
105068 3258.63 1845.76
105069 1245.27 1519.11
105072 3113.43 2375.09
105073 1355.47 1823.05
105074 1543.11 1481.46
105076 3439.63 1463.48
105077 3213.1 1549.26
105080 4048 2473.49
105081 3373.7 2403.69
105082 4070.79 1982.18
105083 4070.79 1982.18
105084 2999.66 1997.55
105086 3582.05 2331.57
105087 3582.18 2331.64
105090 4512.77 1565.54
105092 3971.2 1742.73
105094 4481.25 2415.06
105095 3459.5 2336.71
105097 3783.72 2410.96
105100 1745.81 2169.27
105101 4440.31 2285.95
105102 4361.86 2338.35
105103 4361.86 2338.35
105105 4905.51 1772.49
105106 2003.02 1734.19
105107 4962.3 1553.91
105108 2051.74 1855.19
105109 5010.89 2466.92
105110 4534.68 2016.09
105111 3004.49 1862.84
105112 1423.24 1506.36
105113 3417.98 1830.48
105114 3040.45 2049.48
105115 3145.59 1673.26
105116 5001.61 1374.91
105117 5187.16 2557.53
105118 3601.62 1643.77
105119 4547.98 1980.98
105120 4547.98 1980.98
105122 5358.93 1486.99
105123 1703.35 2043.46
105124 4987.47 2675.35
105125 2185.07 1830.31
105127 1883.5 1846.39
105128 3117.08 1674.49
105129 3973.72 2467.71
105130 3104.14 2022.34
105131 1942.5 1624.64
105132 5164.76 2111.76
105133 2227.04 1465.96
105137 3729.74 2559.05
105141 2561.41 1726.96
105143 3480.68 1480.88
105144 3417.1 2576.13
105146 4179.64 1809.4
105147 4179.64 1809.4
105148 4682.07 1429.56
105149 4682.07 1429.56
105150 3048.69 1973.03
105153 4954.23 2448.68
105154 4631.03 2373.48
105155 3317.91 2420.4
105156 3317.91 2420.4
105157 3317.91 2420.4
105158 3557.63 2178.75
105161 4393.27 2486.55
105162 5079.82 1789.11
105163 4846.13 2324.81
105164 4846.13 2324.81
105165 3940.3 2335.59
105166 4456.19 2506.14
105167 1523.46 2039.07
105168 5137.18 2349.54
105170 4795.48 2260.17
105171 4794.56 2259.99
105173 1946.24 1645.02
105175 4012.43 2319.7
105176 4553.26 1372.84
105178 3259.46 1824.79
105179 5273.88 2678.5
105180 4063.89 2385.03
105181 3534.73 2441.54
105182 4555.14 1711.02
105183 3395.9 2173.86
105184 3395.9 2173.86
105185 3401.28 1300.53
105188 4940.04 1716.59
105189 3260.54 1742.96
105190 4123.4 2275.83
105191 4066.91 2096.88
105192 4790.78 2479.59
105193 2995.77 1834.62
105194 2995.77 1834.62
105195 3438.7 1663.27
105198 5088.14 2186.64
105199 4582.46 2363.8
105200 4582.46 2363.8
105201 4065.81 2193.67
105202 4672.97 2313.82
105203 2323.74 2065.39
105204 3325.51 2283.08
105206 4305.9 2362.99
105208 1792.87 1939.67
105209 3511.01 2450.33
105210 4614.19 2044.35
105211 4370.73 2375.13
105212 3475.78 2605.73
105213 3475.78 2605.73
105214 5070.98 2231.87
105215 4057.37 2520.86
105216 4536.97 1926.6
105217 5329.83 2613.42
105218 2696.83 1865.66
105219 3862.07 1747.69
105220 2508.5 1555.76
105221 2384.01 1846.02
105222 3578.56 1230.6
105223 4942.91 1937.69
105224 5416.21 2730.47
105225 3236.06 1745.58
105227 3412.5 1307.59
105229 2767.63 1750.64
105230 2352.77 1482.88
105231 5458.4 2030.16
105235 3262.36 1868.19
105236 2268.33 2139.8
105237 3602.41 2186.7
105239 3089.59 2095.12
105240 3443.16 2530.02
105241 3443.16 2530.02
105244 5119.9 1901.1
105246 3611.84 1488.24
105247 3630.24 1568.16
105249 2306.19 2057.09
105250 4485.88 2318.12
105251 4485.88 2318.12
105252 4485.88 2318.12
105253 1763.51 1967.05
105254 3200.89 1999.46
105257 2298.22 1486.63
105258 3793.09 2347.12
105259 1304.87 1927.57
105260 3573.02 2340
105261 3304.23 1991.39
105262 3252.84 1695.18
105263 3427.94 2008.66
105264 3641.49 1988
105265 4727.06 1783.68
105268 3046.23 2150.74
105269 4510.93 2473.73
105273 3486.25 2483.77
105274 5431.72 2724.9
105275 3396.5 2191.65
105277 4506.32 2566.71
105278 4506.32 2566.71
105279 1349.57 1845.58
105281 5352.21 2669.96
105282 4583.55 2344.32
105283 4583.55 2344.32
105285 3102.13 1828.35
105286 3485.71 1311.62
105287 4282.51 1510.89
105288 4404.58 2254.81
105289 1758.13 1459.44
105290 3389.24 2449.41
105292 1621.25 1907.95
105293 3832.83 2156.28
105295 2175.93 1767.01
105296 1434.11 1940.47
105302 5317.73 2116.45
105303 3302.75 2418.32
105304 3917.02 2480.02
105305 3917.02 2480.02
105307 4286.86 1827.23
105308 5386.17 2726.51
105309 4324.16 2431.64
105310 4364.62 2416.66
105311 2509.88 1414.11
105312 3931.04 1944.83
105314 3751.92 2297.53
105316 1797 1624.63
105317 2762.09 1895.13
105318 1558.91 1936.07
105319 1721.76 2053.3
105320 3420.08 2708.35
105321 3212.52 1995.36
105322 3212.54 1995.36
105323 1851.26 2062.61
105325 4108.77 2323.3
105327 1209.01 1850.39
105328 3395.12 2039.04
105330 2540.6 1964.36
105335 3905.59 1781.69
105336 2426.92 2017.35
105337 1455.82 1985.02
105338 3081.18 1981.08
105339 4671.69 2351.23
105340 3342.45 2231.87
105342 3931.71 1889.51
105343 3931.71 1889.51
105344 1700.61 1968.71
105346 1881.89 1766.17
105347 2361.92 1842.69
105348 2763.81 1468.74
105349 2770.97 1387.2
105350 3405.16 2234.86
105351 4855.64 1771.54
105352 4718.6 2351.4
105353 1209.43 1601.23
105358 3221.59 1699.91
105359 1817.62 2027.48
105360 2784.43 1365.45
105362 5205.81 2063.34
105363 3699.91 1752.7
105366 3764.33 2475.79
105367 4918.91 2370.48
105368 4918.91 2370.48
105369 3581.23 1698.37
105370 4432 1808.6
105371 2275.1 1783.59
105372 1361.51 1948.13
105373 3205.1 1962.89
105374 3205.1 1962.89
105375 3186.32 1686.03
105376 5456.32 2742.56
105377 1234.35 1840.67
105379 4546.93 2155.81
105380 3385.08 2388.05
105381 5299.29 2118.48
105383 5421.07 2277.32
105384 3910.26 2367.99
105385 5202.87 2078.01
105386 3022.5 1591.29
105387 2770.43 1719.86
105390 4241.06 2178.8
105391 2454.13 1703.67
105392 2238.21 2106.15
105393 1528.35 2137.7
105394 5406.89 2496.16
105396 4061.62 2134.57
105397 3566.76 2216.78
105398 4317.13 2134.49
105399 3207.34 2187.43
105400 3140 2258.09
105401 5322.2 2030.36
105403 5378.77 3001.17
105404 5460.72 2521.79
105405 2706.89 2021.49
105406 5112.76 2377.43
105410 3487.31 1491.38
105411 4134.64 1740.95
105412 4073.26 2136.13
105413 1425.6 1810.18
105414 3057.19 1621.01
105415 1219.82 1603.38
105416 5431.7 1573.5
105419 5460.83 2246.08
105423 4767.57 2578.63
105424 3474.68 2474.94
105425 1387.51 1948.52
105426 4637.63 2547.56
105427 4069.25 2334.78
105428 3936.94 1784.58
105429 4336.36 2561.84
105430 5004.6 2642.92
105433 3560.44 1324.62
105434 3924.22 2464.81
105436 5151.78 2569.57
105437 5157.69 2084.87
105438 5251.22 1783.57
105439 5148.37 2046.13
105440 4643.18 2578.68
105441 3698.52 2171.5
105442 3291.27 2104.91
105443 4457.99 1816.32
105445 3186.53 2124.74
105448 5376.46 1480.95
105449 3472.18 2527.3
105450 3472.18 2527.3
105453 3252.61 1872.52
105455 5304.4 2564.46
105456 1398.23 1778.35
105457 4225.46 2356.76
105458 4909.6 2648.22
105460 5173.79 2174.41
105461 2793.95 1827.49
105462 3394.65 2293.26
105463 998.789 1813.39
105464 4398.39 2244.38
105465 3127.57 2284.83
105466 3523.02 2496.12
105469 2354.67 1749.08
105471 5245.54 2412.39
105472 3863.55 1901.64
105473 2012.87 2128.94
105474 2012.87 2128.94
105475 4038.48 1816.6
105476 2017.92 1605.86
105477 4926.78 1514.63
105478 2904.02 2025.53
105479 3614.72 1892.33
105480 3613.92 2127.66
105481 3613.92 2127.66
105482 3404.46 1325.85
105483 3667.57 1360.95
105484 4570.06 1509.23
105486 3952.15 1822.04
105487 3727.64 2196.84
105488 3637.95 1469.42
105489 3637.82 1469.47
105490 4974.08 1864.01
105491 3148.24 2161.01
105492 3809.97 2009.83
105493 4680.87 2303.05
105494 3557.31 1560.97
105495 1489.74 2079.92
105496 3420.39 2366.11
105497 1290.89 1638.08
105498 4173.3 1940.9
105499 4173.3 1940.9
105500 4371.64 1818.89
105501 3675.12 1611.28
105502 5313.12 2373.02
105503 4544.63 2219.58
105504 4845.43 2042.84
105505 4115.67 1874.88
105506 2032.91 1495.88
105507 1694.7 1925.31
105508 3424.79 2183.7
105509 3504.13 2121.79
105510 5306.04 2463.98
105511 3492.86 1513.01
105512 3936.91 2301.22
105513 3993.37 2304.71
105514 3993.37 2304.71
105515 3713.69 1998.08
105516 3713.69 1998.08
105517 4926.33 1625.86
105518 3064.67 2013.31
105519 3629.09 2060.29
105520 3629.09 2060.29
105521 1738.23 1804.73
105522 4011.87 2007.54
105523 5089.24 1627.9
105524 4307.03 1739.13
105525 3985.76 2215.65
105526 1977.14 1824.57
105527 4819.02 2279.02
105528 4892.04 2118.48
105529 4484.38 1972.61
105530 4760.97 2295.18
105531 2954.03 2128.76
105532 4999.7 1930.21
105533 4883.82 1799.4
105534 4884.8 1799.39
105535 4255.32 2476.35
105536 5436.66 1811.66
105537 3681.43 2492.82
105538 2000.95 1713.71
105539 4767.15 1773.9
105540 4919.24 2188.64
105541 1844.17 2285.19
105542 4952.28 1904.2
105543 1074.79 1816.34
105544 2936.31 1692.1
105545 3129.55 1630.94
105546 1917.47 2121.32
105547 1859.06 2013.48
105548 3659.05 1650.39
105549 3150.98 1790.04
105550 2269.34 2027.04
105551 4835.56 1693.36
105552 3789.53 2067.92
105553 4959.33 1982.64
105554 5077.49 1940.23
105555 3453.88 1829.27
105556 4790.37 1685.06
105557 5452.28 1327.57
105558 5039.93 2577.71
105559 5082.44 1902.91
105560 5048.01 2271.48
105561 2747.01 1812.8
105562 1384.67 1994.55
105563 3999.28 1744.24
105564 5315.81 1453.42
105565 4083.68 1850.55
105566 4876.89 1457.73
105567 1605.65 2110.43
105568 4498.51 2490.48
105569 2806.64 2004.46
105570 4781.54 2313.07
105571 2964.18 1874.52
105572 5354.63 2474.48
105573 4948.86 1938.6
105574 3396.27 1825.69
105575 2550.62 1986.14
105576 2550.62 1986.14
105577 5074.96 2082.61
105578 4087.67 1902.35
105579 5343.73 2040
105580 5434.26 1534.61
105581 5356.31 2880.23
105582 4823.94 1896.53
105583 3843.34 2236.57
105584 3201.1 1843.32
105585 3849.35 2349.37
105586 3926.92 2278.09
105587 3601.32 1931.8
105588 4182.14 2238.23
105589 1971.49 1715.62
105590 935.436 1739.13
105591 1836.24 1668.71
105592 1555.25 2155.29
105593 3771.89 2445
105594 3912.83 2436.15
105595 1508.25 1593.86
105596 3484.49 2590.79
105597 3473.9 2102.46
105598 4896.79 2200.76
105599 3183.98 1616.77
105600 3994.67 2215.89
105601 4916.82 1468.96
105602 5087.95 1991.35
105603 4864.68 2620.73
105604 3165.31 2299.3
105605 4364.52 2552.21
105606 2956.76 1687.61
105607 3443.52 1957.71
105608 3212.32 2310.65
105609 5408.83 1621.33
105610 3435.82 2178.53
105611 2187.35 1712.14
105612 1694.65 1633.28
105613 3903.42 1573.82
105614 3043.95 1911.65
105615 2441.31 2020.84
105616 4388.46 1406.74
105617 5070.52 2269.12
105618 2235.66 1858.41
105619 2929.73 2201.53
105620 1806.61 1394.82
105621 3210.2 1884.88
105622 1012.91 1810.02
105623 5113.36 2497.15
105624 4614.89 1904.61
105625 3908.06 1768.53
105626 4849.16 2603.28
105627 1117.73 1700.41
105628 4960.52 2230.59
105629 3368.77 1432.14
105630 4150.1 2428.36
105631 5302.95 2733.86
105632 4678.01 2263.22
105633 3395.23 2107.34
105634 4506.89 2567.22
105635 1212.61 1584.91
105636 1365.32 2012.13
105637 4673.01 1639.03
105638 1556.39 1854.54
105639 4694.93 2452.81
105640 2142.25 1841.61
105641 4390.96 2617.07
105642 5112.36 2464.06
105643 4367.23 2072.6
105644 3878.49 1397.35
105645 4089.84 2518.01
105646 5099.27 2418.5
105647 5282.65 2423.69
105648 5358.09 1841.14
105649 3188.25 1739.27
105650 2790.9 1787.99
105651 2191.2 1856.6
105652 3750.37 2011.62
105653 4127.1 2347.78
105654 3969.62 2485.13
105655 2440.69 1545.84
105656 4672.76 1617.03
105657 4968.59 2060.05
105658 4968.59 2060.05
105659 2972.27 2118.85
105660 4044.7 2289.33
105661 3655.08 2356.76
105662 4912.17 1535.44
105663 4656.37 2062.51
105664 2738.24 1658.08
105665 3053.59 1766.59
105666 4419.17 2586.66
105667 4255.96 2291.71
105668 4049.87 2413.4
105669 4621.61 2133.99
105670 4786.37 1636.4
105671 4455.53 2505.89
105672 2434.02 1929.54
105673 4852.78 2360.07
105674 4960.23 2351.11
105675 5219.27 2195.81
105676 2412.7 1813.1
105677 3394.99 1876.74
105678 4040.08 2534.99
105679 1264.38 1758.19
105680 4767.73 2626.19
105681 2981.58 1803.24
105682 1784.18 1396.01
105683 3087.61 1799.2
105684 4738.35 2010.78
105685 5260.05 2721.72
105686 4503.09 1616.37
105687 1968.73 2276.69
105688 4978.24 1953.22
105689 4986.42 1445.57
105690 3595.34 1518.12
105691 3341.43 2327.47
105692 3731.88 1973.77
105693 3158.5 2066.54
105694 5418.43 2777.21
105695 4397.31 2519.71
105696 2948.52 1828.04
105697 3680.92 1519.97
105698 3921.97 2494.36
105699 1014.21 1741.63
105700 5344.25 2614.8
105701 3518.1 2234.9
105702 3883.96 1965.72
105703 1585.52 2169.33
105704 4370.35 1948.28
105705 4116.98 2427.95
105706 1814.23 1603.88
105707 4267.98 2171.52
105708 4056.99 2427.15
105709 4716.6 2249.13
105710 1811.52 1925.02
105711 1811.52 1925.02
105712 5189.18 2665.07
105713 3385.6 2419.84
105714 4042.95 2493.91
105715 4978.43 2363.35
105716 5211.68 1696.39
105717 1386.73 1692.16
105718 4378.41 1794.17
105719 5041.41 1846.38
105720 2451.32 1895.66
105721 5218.75 2530.87
105722 4655.9 2181.11
105723 4655.9 2181.11
105724 4943.82 2307.54
105725 4943.82 2307.54
105726 1611.49 1656.94
105727 1867.43 2284.15
105728 4635.82 2061.16
105729 5233.72 1869.2
105730 4971.63 2446.23
105731 5420.83 1960.2
105732 4631.63 2591.3
105733 2018.93 1932
105734 1688.38 1474.1
105735 3931.07 1984.87
105736 3543.57 1381.31
105737 2548.64 1819.18
105738 5403.48 2739.41
105739 3820.78 2256.18
105740 5354.55 1690.72
105741 4186.69 2287.84
105742 3924.5 2464.95
105743 3197.65 2125.67
105744 3160.47 1567.14
105745 4179.24 2448.83
105746 4685.08 1877.24
105747 3291.99 2216.45
105748 5272.9 2746.51
105749 5327.25 2581.98
105750 4971.45 2060.79
105751 3537.14 2462.4
105752 4322.05 1749.22
105753 5047.38 1546.56
105754 3960.55 2323.72
105755 3902.04 1725.22
105756 3902.26 1725.2
105757 3813.95 1382.55
105758 3363.67 1360.63
105759 3499.46 2445.21
105760 3801.61 1814.83
105761 4751.47 1923.24
105762 3017.35 1981.97
105763 3342.44 2184.84
105764 1761.48 2150.38
105765 2451.64 1468.42
105766 5221.7 2710.48
105767 3907.91 2555.63
105768 4909.5 2489.49
105769 1439.76 2108.98
105770 3987.85 1447.28
105771 5427.21 2941.17
105773 5019.17 1673.37
105774 3899.86 1710.34
105775 4155.13 1812.98
105776 5056.38 1935.07
105777 3235.55 2209.73
105778 4855.01 2273.35
105779 4510.94 2194.83
105780 5078.85 1518.43
105781 4478.56 2265.75
105782 3440.72 2043.22
105783 5135.79 2614.17
105784 4823.63 2258.11
105785 3774.14 2244.84
105786 3810.01 2369.26
105787 4605.42 2541.54
105788 3972.64 2005.07
105789 2424.95 1770.51
105790 4341.84 2449.33
105791 3261.58 2066.93
105792 5193.18 2407.81
105793 3721.92 2417.79
105794 3506.21 1875.53
105795 5041.46 2214.47
105796 1742.04 1724.46
105797 3211.33 1561.87
105798 4974 2062.95
105799 4307.9 2458.87
105800 1277.9 1709.93
105801 3301.75 1942.88
105802 3498.26 2653.33
105803 3598.55 2425.39
105804 4292.07 2115.24
105805 2435.07 2024.41
105806 4529.12 2419.16
105807 2025.68 2218.99
105808 1154.19 1706.64
105809 5040.52 2297.86
105810 4402.86 1951.99
105811 4280.84 2292.1
105812 5326.69 2181.9
105813 4234.87 2090.38
105814 1575.62 1515.92
105815 4655.04 2158.74
105816 4655.04 2158.74
105817 2558.85 1672.65
105818 4183.22 2336.34
105819 3484.46 1786.75
105820 4848.08 2383.21
105821 3766.88 2006.14
105822 3720.1 2286.78
105823 5054.31 1407.27
105824 4441 1776.5
105825 4272.59 1986.74
105826 2374.04 1869.07
105827 5319.87 2620.73
105828 5053.32 2281.01
105829 2974.6 2168.74
105830 1623.64 2089.18
105831 4893.47 2309.11
105832 5366 2052.3
105833 4342.31 2380.36
105834 5428.33 1538.19
105835 1541.88 1848.87
105836 5126.45 1984.79
105837 3501.2 2352.81
105839 1293.26 1774.29
105840 3302.75 2418.32
105841 4301.56 2133.48
105842 4302.05 2133.57
105843 2751.33 2119.1
105844 4385.61 2602.51
105845 3414.46 2338.53
105846 4138.67 2259.16
105847 3093.22 2004.63
105848 2727.28 1739.42
105849 3890.77 2430.01
105850 4129.58 2232.31
105851 5346.84 2318.72
105852 4308.4 1907.61
105853 3136.51 1516.48
105854 3563.76 2398.68
105855 4794.32 2613.49
105856 3477.22 2322.38
105857 3477.22 2322.38
105859 3429.67 2050.54
105860 4672.16 2313.63
105861 3785.04 2184.51
105862 3993.54 2563.27
105863 5338.45 2077.36
105864 5338.45 2077.36
105865 5458.05 2902.39
105866 1914.85 1789.84
105867 1732.55 1412.25
105868 5409.87 2900.72
105869 4792.47 2630.63
105870 4220.55 2181.65
105871 1353.01 1666.86
105872 1353.01 1666.86
105873 1850.93 1910.68
105874 5061.18 2639.57
105875 4865.03 1833.14
105876 4409.45 2068.46
105877 5456.26 2768.95
105878 3961.79 2458.83
105879 5351.31 2776.05
105880 3711.5 2480.39
105881 4732.06 2255.86
105882 5187.2 2571.23
105883 5400.99 2981.13
105884 4305.9 2362.99
105885 3037.59 1917.78
105886 5129.08 2520.88
105887 5071.9 2414.93
105888 4477.81 2507.26
105889 4877.57 2367.55
105890 1315.19 1695.06
105891 1314.89 1695.03
105892 3884.93 2219.66
105893 4355.45 2020.58
105894 3779.42 2444.14
105895 4657.95 2519.1
105896 3948 2214.26
105897 3945.24 1527.58
105898 5111.41 2262.07
105899 3957.18 2401.18
105900 3579.57 2560.1
105901 4926.94 1830.42
105902 5186.52 1691.35
105904 1420.14 1856.52
105905 3679.63 1866.24
105906 5166.12 2427.79
105907 3182.98 1654.89
105908 2586.33 1381.8
105909 3001.7 2040.28
105910 3001.7 2040.29
105911 1410.54 2002.21
105912 4814.56 2382.5
105913 4814.56 2382.5
105914 4988.42 2049.25
105915 3294.81 2378
105916 4812.76 1550.6
105917 4103 2439.19
105918 5328.61 2689.85
105919 4448.99 2323.73
105920 3678.64 2184.59
105921 2159.14 2241.55
105922 2266.23 1837.87
105923 4399.1 2537.63
105924 4399.1 2537.63
105925 2221.78 2142.03
105926 1650.9 1708.51
105927 1999.8 2030.74
105928 3894.16 2283.64
105929 4932.77 1887.27
105930 2929.94 1611.42
105931 4699.84 1703.16
105932 2500.18 1383.91
105933 2705.12 1839.05
105934 4537.49 1895.37
105935 4358.27 2473.83
105936 5336.01 1884.33
105937 4652.74 2431.55
105939 4142.57 1764.61
105940 5229.85 2557.03
105941 4648.74 2488.66
105942 4821.37 1827.51
105943 1460.49 1736.09
105944 3720.7 2303.3
105945 2068.22 2248.06
105946 2640.32 1796.06
105948 4419.3 2488.08
105949 3526.1 2044.41
105950 3793.94 2511.6
105951 3586.29 2452.17
105952 3292.77 2407.52
105953 3341.96 2347.93
105954 3567.84 1800.07
105955 3598.12 1870.67
105956 5251.98 2021.44
105957 4308.38 2345.11
105958 1240.15 1873.87
105959 4429.86 2356.52
105960 1729.9 1987.88
105961 1729.9 1987.88
105962 3775.56 2069.02
105963 3775.56 2069.02
105964 2569.1 1774.8
105965 5039.45 2193.35
105966 5024.19 2041.16
105967 4531 2051.94
105968 5331.23 2458.37
105969 3508.27 2348.83
105970 3441.95 2146.97
105971 3432.78 2083.43
105972 3680.98 2402.64
105973 4423.82 2114.18
105974 5065.28 2478.87
105975 1757.03 1996.4
105976 4371.98 2524.33
105977 1707.41 1616.7
105978 2865.28 1697.88
105979 5228.8 1785.17
105980 3598.66 1686.29
105981 5440.45 2374.33
105982 4940.04 1716.59
105983 4784.65 2502.5
105984 3695.14 1286.65
105985 2338.57 1843.44
105986 4478.52 2559.33
105987 2972.74 2034.48
105988 3752.63 2308.32
105989 2911.38 1793.43
105990 2553.24 1807.32
105991 4315.93 1863.23
105992 1849.2 1921.58
105993 4474.02 2278.81
105994 5089.19 2031.29
105995 5089.19 2031.29
105996 3434.67 2506.26
105997 3896.69 2459.1
105998 5329.99 1769.15
105999 5010.75 1888.11
106000 1116.5 1709.74
106001 1916.89 2280.74
106002 3640.88 1902.24
106003 3640.88 1902.24
106004 5302.4 2030.05
106005 5445.73 2979.54
106006 3742.28 1726.23
106007 3702.64 1797.8
106008 3454.52 2358.37
106009 3454.61 2358.43
106010 3678.92 2303.85
106011 3395.42 1841.92
106012 3395.42 1841.92
106013 4528.29 2246.09
106014 4290.49 2411.26
106015 2442.6 2199.31
106016 5193.1 2755.33
106017 4520.99 1809.87
106018 4796.68 1758.73
106019 3432.21 2157.6
106020 4199.25 2218.52
106021 2942.25 1719.59
106022 3224.55 2164.88
106023 3930.8 1944.81
106024 4157.43 2462.21
106025 2741.47 2140.84
106026 3927.23 2202.49
106027 3927.23 2202.49
106028 5083.82 2481.66
106029 2900.78 1690.97
106030 1785.36 2203.36
106031 5164.89 2275.4
106032 4187.14 2572.36
106033 2144.3 1661.26
106034 1781.21 2275.24
106035 4742.96 2319.18
106036 4742.96 2319.18
106037 975.313 1859.96
106038 5129.83 2088.86
106039 3655.85 2550.53
106040 4584.86 2435.99
106041 2090.11 1710.01
106042 3982.16 1892.97
106043 3982.16 1892.97
106044 2380.53 2161.1
106045 3833.14 2240.36
106046 3833.14 2240.36
106047 3362.41 2562.7
106048 3986.86 2351.37
106049 3687.9 2267.43
106050 3806.68 1775.05
106051 4997.22 2586.18
106052 3594.74 2329.1
106053 3861.01 1846.15
106054 5098.35 2638.64
106055 3295.76 2428.7
106056 4278.07 1913.26
106057 5015.38 2099.64
106058 5014.27 2099.52
106059 3307.67 2399.84
106060 4473.08 1566.61
106061 3422.97 1564.44
106062 1459.94 2017.22
106063 4898.88 2426.02
106064 5406.02 2915.85
106065 5349.9 2797.17
106066 5232.01 2538.28
106067 3840.69 2146.32
106068 3384.23 2143.07
106069 4881.08 2500.32
106070 2871.64 1761.98
106071 3072.76 1972.56
106072 3467.82 2355.32
106073 3022.5 1591.29
106074 5057.47 2470.52
106075 2578.37 1872.76
106076 1016.03 1843.86
106077 3207.34 2187.43
106078 2543.64 1990.44
106079 4420.29 2282.5
106080 1765.03 2294.42
106081 1765.03 2294.42
106082 1786.82 1792.4
106083 3456.64 1326.99
106084 1936.06 1663.6
106085 3224.77 2296.64
106086 2812.51 1717.24
106087 5152.05 2644.95
106088 5022.45 2128.94
106089 5023.57 2129.08
106090 4760.25 1989.86
106091 3001.96 1670.49
106092 1401.27 1903.4
106093 905.4 1827.44
106094 2705.08 1769.13
106095 1398 1795.1
106096 4104.2 2260.18
106097 4104.2 2260.18
106098 4905.01 2477.34
106099 5159.57 2337.98
106100 4569.96 2037.95
106101 4679.42 2234.72
106102 3091.62 2034.88
106103 1705.52 2314.73
106104 4376.76 2108.2
106105 2007.65 2241.53
106106 4134.18 2102.28
106107 4134.18 2102.28
106108 5136.98 2255.57
106109 5428.01 2024.87
106110 2941.57 1652.07
106111 5384.03 2753.26
106112 3703.48 2154.16
106113 1750.65 1468.34
106114 3774.47 2181.77
106115 1780.78 2070.16
106116 3415.02 2680.22
106117 5127.34 2578.68
106118 3323.74 1821.82
106119 2459.3 1855.46
106120 3972.18 2397.53
106121 2838.26 1702.41
106122 3595.26 2106.23
106123 3767.74 2409.09
106124 1803.46 1477.66
106125 3389.98 2627.21
106126 4284.83 1949.33
106127 4437.54 1587.15
106128 3411.27 2326.97
106129 3411.27 2326.97
106130 1416.71 1815.22
106131 3883.68 2477.18
106132 2827.04 2108.88
106133 3768.34 1778.16
106134 4170.66 2267.26
106135 3512.69 2609.11
106136 3512.69 2609.11
106137 1938.57 2099.65
106138 4376.42 2125.02
106139 1379.29 2017.46
106140 5074.56 2616.08
106141 1377.93 1958.02
106142 4333 2460.36
106143 3460.48 2155.74
106144 4803.56 2415.54
106145 3736 1873.48
106146 4897.41 1836.27
106147 1201.17 1673.9
106148 4451.22 2475.18
106149 2512.86 1847.36
106150 4420.61 2410.02
106151 3664.52 2343.4
106152 2947.05 1675.53
106153 4749 2249.21
106154 5290.19 1800.39
106155 3632.05 1993.82
106156 3650.86 1323.35
106157 4318.48 2253.81
106158 1436.91 2145.7
106160 3043.38 1748.74
106161 1315.95 1936.37
106162 4683.81 2414.13
106163 4683.81 2414.13 
